Full: /100
X: [ 154.57886 -168.10772  -54.43324 -138.06026  -17.15048 -324.17308 -110.90793  426.33731 -286.62713   19.15863  492.53002  -34.63318 -329.64114 -306.50531   52.98089  127.52035 -364.76646  209.1542  -138.97588 -262.77033 -390.85079  284.91787  127.39416 -319.15696  165.23956 -425.90203  264.67751  459.54209  358.59334 -498.98659   19.13814  478.79891 -283.03612  254.69172  -33.81641  -77.54392 -196.89393   14.02717   77.08394  159.34445  126.01456 -444.76838  462.97749 -394.54345  102.88481  132.51863 -170.78534 -398.48948   77.02569  218.36085 -192.47151  484.10539  442.33725 -301.80679   -4.26436  -27.42772  274.35771  262.91696  130.78914  -53.73004  101.65666   -1.77916  -61.19134  194.7801  -213.70319  119.79284 -473.82915 -498.79178  381.82227  -40.82788  492.64721 -489.17993  214.85624 -269.51446 -130.85553 -409.98195   32.07395 -229.59171 -491.93265  326.4878   480.24698 -435.89219  233.16331  146.09003  -22.00549  252.85161    7.92221 -360.69305]
F: [9.20241]

Diag:
X: [8.27367e+09 7.75108e+09 9.09128e+09 4.84272e+09 4.75821e+09 4.97333e+09 2.29497e+09 2.46563e+09 4.99176e+09 5.92717e+09 5.41629e+09 5.50757e+09 6.41836e+09 1.81422e+09 9.37538e+09 2.53406e+09]
F: [9.50062]

Full: /1000
X: [-460.51152   92.9935    59.93823  298.32354  -75.31625 -111.30947   17.79598  294.28849  477.18789   90.07883  188.47596   64.23828   73.17355  262.60728   68.16507 -496.69991  376.47317   59.67795   58.74123  479.69466  107.28669 -219.90335  -69.1725    98.32019  -14.31672  334.71391  117.87988  429.00644   25.78202   67.14969 -405.63305  -74.08007 -270.69486 -217.74847  126.98494   99.15227  186.51689 -115.23144 -107.45724  146.22356 -138.85334  -38.79658   78.62204  146.0864   123.40344   34.85803   14.48828 -130.4354    98.23999  187.05597 -177.62076 -486.07784 -263.39694 -278.67049  392.86344   10.37307   67.88431  290.3755   -50.38298 -102.24784  326.27324 -420.2245   347.72282 -270.23234   16.72728  158.3997   398.98522  -91.88751  435.28286  146.17682  402.45422 -475.9021  -179.9464    49.82745  -16.10471  -69.96286  -91.06682 -171.22569  146.59572  314.27315   77.484    -42.17137 -321.43276  404.07827  -38.0373   472.88911  -45.63711  122.94889]
F: [7.26312]

Full: /10000
X: [-5.74214e+00  4.28833e+02  1.24403e+02 -1.22665e+02 -2.73008e+02  1.74476e+02 -1.79935e+02  2.41512e+02  1.97035e+02  4.34554e+02 -3.13937e+01 -7.59567e+01 -1.18137e+02 -6.63477e+00  1.06636e+02  7.02431e+01 -3.42030e+02  1.76977e+02 -1.22789e+02  1.31492e+02 -8.34619e+01  2.18772e+02 -4.54876e+02  8.24112e+01  2.35697e+02  1.83126e+02  1.02348e+02 -1.47500e+02  2.64303e+02 -2.59246e+02 -1.53990e+02  1.38250e+01  3.76869e+01  2.51117e+02  3.36744e+02 -2.03014e+02 -1.54692e+02 -2.17206e+02  1.34518e+02  1.70755e+02 -1.21883e+02 -2.62387e+02  1.23486e+02  4.57905e-01 -4.90776e+02  3.10924e+02 -3.66138e+02 -2.03704e+02  2.33867e+02 -2.20807e+02  2.29674e+02  4.28444e+02  2.08376e+02 -2.79105e+02 -4.56708e+02  3.45995e+02 -8.94972e+01  4.36156e+02 -2.50446e+01  1.95243e+02 -2.23440e+02 -2.85881e+02  7.81537e+01 -2.64823e+02 -3.02298e+01  4.16776e+01 -4.10179e+02 -2.10216e+02 -1.44692e+02  1.52415e+01  4.33083e+01 -1.22271e+02  1.17909e+02  1.15409e+02  2.45451e+01 -1.77571e+02  4.09854e+00 -2.28254e+01  1.48671e+02  3.50887e+02  1.87549e+02 -3.89820e+02  1.32547e+02  5.09270e+01 -2.79439e+01  3.41403e+02 -9.16247e+01  3.51774e+01]
F: [9.24371]

Diag:
X: [4084.26816 3849.18853 5429.28683 2202.59475 2779.06782 2707.37754  971.45171 1172.30791 1242.22025 2662.20099 1906.73384 2959.63033  913.03656  601.37886 4819.4668  1164.83373]
F: [9.3415]