x,y,z,vx,vy,vz,t
0.5,-0.5,0.0,0.0010000000474974513,-0.0010000000474974513,0.0,0.0
0.5,-0.5,0.0,0.0010000000474974513,-0.0010000000474974513,0.0,0.0
0.5002184919884565,-0.5002209395421829,0.0,0.000977829115770175,-0.0009999829725722941,0.0,0.2209412177262588
0.5021340039783915,-0.5024296643880982,0.0,0.0007561303455177008,-0.0009992131455025905,0.0,2.4303533949888467
0.503745732232251,-0.5049946898514837,0.0,0.0004983101298331788,-0.0009969432154873987,0.0,5.0
0.503745732232251,-0.5049946898514837,0.0,0.0004983101298331788,-0.0009969432154873987,0.0,5.0
0.503849273741708,-0.5052044491901245,0.0,0.00048040630154178157,-0.000985783402591608,0.0,5.211586565499895
0.5046766039727167,-0.5071717530188234,0.0,0.0003017288763074458,-0.0008736173687639802,0.0,7.3274522204988495
0.5051824452223191,-0.5093155940982746,0.0,7.699732353963056e-05,-0.0007304441861424344,0.0,10.0
0.5051824452223191,-0.5093155940982746,0.0,7.699732353963056e-05,-0.0007304441861424344,0.0,10.0
0.505196132761687,-0.5094601882609315,0.0,6.027579191018861e-05,-0.0007196865904620585,0.0,10.199422020703619
0.5051498390665292,-0.5107877723504108,0.0,-0.00010660046661225726,-0.0006115856098185668,0.0,12.193642227739804
0.5045223608798738,-0.5122887960407402,0.0,-0.0003403731347365793,-0.00045782336646118464,0.0,15.0
0.5045223608798738,-0.5122887960407402,0.0,-0.0003403731347365793,-0.00045782336646118464,0.0,15.0
0.5044507463440397,-0.5123816065827672,0.0,-0.00035741885189201204,-0.0004464963074429172,0.0,15.205260077930353
0.5035424386425169,-0.5131814230705994,0.0,-0.0005274967623093259,-0.0003326482477105464,0.0,17.25786085723388
0.5017856561752485,-0.5138832237499154,0.0,-0.0007536146147599602,-0.00017889676259657432,0.0,20.0
0.5017856561752485,-0.5138832237499154,0.0,-0.0007536146147599602,-0.00017889676259657432,0.0,20.0
0.5016266819228358,-0.5139193094356742,0.0,-0.000770759895139145,-0.00016712057918493158,0.0,20.208576202111495
0.4998405548394145,-0.5141446231222455,0.0,-0.0009417998614820717,-4.8740940351461355e-05,0.0,22.29433822322644
0.4969934512543817,-0.5140668993585918,0.0,-0.0011625358426216661,0.00010651482051172195,0.0,25.0
0.4969934512543817,-0.5140668993585918,0.0,-0.0011625358426216661,0.00010651482051172195,0.0,25.0
0.49674720915230974,-0.5140432257787663,0.0,-0.0011796348054883487,0.00011866226033290168,0.0,25.21026816514753
0.4940873676046531,-0.5136655302714048,0.0,-0.0013501823892715155,0.00024078646623758697,0.0,27.312949816622815
0.490167841239064,-0.5128069521222243,0.0,-0.001566937427286778,0.0003985901513291698,0.0,30.0
0.490167841239064,-0.5128069521222243,0.0,-0.001566937427286778,0.0003985901513291698,0.0,30.0
0.4898229897977145,-0.51271830469189,0.0,-0.001584532291778519,0.0004115284988483607,0.0,30.21885107968291
0.48616307526574637,-0.5116755367061789,0.0,-0.0017599760853201033,0.000541640445545563,0.0,32.40736187651201
0.48133194654902184,-0.5100696088458399,0.0,-0.001966607884484781,0.0006975122932161046,0.0,35.0
0.48133194654902184,-0.5100696088458399,0.0,-0.001966607884484781,0.0006975122932161046,0.0,35.0
0.4808852651947624,-0.5099103547469572,0.0,-0.0019845669527504732,0.0007111924533030607,0.0,35.226100428108495
0.47619557030812576,-0.5081470576658084,0.0,-0.0021635889128975606,0.0008487990397305211,0.0,37.487104709193446
0.47050998410415795,-0.5058201604869687,0.0,-0.002361319213367764,0.0010034734572997458,0.0,40.0
0.47050998410415795,-0.5058201604869687,0.0,-0.002361319213367764,0.0010034734572997458,0.0,40.0
0.46995927275310834,-0.5055853568932588,0.0,-0.0023795370812100397,0.0010178613168124358,0.0,40.23232559495096
0.4642198881290933,-0.5030527589164189,0.0,-0.002561080763150722,0.001162620904926333,0.0,42.55558154446053
0.4577273630843127,-0.50002290253604,0.0,-0.002750821434220886,0.001316680691613573,0.0,45.0
0.4577273630843127,-0.50002290253604,0.0,-0.002750821434220886,0.001316680691613573,0.0,45.0
0.4570713506705879,-0.4997081576413246,0.0,-0.0027692059404241806,0.0013317493618175901,0.0,45.23768438739018
0.4502714773212788,-0.4963629259556149,0.0,-0.002952346167700775,0.0014833937771985986,0.0,47.614528261292
0.44301081119844843,-0.492641044521399,0.0,-0.003134835762410295,0.0016373626098196191,0.0,50.0
0.44301081119844843,-0.492641044521399,0.0,-0.003134835762410295,0.0016373626098196191,0.0,50.0
0.4422491862284915,-0.4922425026078417,0.0,-0.0031533000479754443,0.0016530875233338616,0.0,50.24224180584995
0.4343875902478771,-0.4880466988409831,0.0,-0.0033371635381014924,0.0018113727951472086,0.0,52.66465986434945
0.4263885392943094,-0.48363658285072736,0.0,-0.003513045979127899,0.0019657774189940596,0.0,55.0
0.4263885392943094,-0.48363658285072736,0.0,-0.003513045979127899,0.0019657774189940596,0.0,55.0
0.42552206856529956,-0.4831509954238635,0.0,-0.003531502953797117,0.001982132689100091,0.0,55.24599741465716
0.416608378993287,-0.47807287678160043,0.0,-0.0037152129186929137,0.0021468025134652063,0.0,57.70597156122877
0.40789045604378665,-0.47297012792602494,0.0,-0.0038850868535223945,0.002302223308617632,0.0,60.0
0.40789045604378665,-0.47297012792602494,0.0,-0.0038850868535223945,0.002302223308617632,0.0,60.0
0.4069211678171373,-0.4723949918719883,0.0,-0.003903445068899209,0.002319178788074875,0.0,60.24890130357149
0.396977791959439,-0.4664104737816479,0.0,-0.004086079770536773,0.002489935071364859,0.0,62.73791433928643
0.3875484499250528,-0.460600672307975,0.0,-0.004250528535433641,0.002647051823703267,0.0,65.0
0.3875484499250528,-0.460600672307975,0.0,-0.004250528535433641,0.002647051823703267,0.0,65.0
0.3864798511261064,-0.4599344154295527,0.0,-0.0042686891737985545,0.002664570849066122,0.0,65.25086773095923
0.3755442008246901,-0.4530289941099967,0.0,-0.0044492514574034775,0.0028410512301982062,0.0,67.75954504055152
0.36539676343478045,-0.44648528157328504,0.0,-0.004608854853456301,0.0030006856831645695,0.0,70.0
0.36539676343478045,-0.44648528157328504,0.0,-0.004608854853456301,0.0030006856831645695,0.0,70.0
0.3642340463961568,-0.4457274651552756,0.0,-0.004626709857928904,0.0030187238170162195,0.0,70.25179112333572
0.3523606216200492,-0.4378982834280175,0.0,-0.00480410777939755,0.0032004893834632732,0.0,72.76970235669293
0.3414724974363991,-0.4305786807416733,0.0,-0.00495943228817902,0.0033636431408817597,0.0,75.0
0.3414724974363991,-0.4305786807416733,0.0,-0.00495943228817902,0.0033636431408817597,0.0,75.0
0.3402226826525952,-0.42973017731308755,0.0,-0.0049768636498189675,0.0033821483518155777,0.0,75.25156543547045
0.3274844698597874,-0.4209877995460912,0.0,-0.005149902117084518,0.0035686860828314402,0.0,77.76721979017499
0.3158163042019172,-0.41283269639173054,0.0,-0.005301464392322823,0.003736571982519664,0.0,80.0
0.3158163042019172,-0.41283269639173054,0.0,-0.005301464392322823,0.003736571982519664,0.0,80.0
0.31448827781112254,-0.41189580180907126,0.0,-0.00531834424162997,0.003755486543388404,0.0,80.25010353970771
0.3009770547656875,-0.4022652804386216,0.0,-0.005485723775211184,0.00394622944184387,0.0,82.7511389367848
0.2884733620766745,-0.39319549519890457,0.0,-0.005633922752187409,0.004120297969475228,0.0,85.0
0.2884733620766745,-0.39319549519890457,0.0,-0.005633922752187409,0.004120297969475228,0.0,85.0
0.28707781089751855,-0.3921739595281174,0.0,-0.005650113210886919,0.004139561920137512,0.0,85.24734954802169
0.27290341031579507,-0.38169504612025507,0.0,-0.00581042479548191,0.004333925435548285,0.0,87.72084502823857
0.2594947861094665,-0.3716105274082997,0.0,-0.005955438037825006,0.004515896063674549,0.0,90.0
0.2594947861094665,-0.3716105274082997,0.0,-0.005955438037825006,0.004515896063674549,0.0,90.0
0.2580440996121831,-0.3705095377539342,0.0,-0.005970789463764494,0.0045354510361087725,0.0,90.24327656824553
0.24333336068273725,-0.35923640542837,0.0,-0.006122491033893153,0.004732873698955589,0.0,92.67604225070087
0.2289397192159628,-0.3480150559096009,0.0,-0.006264130112018035,0.004924787474736269,0.0,95.0
0.2289397192159628,-0.3480150559096009,0.0,-0.006264130112018035,0.004924787474736269,0.0,95.0
0.22744799643372882,-0.3468412689698016,0.0,-0.006278474254590358,0.004944580782896525,0.0,95.23786480179488
0.2123448461050983,-0.3348427525777785,0.0,-0.0064198114729742675,0.005144568481335253,0.0,97.61651281974373
0.19687859163902605,-0.3223380333491882,0.0,-0.00655729599535933,0.00534890818822012,0.0,100.0
0.19687859163902605,-0.3223380333491882,0.0,-0.00655729599535933,0.00534890818822012,0.0,100.0
0.19536194583626315,-0.32109980734316823,0.0,-0.00657043068298712,0.005368895386239307,0.0,100.23105980144268
0.1800305788014811,-0.30846171106196546,0.0,-0.0066992640836144686,0.0055710506568080785,0.0,102.54165781586951
0.16339853790348557,-0.2944969036641382,0.0,-0.006830827062165823,0.005790977605586924,0.0,105.0
0.16339853790348557,-0.2944969036641382,0.0,-0.006830827062165823,0.005790977605586924,0.0,105.0
0.1618759795046309,-0.29320498224545366,0.0,-0.006842487278778612,0.005811119751721717,0.0,105.22270495064545
0.1465099750626485,-0.28003706150889013,0.0,-0.0069559657026818204,0.006015115303920496,0.0,107.44975445709996
0.12861292002106023,-0.26439277290724195,0.0,-0.00707807401673102,0.006254888508668693,0.0,110.0
0.12861292002106023,-0.26439277290724195,0.0,-0.00707807401673102,0.006254888508668693,0.0,110.0
0.12710836801705966,-0.26306197277185583,0.0,-0.007087875001887887,0.006275137193299106,0.0,110.2124179274963
0.11195133848776855,-0.24951524893311464,0.0,-0.007181791321892346,0.006480551313431739,0.0,112.33659720245934
0.092679420937378,-0.23190322977510172,0.0,-0.007287354170863385,0.0067462384669413535,0.0,115.0
0.092679420937378,-0.23190322977510172,0.0,-0.007287354170863385,0.0067462384669413535,0.0,115.0
0.09122635604258815,-0.23055672225841128,0.0,-0.007294677087894371,0.0067664754885582434,0.0,115.19929504522989
0.0766193565778709,-0.21686757378787322,0.0,-0.0073621821255211595,0.006972095939859856,0.0,117.19224549752877
0.055837951133708305,-0.19687301786166003,0.0,-0.007435968933199257,0.007272430701135499,0.0,120.0
0.055837951133708305,-0.19687301786166003,0.0,-0.007435968933199257,0.007272430701135499,0.0,120.0
0.05449240966414387,-0.1955556166079822,0.0,-0.00743974115656995,0.007292205827640383,0.0,120.18090421725817
0.0410046803051516,-0.18218293656591739,0.0,-0.00746904769512955,0.007492962739967169,0.0,121.98994638983991
0.018497589806291865,-0.1591126758399479,0.0,-0.007475412848040269,0.00783774803683792,0.0,125.0
0.018497589806291865,-0.1591126758399479,0.0,-0.007475412848040269,0.00783774803683792,0.0,125.0
0.017399537546565355,-0.15796004504483932,0.0,-0.007474062251946205,0.007854822206150426,0.0,125.14690148880685
0.006435215296640722,-0.1462955460786037,0.0,-0.0074501136953748675,0.008025914434375149,0.0,126.61591637687532
-0.01857561369809564,-0.11847905068123472,0.0,-0.007310047319815675,0.008408433204075236,0.0,130.0
-0.01857561369809564,-0.11847905068123472,0.0,-0.007310047319815675,0.008408433204075236,0.0,130.0
-0.01965244631441209,-0.11723848936858376,0.0,-0.007300912257581448,0.008424100790606813,0.0,130.1474002429354
-0.03033961983014242,-0.10470974489428127,0.0,-0.007195911744690543,0.008572998541411863,0.0,131.6214026722893
-0.05413852239384632,-0.0752562725279905,0.0,-0.006876759495136602,0.008844483606227109,0.0,135.0
-0.05413852239384632,-0.0752562725279905,0.0,-0.006876759495136602,0.008844483606227109,0.0,135.0
-0.05532626015890564,-0.07372566817749676,0.0,-0.006858188274111262,0.008855343873078023,0.0,135.17295086395458
-0.06702248593688172,-0.058325637140597394,0.0,-0.006665380938338197,0.008948687424899286,0.0,136.9024595035004
-0.08710894187172218,-0.030424245982064953,0.0,-0.0063014806860659175,0.009054668677511295,0.0,140.0
-0.08710894187172218,-0.030424245982064953,0.0,-0.0063014806860659175,0.009054668677511295,0.0,140.0
-0.08808317547607425,-0.02902203100312366,0.0,-0.0062829957218821855,0.009058153756645126,0.0,140.15483098501656
-0.09766782836751331,-0.014974429158450013,0.0,-0.006097709021732308,0.009085317314634822,0.0,141.70314083518215
-0.11712118351076073,0.015022321940468679,0.0,-0.005703999713064358,0.009103888940646893,0.0,145.0
-0.11712118351076073,0.015022321940468679,0.0,-0.005703999713064358,0.009103888940646893,0.0,145.0
-0.11789532379928189,0.016259628470074377,0.0,-0.005687861286156807,0.009103680834685306,0.0,145.13591113786478
-0.12551634922265767,0.028629423578927903,0.0,-0.005527029494490387,0.009098033706965405,0.0,146.4950225165126
-0.14416850724798266,0.06045676395770168,0.0,-0.005117548290550532,0.009057462774992423,0.0,150.0
-0.14416850724798266,0.06045676395770168,0.0,-0.005117548290550532,0.009057462774992423,0.0,150.0
-0.1450719967421362,0.062058782539315606,0.0,-0.0050970928614011,0.009054566266996822,0.0,150.17690093894356
-0.1539085916397264,0.07804830345176,0.0,-0.004893706151967625,0.009021632292678805,0.0,151.94591032837917
-0.16832425657169095,0.10549562373709784,0.0,-0.0045475884389016095,0.008949498197615723,0.0,155.0
-0.16832425657169095,0.10549562373709784,0.0,-0.0045475884389016095,0.008949498197615723,0.0,155.0
-0.16921520345775187,0.10725272927833276,0.0,-0.004525535225323668,0.008944293836118639,0.0,155.19639262944017
-0.1778874309479037,0.1247650784315911,0.0,-0.004306410297897662,0.008888657727736546,0.0,157.16031892384186
-0.1896715072170742,0.14987949752764734,0.0,-0.003994038846361031,0.008797543804691249,0.0,160.0
-0.1896715072170742,0.14987949752764734,0.0,-0.003994038846361031,0.008797543804691249,0.0,160.0
-0.19050527310283757,0.15172052819871754,0.0,-0.003971197984640549,0.00879040095871879,0.0,160.2093513070066
-0.1985810500013934,0.1700461944374674,0.0,-0.003744308977214243,0.00871572590061256,0.0,162.30286437707275
-0.20829017643359057,0.1934148901598601,0.0,-0.003456023007777095,0.008611324773675317,0.0,165.0
-0.20829017643359057,0.1934148901598601,0.0,-0.003456023007777095,0.008611324773675317,0.0,165.0
-0.2090428564119276,0.19529568343578266,0.0,-0.003432842721720505,0.008602520000158763,0.0,165.21852088155936
-0.2162922755907047,0.21399550415218976,0.0,-0.003202626929969412,0.008511493860195642,0.0,167.40372969715293
-0.2242560516483761,0.23594605423409643,0.0,-0.0029328247023247887,0.008396620995916825,0.0,170.0
-0.2242560516483761,0.23594605423409643,0.0,-0.0029328247023247887,0.008396620995916825,0.0,170.0
-0.22491232283470503,0.23783125143451253,0.0,-0.0029096494343744876,0.008386381477583141,0.0,170.22465542105087
-0.23118996497605546,0.25655452258394196,0.0,-0.002679530127910744,0.008281224850384314,0.0,172.47120963155956
-0.23764210629085802,0.2773402747273572,0.0,-0.0024240400395708524,0.008157060849068356,0.0,175.0
-0.23764210629085802,0.2773402747273572,0.0,-0.0024240400395708524,0.008157060849068356,0.0,175.0
-0.238191970980013,0.2791980684176046,0.0,-0.0024011838020193545,0.008145598484658376,0.0,175.22791285186557
-0.2434054361242237,0.2976302667441227,0.0,-0.0021742835192221717,0.008028407126376255,0.0,177.50704137052125
-0.2485200358752791,0.3174795998117258,0.0,-0.0019295562736847906,0.007895023016641937,0.0,180.0
-0.2485200358752791,0.3174795998117258,0.0,-0.0019295562736847906,0.007895023016641937,0.0,180.0
-0.2489580379174867,0.31928070725304886,0.0,-0.001907317786626798,0.007882552101199248,0.0,180.22831222108843
-0.25306014032798146,0.33713327664726905,0.0,-0.0016866035161371942,0.007755465004530567,0.0,182.51143443197273
-0.25696158704021527,0.3562559334960996,0.0,-0.0014495000740675187,0.007612128112605116,0.0,185.0
-0.25696158704021527,0.3562559334960996,0.0,-0.0014495000740675187,0.007612128112605116,0.0,185.0
-0.25728663720709594,0.35797411896225884,0.0,-0.001428156997139357,0.007598870968592733,0.0,185.2259134594979
-0.2602732541575949,0.37498952141550196,0.0,-0.0012163817433675623,0.007464117876769184,0.0,187.48504805447678
-0.26303962712482637,0.3935680226054065,0.0,-0.0009841875402485565,0.007309526569623859,0.0,190.0
-0.26303962712482637,0.3935680226054065,0.0,-0.0009841875402485565,0.007309526569623859,0.0,190.0
-0.2632547055981113,0.39518044201693187,0.0,-0.0009639920371206616,0.007295716650769191,0.0,190.2207999855556
-0.26516148214093543,0.4111354000518425,0.0,-0.0007636507490682041,0.0071556434338915596,0.0,192.4287998411116
-0.2668289833256494,0.42931958376485996,0.0,-0.0005340821900210907,0.006988077197503585,0.0,195.0
-0.2668289833256494,0.42931958376485996,0.0,-0.0005340821900210907,0.006988077197503585,0.0,195.0
-0.26694068877154536,0.43080587371216517,0.0,-0.0005152718688212425,0.006973971555683775,0.0,195.212904195499
-0.26783862627826155,0.44550229264852537,0.0,-0.00032870931797217555,0.006831163605124813,0.0,197.34194615048892
-0.2684070908996279,0.4634181540581431,0.0,-9.976035022920594e-05,0.006648463423284488,0.0,200.0
-0.2684070908996279,0.4634181540581431,0.0,-9.976035022920594e-05,0.006648463423284488,0.0,200.0
-0.2684254792237006,0.46475760389392595,0.0,-8.25944190111304e-05,0.006634379372263382,0.0,200.20168113005406
-0.2684199556374974,0.4779948100269866,0.0,8.763867048177712e-05,0.00649203157735004,0.0,202.2184924305946
-0.26785448498762654,0.4957744197630817,0.0,0.0003181170471165558,0.006291271152055205,0.0,205.0
-0.26785448498762654,0.4957744197630817,0.0,0.0003181170471165558,0.006291271152055205,0.0,205.0
-0.2677857376725971,0.4970965913070455,0.0,0.00033531519589476795,0.006275846513150283,0.0,205.21041754741213
-0.2669004136025208,0.510138635131172,0.0,0.000505688762127888,0.006120023311543499,0.0,207.31459302153348
-0.2652551638370321,0.5263018693837751,0.0,0.00071882790992583,0.0059170422402528185,0.0,210.0
-0.2652551638370321,0.5263018693837751,0.0,0.00071882790992583,0.0059170422402528185,0.0,210.0
-0.26509312037693306,0.527617859004667,0.0,0.0007362461670554668,0.005899966358885318,0.0,210.2227279489826
-0.2632607676587596,0.5405672482931437,0.0,0.0009085580658900767,0.0057275079380684464,0.0,212.45000743880854
-0.26069684539568466,0.554916669856924,0.0,0.0011016083359232974,0.005526311240672931,0.0,215.0
-0.26069684539568466,0.554916669856924,0.0,0.0011016083359232974,0.005526311240672931,0.0,215.0
-0.26043887405177485,0.5561985532029975,0.0,0.0011189236297516408,0.005507742686940141,0.0,215.23235027210526
-0.25763960279870796,0.5687786455251705,0.0,0.0012899595639475688,0.005320278325618673,0.0,217.5558529931579
-0.25427113589399825,0.5815376958342553,0.0,0.001465668562246531,0.0051196304655159045,0.0,220.0
-0.25427113589399825,0.5815376958342553,0.0,0.001465668562246531,0.0051196304655159045,0.0,220.0
-0.25391778371960017,0.5827624859394309,0.0,0.0014826116392166902,0.0050997239544581475,0.0,220.23969996354256
-0.25016285678927136,0.594746422218099,0.0,0.0016496977107145513,0.0048988411472843255,0.0,222.6366995989682
-0.24607362613413247,0.6060866624745711,0.0,0.001810205991910838,0.004697586691778134,0.0,225.0
-0.24607362613413247,0.6060866624745711,0.0,0.001810205991910838,0.004697586691778134,0.0,225.0
-0.24562850657150634,0.6072340076862811,0.0,0.0018265309075715128,0.004676521622118552,0.0,225.24479011668183
-0.24095969811602996,0.6184222934532997,0.0,0.0019872348057336387,0.004464055901837358,0.0,227.6926912835001
-0.23620392942339918,0.628488325900172,0.0,0.002134415543857307,0.004260811762073979,0.0,230.0
-0.23620392942339918,0.628488325900172,0.0,0.002134415543857307,0.004260811762073979,0.0,230.0
-0.23567373294355634,0.6295401779544006,0.0,0.0021498939700379956,0.004238802326745677,0.0,230.24750568077047
-0.2301634046827323,0.6397575524363429,0.0,0.0023019706221218492,0.00401693851260311,0.0,232.7225624884752
-0.22476567399883685,0.6486707251996332,0.0,0.0024374975254173345,0.003809988768864208,0.0,235.0
-0.22476567399883685,0.6486707251996332,0.0,0.0024374975254173345,0.003809988768864208,0.0,235.0
-0.22415984878688616,0.6496120648777072,0.0,0.0024519277264853875,0.003787276552535777,0.0,235.24780996873602
-0.21790736345458475,0.6587144417367106,0.0,0.0025934071280595667,0.0035584715906540137,0.0,237.72590965609623
-0.21186646141756457,0.6665654475471388,0.0,0.0027186633840288626,0.0033458552366102757,0.0,240.0
-0.21186646141756457,0.6665654475471388,0.0,0.0027186633840288626,0.0033458552366102757,0.0,240.0
-0.21119644371341936,0.6673851890802834,0.0,0.0027318833094180962,0.003322690082928083,0.0,240.2458530029446
-0.20431998755319225,0.6752680205687237,0.0,0.002861196039040678,0.003089477399195762,0.0,242.70438303239075
-0.1976178013231683,0.6821079038585869,0.0,0.002977139411770937,0.0028692042476446493,0.0,245.0
-0.1976178013231683,0.6821079038585869,0.0,0.002977139411770937,0.0028692042476446493,0.0,245.0
-0.1968960844212168,0.68279923998515,0.0,0.002989033653380401,0.002845825952226381,0.0,245.24193594035225
-0.18952309753257077,0.6894003183014371,0.0,0.0031050749210624956,0.002610629517515129,0.0,247.66129534387474
-0.18213503183390417,0.6952376071045687,0.0,0.003212168798293677,0.0023808844525598067,0.0,250.0
-0.18213503183390417,0.6952376071045687,0.0,0.003212168798293677,0.0023808844525598067,0.0,250.0
-0.18137449658277555,0.6957976399005332,0.0,0.0032226657958832053,0.002357515682396751,0.0,250.23638035079088
-0.1736350448911602,0.7010931157585331,0.0,0.0033247648843002004,0.002122578978770261,0.0,252.6001838586997
-0.16553723341217452,0.7058984492799478,0.0,0.003423012193637425,0.0018817995849523266,0.0,255.0
-0.16553723341217452,0.7058984492799478,0.0,0.003423012193637425,0.0018817995849523266,0.0,255.0
-0.1647509680865889,0.7063274717597082,0.0,0.0034320751695813686,0.0018586522735707716,0.0,255.22939586813465
-0.15677621340342576,0.7103247857348044,0.0,0.003519905748562906,0.0016261039060292456,0.0,257.5233545494811
-0.14794714273555412,0.7140389760615965,0.0,0.003608947155833471,0.0013729080743528647,0.0,260.0
-0.14794714273555412,0.7140389760615965,0.0,0.003608947155833471,0.0013729080743528647,0.0,260.0
-0.14714878998918124,0.7143398546723937,0.0,0.003616563928577225,0.0013502014465897872,0.0,260.22098142063
-0.1390747627504223,0.7170719677613718,0.0,0.003690045978870872,0.001122237593708256,0.0,262.4307956269298
-0.12949107154802278,0.7196126606689355,0.0,0.0037692667264489807,0.0008552231604780731,0.0,265.0
-0.12949107154802278,0.7196126606689355,0.0,0.0037692667264489807,0.0008552231604780731,0.0,265.0
-0.12869582125332762,0.7197906307124383,0.0,0.0037754412612280605,0.0008332158178230279,0.0,265.2108098799983
-0.1206735869440349,0.7213146326274426,0.0,0.0038346631087647206,0.0006124230104484466,0.0,267.31890867998123
-0.11029883405286209,0.722578180312576,0.0,0.0039032774579351166,0.00032981385408046605,0.0,270.0
-0.11029883405286209,0.722578180312576,0.0,0.0039032774579351166,0.00032981385408046605,0.0,270.0
-0.10952576257338914,0.7226413897981959,0.0,0.00390802309438835,0.00030886890639930176,0.0,270.19793651250774
-0.10174497153841408,0.7230450892348604,0.0,0.003953185798283828,9.887690703965434e-05,0.0,272.1773016375851
-0.09050368439546409,0.7228997002097286,0.0,0.004010297370242189,-0.00020219296527943648,0.0,275.0
-0.09050368439546409,0.7228997002097286,0.0,0.004010297370242189,-0.00020219296527943648,0.0,275.0
-0.08973008646658658,0.722858724899468,0.0,0.004013868684920042,-0.00022282625445969317,0.0,275.19281686633576
-0.08195774462174064,0.722229870802809,0.0,0.0040473404829431065,-0.0004295803974606366,0.0,277.12098552969337
-0.07024226445019487,0.7205471710934878,0.0,0.004089653900131856,-0.0007396092186058977,0.0,280.0
-0.07024226445019487,0.7205471710934878,0.0,0.004089653900131856,-0.0007396092186058977,0.0,280.0
-0.0694277799654852,0.7203977793683395,0.0,0.004092227630142029,-0.0007611036960534899,0.0,280.1990944853715
-0.06125646328454434,0.7186682527494535,0.0,0.004115506932878272,-0.0009763899385205664,0.0,282.1900393390867
-0.04965456041144121,0.7154966468806812,0.0,0.004140682452830055,-0.0012811808726732189,0.0,285.0
-0.04965456041144121,0.7154966468806812,0.0,0.004140682452830055,-0.0012811808726732189,0.0,285.0
-0.0488483530063323,0.7152451795489678,0.0,0.0041420850563770855,-0.0013023327881495927,0.0,285.19467085010155
-0.0407729039437385,0.7125038841805709,0.0,0.004153698075104666,-0.0015140692309737356,0.0,287.141379351117
-0.02888386498560911,0.7077306296276488,0.0,0.004162725639096519,-0.0018255817574114814,0.0,290.0
-0.02888386498560911,0.7077306296276488,0.0,0.004162725639096519,-0.0018255817574114814,0.0,290.0
-0.028139329830092607,0.7074023756648053,0.0,0.004162968389824698,-0.001845090245522455,0.0,290.1788522588089
-0.02069289621282294,0.7039278777843411,0.0,0.004163308095241274,-0.002040260903167397,0.0,291.96737484689777
-0.008076740640980658,0.6972384490552753,0.0,0.0041551336394351065,-0.0023714059027725633,0.0,295.0
-0.008076740640980658,0.6972384490552753,0.0,0.0041551336394351065,-0.0023714059027725633,0.0,295.0
-0.0074869330462431025,0.69690070903778,0.0,0.0041544794596779545,-0.0023869089539102937,0.0,295.1419578261898
-0.0015946328926081128,0.6934022703888884,0.0,0.004146592041092332,-0.00254192889425123,0.0,296.5615360880879
0.012617022313553335,0.6840166839929899,0.0,0.0041172659317707345,-0.002917158415181555,0.0,300.0
0.012617022313553335,0.6840166839929899,0.0,0.0041172659317707345,-0.002917158415181555,0.0,300.0
0.013251694161084486,0.6835656212742166,0.0,0.004115611236902715,-0.0029339692457684857,0.0,300.1541797493964
0.01958350580290337,0.6789124914145919,0.0,0.004097441433111254,-0.003101980186589371,0.0,301.69597724336046
0.03304446028707743,0.6680696329829601,0.0,0.004048494635961188,-0.0034612449140905607,0.0,305.0
0.03304446028707743,0.6680696329829601,0.0,0.004048494635961188,-0.0034612449140905607,0.0,305.0
0.033793824598266096,0.6674268576963072,0.0,0.00404534778605729,-0.003481340775653057,0.0,305.18516882425666
0.04125387159066159,0.6607946174567064,0.0,0.004011489628184796,-0.0036820255321674206,0.0,307.0368570668233
0.053049512177790185,0.6494098411983836,0.0,0.0039482096714966415,-0.004001959537649542,0.0,310.0
0.053049512177790185,0.6494098411983836,0.0,0.0039482096714966415,-0.004001959537649542,0.0,310.0
0.05385093892345824,0.6485947954607886,0.0,0.003943462895551767,-0.0040238272028249745,0.0,310.203106715304
0.06181010012263595,0.6402004084064801,0.0,0.003893066394087964,-0.0042420035991435,0.0,312.2341738683439
0.07247312594985367,0.6280586908710151,0.0,0.003815825931671858,-0.004537471485672143,0.0,315.0
0.07247312594985367,0.6280586908710151,0.0,0.003815825931671858,-0.004537471485672143,0.0,315.0
0.07329689437995895,0.6270758202378139,0.0,0.003809374249850798,-0.004560465771448475,0.0,315.2160644468794
0.08145536361908308,0.6169744388544706,0.0,0.003741488467533643,-0.004789635422645448,0.0,317.37670891567325
0.09115340644870625,0.6040470627601551,0.0,0.0036507926123904334,-0.005065809986235669,0.0,320.0
0.09115340644870625,0.6040470627601551,0.0,0.0036507926123904334,-0.005065809986235669,0.0,320.0
0.09197816003718465,0.6028986695836599,0.0,0.003642547775382785,-0.0050895052804759335,0.0,320.2261658621167
0.10012017552207056,0.5911208449453123,0.0,0.0035563557984951326,-0.005325367062063667,0.0,322.4878244832839
0.10892581512489263,0.5774160772085821,0.0,0.0034526046505715473,-0.005584847376962725,0.0,325.0
0.10892581512489263,0.5774160772085821,0.0,0.0034526046505715473,-0.005584847376962725,0.0,325.0
0.10973287588809157,0.5761058721011895,0.0,0.0034425046353495797,-0.005608882345510775,0.0,325.2340961667115
0.11767011981364799,0.5626955427797423,0.0,0.003337446975555608,-0.0058477811344496465,0.0,327.5750578338263
0.12562343295581277,0.5482179252907412,0.0,0.003220816588941963,-0.006092279813733477,0.0,330.0
0.12562343295581277,0.5482179252907412,0.0,0.003220816588941963,-0.006092279813733477,0.0,330.0
0.12639468755960853,0.5467534769139673,0.0,0.0032088416059224104,-0.006116292214052036,0.0,330.2399048346101
0.13394561750661593,0.5317936918283345,0.0,0.0030847923518903574,-0.006354572080663584,0.0,332.63895318071127
0.14107729828616622,0.5165168041616731,0.0,0.002955058719470256,-0.00658560461547034,0.0,335.0
0.14107729828616622,0.5165168041616731,0.0,0.002955058719470256,-0.00658560461547034,0.0,335.0
0.1417945973423962,0.5149116298470399,0.0,0.0029412513773264507,-0.0066092020601053215,0.0,335.2433038309794
0.14877903470668813,0.49854601910591634,0.0,0.002798729672859094,-0.006842921630753175,0.0,337.67634214077356
0.15511683157899023,0.48238997701784436,0.0,0.002655055808512739,-0.007062092684576402,0.0,340.0
0.15511683157899023,0.48238997701784436,0.0,0.002655055808512739,-0.007062092684576402,0.0,340.0
0.1557626015290503,0.4806645076859068,0.0,0.0026395356506012167,-0.007084854774349428,0.0,340.2439350792123
0.16200824879787196,0.46310668448958514,0.0,0.002479851353643979,-0.007309815496274973,0.0,342.6832858713352
0.16757036140355094,0.4459289879012862,0.0,0.002320649085236966,-0.007518753587105767,0.0,345.0
0.16757036140355094,0.4459289879012862,0.0,0.002320649085236966,-0.007518753587105767,0.0,345.0
0.1681290968150037,0.4441094558105675,0.0,0.002303609336513116,-0.0075402629777008515,0.0,345.24165336410573
0.1734862604745371,0.4256308069966667,0.0,0.002128818650802809,-0.007752320473018674,0.0,347.65818700516303
0.17826576957345033,0.4072410775808828,0.0,0.001951822340713827,-0.00795228923372877,0.0,350.0
0.17826576957345033,0.4072410775808828,0.0,0.001951822340713827,-0.00795228923372877,0.0,350.0
0.178725500558548,0.40535682450045873,0.0,0.001933509411995577,-0.007972170772683983,0.0,350.2366487655995
0.1830809855541144,0.38625829388479627,0.0,0.0017461926560588244,-0.008167619272467456,0.0,352.6031364215946
0.18703128318246645,0.3664508704303604,0.0,0.0015487354048752736,-0.008359030694787719,0.0,355.0
0.18703128318246645,0.3664508704303604,0.0,0.0015487354048752736,-0.008359030694787719,0.0,355.0
0.18738418019728517,0.3645321733694963,0.0,0.0015294295783579016,-0.008376970698254787,0.0,355.22928963482275
0.19066656749659738,0.3451218693774457,0.0,0.0013324879182862314,-0.008552727708611197,0.0,357.52218598305024
0.1936964614625442,0.32370243698899365,0.0,0.0011117700995449042,-0.008734849629661222,0.0,360.0
0.1936964614625442,0.32370243698899365,0.0,0.0011117700995449042,-0.008734849629661222,0.0,360.0
0.19393865110537473,0.321780647646133,0.0,0.0010917877504224053,-0.008750587037770673,0.0,360.219815852822
0.19611627114647953,0.30237544153092183,0.0,0.0008884682500235041,-0.00890410453832618,0.0,362.41797438104226
0.1980934649798594,0.27916188575418976,0.0,0.0006415999410283364,-0.009075033343031651,0.0,365.0
0.1980934649798594,0.27916188575418976,0.0,0.0006415999410283364,-0.009075033343031651,0.0,365.0
0.1982248240181088,0.27727270384774766,0.0,0.0006213311319130662,-0.009088333613951343,0.0,365.2080209777857
0.1993043081359489,0.25823159984179994,0.0,0.00041561545261430176,-0.009217351627191409,0.0,367.2882307556425
0.20005877327213248,0.2330206989248535,0.0,0.00013930465484537138,-0.009374110276530378,0.0,370.0
0.20005877327213248,0.2330206989248535,0.0,0.00013930465484537138,-0.009374110276530378,0.0,370.0
0.20008369645475085,0.2312129907398761,0.0,0.00011931932743909816,-0.009384729915268312,0.0,370.19273121724115
0.20011941571421815,0.21302599577795991,0.0,-8.299450048668866e-05,-0.00948696643564294,0.0,372.1200433896526
0.19943566226589338,0.18550009160475545,0.0,-0.00039343199680447064,-0.009625614268740087,0.0,375.0
0.19943566226589338,0.18550009160475545,0.0,-0.00039343199680447064,-0.009625614268740087,0.0,375.0
0.1993569052300391,0.18362327084315927,0.0,-0.00041478168244288543,-0.009634352305909,0.0,375.19489331817095
0.19833891697033623,0.16476460282756053,0.0,-0.0006305670666125793,-0.00971701033797181,0.0,377.1438264998805
0.19607801232507371,0.13685670654674173,0.0,-0.0009539737244268287,-0.009821789260641579,0.0,380.0
0.19607801232507371,0.13685670654674173,0.0,-0.0009539737244268287,-0.009821789260641579,0.0,380.0
0.19588924770010066,0.13493520466832643,0.0,-0.0009764124617563067,-0.009828216321437207,0.0,380.1955724903274
0.193758904057733,0.11565484640431387,0.0,-0.0012027344434006168,-0.00988691450633696,0.0,382.15129739360117
0.18985645464448556,0.08738985449059011,0.0,-0.0015381236615080638,-0.00995328123064935,0.0,385.0
0.18985645464448556,0.08738985449059011,0.0,-0.0015381236615080638,-0.00995328123064935,0.0,385.0
0.18956993033815975,0.08554856982649629,0.0,-0.001560107306505632,-0.009956767971342846,0.0,385.1849601718386
0.18648026224243136,0.0671040144006354,0.0,-0.0017811410820087628,-0.009985795153255962,0.0,387.0345618902247
0.1806685121836365,0.03745002485976105,0.0,-0.0021391106024184104,-0.010008981227114655,0.0,390.0
0.1806685121836365,0.03745002485976105,0.0,-0.0021391106024184104,-0.010008981227114655,0.0,390.0
0.18032766479963772,0.035862292619441925,0.0,-0.002158346197018072,-0.010009373885150745,0.0,390.15862752481695
0.1767512123025254,0.01998430116383256,0.0,-0.0023509635488872375,-0.010008315325070157,0.0,391.74490277298645
0.16845507420322825,-0.01255299158742712,0.0,-0.00274606939277352,-0.009976434884685926,0.0,395.0
0.16845507420322825,-0.01255299158742712,0.0,-0.00274606939277352,-0.009976434884685926,0.0,395.0
0.16809947398763248,-0.01384108245757523,0.0,-0.0027616887063192683,-0.00997431350353205,0.0,395.12912700025294
0.16443273977324985,-0.026705240568467663,0.0,-0.002917430470617313,-0.009949363590890195,0.0,396.4203970027823
0.1532253477530944,-0.06214703015785766,0.0,-0.003342273630470825,-0.009843609383650895,0.0,400.0
0.1532253477530944,-0.06214703015785766,0.0,-0.003342273630470825,-0.009843609383650895,0.0,400.0
0.15263756328584346,-0.06387230770887405,0.0,-0.0033627145377209656,-0.009837013684949903,0.0,400.17532733488673
0.1465641284933436,-0.08105695331677855,0.0,-0.0035645870952436976,-0.009763674277863881,0.0,401.92860068375404
0.1350889382695988,-0.11080863126004206,0.0,-0.003904373929456403,-0.009602871310282538,0.0,405.0
0.1350889382695988,-0.11080863126004206,0.0,-0.003904373929456403,-0.009602871310282538,0.0,405.0
0.13432470035756688,-0.11268214131263529,0.0,-0.003925250746988285,-0.009591268658540713,0.0,405.19521660420696
0.1264618890844343,-0.13128662819337839,0.0,-0.004128496096333424,-0.009466440041631267,0.0,407.1473826462766
0.11428418725552389,-0.1579988577865947,0.0,-0.004405083240630226,-0.009256549707838672,0.0,410.0
0.11428418725552389,-0.1579988577865947,0.0,-0.004405083240630226,-0.009256549707838672,0.0,410.0
0.11337679458136737,-0.1598998340215702,0.0,-0.004423970098799596,-0.009240231599454385,0.0,410.2055464234695
0.10409527095725155,-0.17871924990271904,0.0,-0.004604552031077036,-0.00906897272859804,0.0,412.26101065816465
0.09118109660618193,-0.20322327379695745,0.0,-0.004820492713007603,-0.008820153300583678,0.0,415.0
0.09118109660618193,-0.20322327379695745,0.0,-0.004820492713007603,-0.008820153300583678,0.0,415.0
0.09018181138860755,-0.20504678597148662,0.0,-0.0048356107364452205,-0.008800497074763517,0.0,415.2069742303888
0.08002365400312454,-0.22305396839451186,0.0,-0.004977405406880446,-0.008598258756599381,0.0,417.27671653427706
0.06624349820205097,-0.24609199996271916,0.0,-0.005137934791235172,-0.008318823285149995,0.0,420.0
0.06624349820205097,-0.24609199996271916,0.0,-0.005137934791235172,-0.008318823285149995,0.0,420.0
0.06521981137814388,-0.2477456611141877,0.0,-0.005148509891536783,-0.008297905757375162,0.0,420.1990355818567
0.054873073860621936,-0.26405116662530537,0.0,-0.005245821955289628,-0.00808575498565732,0.0,422.1893914004239
0.03996479881844916,-0.2863475404345544,0.0,-0.005357939265218725,-0.0077789528149770516,0.0,425.0
0.03996479881844916,-0.2863475404345544,0.0,-0.005357939265218725,-0.0077789528149770516,0.0,425.0
0.038991675510270385,-0.2877577300842146,0.0,-0.0053641949225641345,-0.007758920184979829,0.0,425.18151639184083
0.02920198404415648,-0.30165894929577697,0.0,-0.005420493608082025,-0.007557555725337957,0.0,426.99668031024913
0.012811132051464481,-0.32385290352803014,0.0,-0.005489905164420236,-0.007221679433124556,0.0,430.0
0.012811132051464481,-0.32385290352803014,0.0,-0.005489905164420236,-0.007221679433124556,0.0,430.0
0.01200922467433067,-0.3249063182985024,0.0,-0.005492560725494436,-0.007205301861300256,0.0,430.14603397930625
0.003970597007006129,-0.3353088811896857,0.0,-0.005515658854412455,-0.007041455523860616,0.0,431.6063737723688
-0.014808454107049748,-0.3585592993033456,0.0,-0.005546460346894378,-0.006661196124471552,0.0,435.0
-0.014808454107049748,-0.3585592993033456,0.0,-0.005546460346894378,-0.006661196124471552,0.0,435.0
-0.015638936915423222,-0.3595553810769432,0.0,-0.005547118728167758,-0.006644463955173881,0.0,435.14972302487223
-0.02394759191088351,-0.36937857281217606,0.0,-0.005550674255478241,-0.006477453953463245,0.0,436.64695327359453
-0.04254810047961621,-0.39047395785764605,0.0,-0.005539858182189846,-0.006106030764137072,0.0,440.0
-0.04254810047961621,-0.39047395785764605,0.0,-0.005539858182189846,-0.006106030764137072,0.0,440.0
-0.04356147606824734,-0.3915891882098312,0.0,-0.005538552365945396,-0.006085890083487281,0.0,440.1829458336927
-0.05367968282541055,-0.40253933375459744,0.0,-0.005521752499717805,-0.005885267726396574,0.0,442.01240417061985
-0.07011897837387047,-0.4196366019727075,0.0,-0.005480546322538139,-0.005560947157173612,0.0,445.0
-0.07011897837387047,-0.4196366019727075,0.0,-0.005480546322538139,-0.005560947157173612,0.0,445.0
-0.0712221718262618,-0.42075413879695567,0.0,-0.005477168819145107,-0.0055392520351240085,0.0,445.20135443475044
-0.08221401905125358,-0.43169004537941846,0.0,-0.005439609826910421,-0.005323441210162971,0.0,447.21489878225486
-0.09727939951570344,-0.4461046156320232,0.0,-0.0053769490468984745,-0.005028449631552263,0.0,450.0
-0.09727939951570344,-0.4461046156320232,0.0,-0.0053769490468984745,-0.005028449631552263,0.0,450.0
-0.09843070111471762,-0.4471794196254746,0.0,-0.005371612260317547,-0.005005944049841775,0.0,450.21422409257485
-0.109878109503732,-0.45766332803743526,0.0,-0.005314628401617454,-0.004782272266186948,0.0,452.3564650183234
-0.12382523026988876,-0.4699443741095795,0.0,-0.00523571864992223,-0.004509755015399142,0.0,455.0
-0.12382523026988876,-0.4699443741095795,0.0,-0.00523571864992223,-0.004509755015399142,0.0,455.0
-0.12499614781068712,-0.4709510634045066,0.0,-0.005228585578353252,-0.004486881106054609,0.0,455.2237924938926
-0.13661486844645934,-0.4807376168318955,0.0,-0.0051538830634438905,-0.004259681420279143,0.0,457.4617174328183
-0.14958191876975277,-0.49122637383510925,0.0,-0.005062092775290713,-0.0040053672823495935,0.0,460.0
-0.14958191876975277,-0.49122637383510925,0.0,-0.005062092775290713,-0.0040053672823495935,0.0,460.0
-0.1507494378272279,-0.49214832183122537,0.0,-0.005053342521076491,-0.003982442321980881,0.0,460.23083889397924
-0.16231101414769186,-0.5010780591328801,0.0,-0.004962738740773235,-0.0037548198778248575,0.0,462.53922783377163
-0.17439826431352912,-0.5100225608523484,0.0,-0.004860222523189841,-0.0035154033386943086,0.0,465.0
-0.17439826431352912,-0.5100225608523484,0.0,-0.004860222523189841,-0.0035154033386943086,0.0,465.0
-0.17554236748472357,-0.5108482809205589,0.0,-0.004850042904407486,-0.003492683207884895,0.0,465.23564796444117
-0.18684912317944646,-0.5188123867453684,0.0,-0.004745422657857413,-0.003267143862702712,0.0,467.5921276088529
-0.19814167223822324,-0.526404891434213,0.0,-0.0046334368441747886,-0.003039773403758395,0.0,470.0
-0.19814167223822324,-0.526404891434213,0.0,-0.0046334368441747886,-0.003039773403758395,0.0,470.0
-0.19924463068820547,-0.527126723105005,0.0,-0.004622022512018859,-0.0030174764794330218,0.0,470.2383366332089
-0.21012245328324547,-0.5340541423781263,0.0,-0.004505330223655663,-0.0027961615730382984,0.0,472.6217029652981
-0.22069457070164233,-0.5404445693539148,0.0,-0.004384444328655917,-0.0025782790924049124,0.0,475.0
-0.22069457070164233,-0.5404445693539148,0.0,-0.004384444328655917,-0.0025782790924049124,0.0,475.0
-0.2217409782967411,-0.5410581931950359,0.0,-0.004371993954191821,-0.0025565926224800054,0.0,475.2390028273334
-0.23203947506058903,-0.5469107108377091,0.0,-0.004245209121002627,-0.002341340629235635,0.0,477.62903110066765
-0.2419517047431128,-0.5522116464881411,0.0,-0.004115484350769285,-0.0021306650956726854,0.0,480.0
-0.2419517047431128,-0.5522116464881411,0.0,-0.004115484350769285,-0.0021306650956726854,0.0,480.0
-0.24292870223806878,-0.5527157866338743,0.0,-0.004102196355362825,-0.0021097454681945327,0.0,480.2377791953274
-0.2525232066490615,-0.5574848917371066,0.0,-0.0039672920306958095,-0.0019020936971697224,0.0,482.6155711486013
-0.26181808338378837,-0.5617748117557275,0.0,-0.0038284389529640106,-0.0016966453398671658,0.0,485.0
-0.26181808338378837,-0.5617748117557275,0.0,-0.0038284389529640106,-0.0016966453398671658,0.0,485.0
-0.26271543213383364,-0.5621708616978299,0.0,-0.003814508165815311,-0.0016766194276136666,0.0,485.234817300694
-0.27150753397959293,-0.5658739262255131,0.0,-0.003673418568453539,-0.0014778165415832757,0.0,487.58299030763374
-0.28020741080162576,-0.5692012714697188,0.0,-0.0035249160170889252,-0.0012759148027380687,0.0,490.0
-0.28020741080162576,-0.5692012714697188,0.0,-0.0035249160170889252,-0.0012759148027380687,0.0,490.0
-0.2810172987469426,-0.5694928349001244,0.0,-0.003510534006163974,-0.0012568858036289877,0.0,490.23023044503907
-0.28893280615960065,-0.5721686031942514,0.0,-0.0033651593396269155,-0.0010679488258808123,0.0,492.53253489542976
-0.29704087732289364,-0.5745566676713995,0.0,-0.0032063110838427187,-0.0008681536919482328,0.0,495.0
-0.29704087732289364,-0.5745566676713995,0.0,-0.0032063110838427187,-0.0008681536919482328,0.0,495.0
-0.2977575108295716,-0.5747491400519784,0.0,-0.0031916722325182573,-0.0008502122050775781,0.0,495.2240184162251
-0.3047424242760254,-0.5764537787529322,0.0,-0.003043941289474796,-0.0006720353644594933,0.0,497.46420257847586
-0.31224621824459686,-0.5779050065072084,0.0,-0.0028738534435228617,-0.0004730277397586317,0.0,500.0
-0.31224621824459686,-0.5779050065072084,0.0,-0.0028738534435228617,-0.0004730277397586317,0.0,500.0
-0.31286529549919034,-0.5780053556596273,0.0,-0.002859169348416016,-0.000456268925703783,0.0,500.21596874750765
-0.31888077960442096,-0.5788106231318926,0.0,-0.0027111854712004876,-0.0002897928799422705,0.0,502.3756562225841
-0.32575697347094984,-0.5793085822888463,0.0,-0.0025286409340720168,-9.01864386631502e-05,0.0,505.0
-0.32575697347094984,-0.5793085822888463,0.0,-0.0025286409340720168,-9.01864386631502e-05,0.0,505.0
-0.3262750485542078,-0.5793255256111937,0.0,-0.0025141703199553856,-7.473861658016078e-05,0.0,505.2054706224935
-0.3312915826267198,-0.5793210853760212,0.0,-0.002368512945805048,7.876675028955719e-05,0.0,507.26017684742874
-0.3375118986151294,-0.5788278908839498,0.0,-0.002171666139841237,0.000280739316725468,0.0,510.0
-0.3375118986151294,-0.5788278908839498,0.0,-0.002171666139841237,0.000280739316725468,0.0,510.0
-0.3379708113470244,-0.5787667159890215,0.0,-0.002156254070093208,0.000296187016011237,0.0,510.21207065113293
-0.3423794790577985,-0.5779755307654549,0.0,-0.002001199684961831,0.00044966316587121997,0.0,512.3327771624622
-0.3474544907170001,-0.5765215309897314,0.0,-0.0018038363396757314,0.000640139641070032,0.0,515.0
-0.3474544907170001,-0.5765215309897314,0.0,-0.0018038363396757314,0.000640139641070032,0.0,515.0
-0.3478501768364914,-0.5763787530704183,0.0,-0.0017873649135995325,0.0006556940184717749,0.0,515.2203640381505
-0.3516066836272946,-0.5747632601641056,0.0,-0.0016217193210603074,0.000810194719726754,0.0,517.4240044196553
-0.3555326017474225,-0.5724460938025998,0.0,-0.001425988895851466,0.0009884278515451602,0.0,520.0
-0.3555326017474225,-0.5724460938025998,0.0,-0.001425988895851466,0.0009884278515451602,0.0,520.0
-0.35585008946136254,-0.57222297699561,0.0,-0.0014088187410388347,0.0010037526446185008,0.0,520.2239922059998
-0.35881273705412253,-0.56980383026661,0.0,-0.001236226057551921,0.0011559610238772353,0.0,522.463914265998
-0.361698120065641,-0.5666560428383841,0.0,-0.001038903214573487,0.001326042202028158,0.0,525.0
-0.361698120065641,-0.5666560428383841,0.0,-0.001038903214573487,0.001326042202028158,0.0,525.0
-0.3619278051141368,-0.5663587393313321,0.0,-0.0010214206377750043,0.0013408338622774977,0.0,525.2229598695436
-0.3640096292963318,-0.5632050929002045,0.0,-0.0008457756168053218,0.00148775797623655,0.0,527.4525585649798
-0.36590670565509115,-0.5592035856604091,0.0,-0.0006433104258866178,0.0016534473908943934,0.0,530.0
-0.36590670565509115,-0.5592035856604091,0.0,-0.0006433104258866178,0.0016534473908943934,0.0,530.0
-0.3660446602463011,-0.558842632139276,0.0,-0.0006259144846269513,0.0016674396824263972,0.0,530.2173836160738
-0.36721566657610355,-0.5550664954142273,0.0,-0.00045123152857402506,0.001806454900920008,0.0,532.3912197768117
-0.3681175692718109,-0.5501385388343722,0.0,-0.00023990137324518253,0.0019711357797601615,0.0,535.0
-0.3681175692718109,-0.5501385388343722,0.0,-0.00023990137324518253,0.0019711357797601615,0.0,535.0
-0.36816555220998776,-0.5497285581366551,0.0,-0.00022300526661699188,0.0019840917715394212,0.0,535.2073106752508
-0.36845228571673816,-0.5454816017415896,0.0,-5.34325034960859e-05,0.002112859214270417,0.0,537.2804174277591
-0.3682932885883253,-0.5395081871910242,0.0,0.00017066648883647893,0.002279628480639374,0.0,540.0
-0.3682932885883253,-0.5395081871910242,0.0,0.00017066648883647893,0.002279628480639374,0.0,540.0
-0.36825658046698323,-0.5390398219740845,0.0,0.000187642410029488,0.0022920722850013333,0.0,540.2048974810452
-0.3676977925127955,-0.5342164680446854,0.0,0.0003579564580085029,0.002415769801954148,0.0,542.2538722914976
-0.36639965762603144,-0.5273571369180706,0.0,0.0005877625955812525,0.002579476779616349,0.0,545.0
-0.36639965762603144,-0.5273571369180706,0.0,0.0005877625955812525,0.002579476779616349,0.0,545.0
-0.366270468954147,-0.5267974330536792,0.0,0.0006059609799742424,0.0025922646318726934,0.0,545.2164468637898
-0.36476150260370904,-0.5210487574361118,0.0,0.0007885180802260316,0.0027193566669349084,0.0,547.3809155016875
-0.362405568761015,-0.5137271598575085,0.0,0.0010107766581549465,0.0028712642903163544,0.0,550.0
-0.362405568761015,-0.5137271598575085,0.0,0.0010107766581549465,0.0028712642903163544,0.0,550.0
-0.36217541563963035,-0.5130780655784254,0.0,0.0010299903908037832,0.0028842453270171964,0.0,550.2255557000467
-0.3596350724754348,-0.5064267249465866,0.0,0.0012227018838442524,0.003013247878961141,0.0,552.4811127005137
-0.3562829287944937,-0.49865702469359247,0.0,0.0014391115542969645,0.003155610127373323,0.0,555.0
-0.3562829287944937,-0.49865702469359247,0.0,0.0014391115542969645,0.003155610127373323,0.0,555.0
-0.35594532331476714,-0.49792034380689254,0.0,0.0014591867451977617,0.003168691407582763,0.0,555.2329682081744
-0.35231158073881547,-0.49038658191617035,0.0,0.0016604998214962323,0.0032986962230563324,0.0,557.5626502899182
-0.34800661366736757,-0.48218230761675707,0.0,0.0018721748564080505,0.003433174062393305,0.0,560.0
-0.34800661366736757,-0.48218230761675707,0.0,0.0018721748564080505,0.003433174062393305,0.0,560.0
-0.34755665984510997,-0.4813601777924751,0.0,0.0018929783039485525,0.0034462924677076687,0.0,560.2390096765621
-0.3427831995239038,-0.47296709216074045,0.0,0.0021015479386855395,0.0035766891249079335,0.0,562.629106442183
-0.33755447049127374,-0.4643351705445455,0.0,0.0023093682026725957,0.0037046645209508565,0.0,565.0
-0.33755447049127374,-0.4643351705445455,0.0,0.0023093682026725957,0.0037046645209508565,0.0,565.0
-0.3369888688242192,-0.46343042467983525,0.0,0.002330769770638079,0.0037177728586524532,0.0,565.2437866534842
-0.3310454691872392,-0.4542078441418144,0.0,0.0025452807975754077,0.0038481117170821727,0.0,567.6816531883264
-0.324907380804965,-0.4451440892531924,0.0,0.0027500731741636956,0.003970850886402422,0.0,570.0
-0.324907380804965,-0.4451440892531924,0.0,0.0027500731741636956,0.003970850886402422,0.0,570.0
-0.3242246519800205,-0.444160579677601,0.0,0.002771934675337388,0.003983910382265381,0.0,570.2472756334829
-0.31709966046426635,-0.43414846178747957,0.0,0.0029909893162294704,0.004113828890523485,0.0,572.7200319683119
-0.3100494071493591,-0.4246335050229184,0.0,0.003193631674275175,0.004232582201515101,0.0,575.0
-0.3100494071493591,-0.4246335050229184,0.0,0.003193631674275175,0.004232582201515101,0.0,575.0
-0.30925021650423606,-0.4235763670275504,0.0,0.003215799980268776,0.00424555890393291,0.0,575.2493796117833
-0.3009539304219556,-0.4128275103415517,0.0,0.0034378477415037494,0.004374746704078476,0.0,577.7431757296163
-0.2929680577984673,-0.40282336055845436,0.0,0.003639317592444852,0.004490815413082188,0.0,580.0
-0.2929680577984673,-0.40282336055845436,0.0,0.003639317592444852,0.004490815413082188,0.0,580.0
-0.29205551752692677,-0.40169914337281565,0.0,0.0036616216835678498,0.004503679820771962,0.0,580.2499788986521
-0.28262322241309584,-0.3902804985275287,0.0,0.0038849284847500797,0.004631875948508434,0.0,582.7497678851731
-0.27365472604044583,-0.3797284605022165,0.0,0.004086294104889699,0.00474665837364215,0.0,585.0
-0.27365472604044583,-0.3797284605022165,0.0,0.004086294104889699,0.00474665837364215,0.0,585.0
-0.2726345563743236,-0.3785450595012781,0.0,0.004108545733306143,0.004759387977136895,0.0,585.2489785638859
-0.2621280253164898,-0.3665369808931128,0.0,0.004331198508006148,0.004886407426003012,0.0,587.7387642027447
-0.25210539875628973,-0.3553575628255454,0.0,0.004533546415551297,0.005001436342257141,0.0,590.0
-0.25210539875628973,-0.3553575628255454,0.0,0.004533546415551297,0.005001436342257141,0.0,590.0
-0.25098589720058256,-0.3541239606726441,0.0,0.004555542575149268,0.005014020408544993,0.0,590.2463396621308
-0.23949288444317435,-0.3416175000645868,0.0,0.004775470309534509,0.005139804069144602,0.0,592.709736283439
-0.2283217992494617,-0.3297120504983718,0.0,0.004979770942983155,0.005256796672191249,0.0,595.0
-0.2283217992494617,-0.3297120504983718,0.0,0.004979770942983155,0.005256796672191249,0.0,595.0
-0.2271136987024927,-0.32843798689806497,0.0,0.005001294331167115,0.005269242276539896,0.0,595.242078462439
-0.21474633646404037,-0.3155314691085814,0.0,0.0052162655449531645,0.0053939214090642845,0.0,597.6628630868296
-0.20231326798182409,-0.30278393088693734,0.0,0.005423181837614718,0.00551487916279187,0.0,600.0
-0.20231326798182409,-0.30278393088693734,0.0,0.005423181837614718,0.00551487916279187,0.0,600.0
-0.20102969864070075,-0.3014797012353327,0.0,0.0054439940543172674,0.005527217743298841,0.0,600.2362286521501
-0.18792406751190632,-0.28827662773477297,0.0,0.005651534458970487,0.0056511872555231385,0.0,602.598515173651
-0.17409997769615346,-0.2745527206502377,0.0,0.005861150007085662,0.005778603382431226,0.0,605.0
-0.17409997769615346,-0.2745527206502377,0.0,0.005861150007085662,0.005778603382431226,0.0,605.0
-0.1727568378352221,-0.2732293267517325,0.0,0.005880970695202044,0.005790898095104365,0.0,605.2287729049353
-0.15907686674581578,-0.2598398628796481,0.0,0.006078124603878756,0.005914903302386119,0.0,607.5165019542887
-0.14371875285070507,-0.2449804067789401,0.0,0.006289470532954933,0.006052174515106061,0.0,610.0
-0.14371875285070507,-0.2449804067789401,0.0,0.006289470532954933,0.006052174515106061,0.0,610.0
-0.14233591719101155,-0.2436503390068285,0.0,0.00630793038316035,0.006064529288480166,0.0,610.2195429239863
-0.12828601319641542,-0.2301992014068765,0.0,0.006490723368739094,0.006189776014060917,0.0,612.4149721638493
-0.1112344866112811,-0.21400295012465578,0.0,0.006700709706834005,0.006342005355174546,0.0,615.0
-0.1112344866112811,-0.21400295012465578,0.0,0.006700709706834005,0.006342005355174546,0.0,615.0
-0.10983873813498315,-0.2126822416968712,0.0,0.006717246787391256,0.006354572773814081,0.0,615.2080417517182
-0.09569425252578038,-0.19932952164571635,0.0,0.006879483991366692,0.006482818141444485,0.0,617.2884592688997
-0.07676515592596309,-0.18151552291549292,0.0,0.007079942053190248,0.00665834638264989,0.0,620.0
-0.07676515592596309,-0.18151552291549292,0.0,0.007079942053190248,0.00665834638264989,0.0,620.0
-0.07539756737187733,-0.18022935905699647,0.0,0.0070935520070742625,0.0066712985126705345,0.0,620.1929781113209
-0.06158099698233739,-0.16722785068147764,0.0,0.007223903819777246,0.006804427190790234,0.0,622.1227592245303
-0.04054514775139123,-0.14734857380116123,0.0,0.007391968387410444,0.007016853969082216,0.0,625.0
-0.04054514775139123,-0.14734857380116123,0.0,0.007391968387410444,0.007016853969082216,0.0,625.0
-0.039285223432106296,-0.14615216396612699,0.0,0.007400571489713504,0.007030012622503169,0.0,625.1703455708349
-0.02661166486749335,-0.1340626971701132,0.0,0.007475740974145604,0.00716505818341557,0.0,626.873801279184
-0.0031071824130735025,-0.11126073910643533,0.0,0.007543199720323175,0.007423438476190854,0.0,630.0
-0.0031071824130735025,-0.11126073910643533,0.0,0.007543199720323175,0.007423438476190854,0.0,630.0
-0.0022958224185889676,-0.11046179942876848,0.0,0.00754345126313699,0.007432287806510766,0.0,630.1075597997701
0.005815921671873842,-0.10242067826026738,0.0,0.007537027636359455,0.007518975258984717,0.0,631.1831577974713
0.034353769940020054,-0.07321461625547654,0.0,0.00738572585540572,0.007763064406516365,0.0,635.0
0.034353769940020054,-0.07321461625547654,0.0,0.00738572585540572,0.007763064406516365,0.0,635.0
0.03555282019887736,-0.07195285800418909,0.0,0.007375671227468907,0.007770315698445528,0.0,635.1624571486437
0.04744734599454618,-0.05927946927316786,0.0,0.007264802554049707,0.007827128121029578,0.0,636.7870286350811
0.07039311912152989,-0.034045299234537876,0.0,0.007014148747850488,0.007866261987170909,0.0,640.0
0.07039311912152989,-0.034045299234537876,0.0,0.007014148747850488,0.007866261987170909,0.0,640.0
0.07152074781186324,-0.03277950782761176,0.0,0.007001086384676155,0.007866166431556968,0.0,640.1609146523556
0.08268080946137209,-0.020127398629125375,0.0,0.006869457243090963,0.007856583429244992,0.0,641.7700611759115
0.10443982607425571,0.005168831539126492,0.0,0.006604027258111196,0.007799911689217465,0.0,645.0
0.10443982607425571,0.005168831539126492,0.0,0.006604027258111196,0.007799911689217465,0.0,645.0
0.10520457581057911,0.0060725550637071475,0.0,0.006594536663332509,0.0077971470520885496,0.0,645.1158837852959
0.1127916762985046,0.015091233808799051,0.0,0.006499862907876749,0.007767223392292487,0.0,646.2747216382545
0.136443181257399,0.043813976802548824,0.0,0.006198879389471038,0.007648078331032048,0.0,650.0
0.136443181257399,0.043813976802548824,0.0,0.006198879389471038,0.007648078331032048,0.0,650.0
0.13750679901985313,0.045127176819012134,0.0,0.006185134222568144,0.007641883508420521,0.0,650.171772732442
0.14801349864179203,0.058198989291282574,0.0,0.006048311278285431,0.007577213494508128,0.0,651.8895000568624
0.16644484156237827,0.0815723759918806,0.0,0.005803304301427961,0.007449433593500372,0.0,655.0
0.16644484156237827,0.0815723759918806,0.0,0.005803304301427961,0.007449433593500372,0.0,655.0
0.16756648185265757,0.08301324570478688,0.0,0.005788175364294597,0.007441081228424712,0.0,655.1935284400419
0.17862229870326757,0.09733158048089292,0.0,0.005637540900110663,0.0073554346512720034,0.0,657.1288128404605
0.19449025813105894,0.1182607251702081,0.0,0.005416077073829721,0.007222185077785039,0.0,660.0
0.19449025813105894,0.1182607251702081,0.0,0.005416077073829721,0.007222185077785039,0.0,660.0
0.1956153079185867,0.11976212839189745,0.0,0.005400124174491014,0.0072122612499310014,0.0,660.2080305188996
0.2066837077239981,0.13466141403259363,0.0,0.005241179854282616,0.007111395335237948,0.0,662.2883357078955
0.22061675167143133,0.15376245791655127,0.0,0.005035457008914189,0.006975981629751244,0.0,665.0
0.22061675167143133,0.15376245791655127,0.0,0.005035457008914189,0.006975981629751244,0.0,665.0
0.22171823111253722,0.15528970909200102,0.0,0.005018909304621175,0.006964846826897016,0.0,665.2191047309227
0.2325339978730985,0.17042705633132574,0.0,0.004853928872871923,0.006852234799390769,0.0,667.4101520401498
0.24485355963270564,0.1879980675960098,0.0,0.004659985354983252,0.0067164647687809505,0.0,670.0
0.24485355963270564,0.1879980675960098,0.0,0.004659985354983252,0.0067164647687809505,0.0,670.0
0.2459141361888562,0.18952809983248511,0.0,0.004642971448639825,0.006704365972299261,0.0,670.2280085197241
0.2563068724487356,0.2046758928083155,0.0,0.004473245379696011,0.006582381418125615,0.0,672.5080937169649
0.2672234847273275,0.22091050177010724,0.0,0.0042885389086072525,0.006447184445115119,0.0,675.0
0.2672234847273275,0.22091050177010724,0.0,0.0042885389086072525,0.006447184445115119,0.0,675.0
0.268230264391745,0.2224256064262953,0.0,0.004271152588312824,0.006434307637923063,0.0,675.235237401024
0.27807339835342265,0.237409389394116,0.0,0.004097628922019629,0.006304743585142961,0.0,677.5876114112646
0.2877444261620123,0.2524572184737919,0.0,0.003920267177568252,0.0061704990576853915,0.0,680.0
0.2877444261620123,0.2524572184737919,0.0,0.003920267177568252,0.0061704990576853915,0.0,680.0
0.28868697008703476,0.2539425077556142,0.0,0.0039025926772994738,0.006156997171125245,0.0,680.2409717284974
0.2978783974212794,0.26861590650237077,0.0,0.0037261246788856473,0.006021335876215105,0.0,682.6506890134709
0.3064305733297545,0.28260550817075125,0.0,0.0035545267003695372,0.005888039218803585,0.0,685.0
0.3064305733297545,0.28260550817075125,0.0,0.0035545267003695372,0.005888039218803585,0.0,685.0
0.3073001020424743,0.2840477899929236,0.0,0.0035366497136100124,0.005874047797117884,0.0,685.2452424672642
0.3157544533355706,0.29828143379144895,0.0,0.0033581046419397785,0.005733610491150304,0.0,687.6976671399066
0.3232933070912072,0.3113295581620282,0.0,0.0031908302146717855,0.0056009652184923495,0.0,690.0
0.3232933070912072,0.3113295581620282,0.0,0.0031908302146717855,0.0056009652184923495,0.0,690.0
0.32408246133955765,0.3127169214080307,0.0,0.0031728420065055027,0.005586610728789202,0.0,690.2480185314764
0.33172878594874544,0.326394367732794,0.0,0.002993141984131514,0.005442636281840082,0.0,692.7282038462406
0.33834188388687586,0.3386085116473723,0.0,0.002828810037900023,0.005310118583784653,0.0,695.0
0.33834188388687586,0.3386085116473723,0.0,0.002828810037900023,0.005310118583784653,0.0,695.0
0.33904476368747744,0.33993031973308974,0.0,0.0028108072672473885,0.005295521739322298,0.0,695.2492650903616
0.3458268815669993,0.352947970712647,0.0,0.002630927552171988,0.00514919711066249,0.0,697.741915993978
0.3515839648678289,0.3644251261274049,0.0,0.0024681920935662248,0.005016115788886029,0.0,700.0
0.3515839648678289,0.3644251261274049,0.0,0.0024681920935662248,0.005016115788886029,0.0,700.0
0.35219626377398877,0.3656722039075635,0.0,0.002450274107100994,0.005001391679502651,0.0,700.2489796325209
0.3580739931061704,0.3779410890890092,0.0,0.002271216102127839,0.00485385151444234,0.0,702.7387759577299
0.36302603535909866,0.3887648093453015,0.0,0.002108777568067992,0.0047194084779094815,0.0,705.0
0.36302603535909866,0.3887648093453015,0.0,0.002108777568067992,0.0047194084779094815,0.0,705.0
0.36354513567464175,0.38992963062837127,0.0,0.002091043123615608,0.00470466543870201,0.0,705.2472011988792
0.36849510974048993,0.4013771740036276,0.0,0.0019138016221689946,0.004556979748309824,0.0,707.7192131876715
0.3726737471482969,0.41161490124946004,0.0,0.0017504300731602408,0.004420323270662691,0.0,710.0
0.3726737471482969,0.41161490124946004,0.0,0.0017504300731602408,0.004420323270662691,0.0,710.0
0.3730987091073853,0.4126916374348259,0.0,0.0017329754250744467,0.004405662390837564,0.0,710.2439922617207
0.3771141722671021,0.42326206572962594,0.0,0.0015585194205740022,0.004258831077795229,0.0,712.6839148789275
0.38053220708314334,0.4329641203683963,0.0,0.0013930667978862448,0.004119088662386779,0.0,715.0
0.38053220708314334,0.4329641203683963,0.0,0.0013930667978862448,0.004119088662386779,0.0,715.0
0.38086366377644565,0.43394849971243954,0.0,0.0013759865086333631,0.004104605355350101,0.0,715.2394007532699
0.3839534039274013,0.44360142398722313,0.0,0.0012052672328354103,0.003959573621544126,0.0,717.6334082859693
0.3866062288305822,0.45280212264458625,0.0,0.001036652482076454,0.0038158536748792303,0.0,720.0
0.3866062288305822,0.45280212264458625,0.0,0.001036652482076454,0.0038158536748792303,0.0,720.0
0.3868462563128103,0.45369112545025203,0.0,0.0010200437227230246,0.003801642160025352,0.0,720.2334107587059
0.3890333810323478,0.46239856323270795,0.0,0.0008540375476816081,0.003659345199633951,0.0,722.5675183457646
0.3909005605194437,0.4711191381693612,0.0,0.0006811957056978216,0.0035107007184979676,0.0,725.0
0.3909005605194437,0.4711191381693612,0.0,0.0006811957056978216,0.0035107007184979676,0.0,725.0
0.3910526187289897,0.4719105726310698,0.0,0.0006651669095406153,0.0034968623807427085,0.0,725.2258800648495
0.39237413378820296,0.4796528636729045,0.0,0.0005049617263326464,0.0033583089951399426,0.0,727.484680713345
0.39342009843732395,0.48790566183142164,0.0,0.00032674696394042026,0.003203654521303806,0.0,730.0
0.39342009843732395,0.48790566183142164,0.0,0.00032674696394042026,0.003203654521303806,0.0,730.0
0.39348916200378853,0.48859761409332336,0.0,0.00031143346472065807,0.003190312705398719,0.0,730.2164390854385
0.39399756849533785,0.49535819193523983,0.0,0.00015838476988280865,0.003056733470548682,0.0,732.3808299398239
0.3941700949261766,0.5031521812437847,0.0,-2.6601761304695783e-05,0.0028946882589233384,0.0,735.0
0.3941700949261766,0.5031521812437847,0.0,-2.6601761304695783e-05,0.0028946882589233384,0.0,735.0
0.39416310506320584,0.5037481223039001,0.0,-4.115213334520336e-05,0.0028818894128089458,0.0,735.2063301303708
0.3939281524118669,0.5095621777192738,0.0,-0.00018656405443626893,0.0027537456354145783,0.0,737.269631434079
0.3931563676359515,0.5168489297915226,0.0,-0.00037871604378656923,0.002583727571324016,0.0,740.0
0.3931563676359515,0.5168489297915226,0.0,-0.00037871604378656923,0.002583727571324016,0.0,740.0
0.3930722525587767,0.5174099520296375,0.0,-0.0003940114303108544,0.0025701338577008353,0.0,740.2177094532796
0.3920480470073793,0.522857260364924,0.0,-0.0005468430675301024,0.0024340088523133376,0.0,742.3948039860751
0.3903855168782677,0.5289856556046587,0.0,-0.0007294167290086309,0.0022706529828035826,0.0,745.0
0.3903855168782677,0.5289856556046587,0.0,-0.0007294167290086309,0.0022706529828035826,0.0,745.0
0.3902189976350577,0.5294968680548884,0.0,-0.0007452149258300495,0.002256452562388371,0.0,745.2258451321553
0.3883576927309802,0.5344324264889944,0.0,-0.000903038132540567,0.002114225013663277,0.0,747.4842964537085
0.3858651576496136,0.5395513995282898,0.0,-0.0010784763344145545,0.001955301127023953,0.0,750.0
0.3858651576496136,0.5395513995282898,0.0,-0.0010784763344145545,0.001955301127023953,0.0,750.0
0.3856139160944761,0.5400018388801416,0.0,-0.0010945693805383253,0.0019406522079002638,0.0,750.2312344235952
0.38289699276410977,0.5443197182459898,0.0,-0.0012552982704329963,0.0017939013611844832,0.0,752.5435786595472
0.37960417350112685,0.5485342763553727,0.0,-0.0014256138797721638,0.0016374648600349705,0.0,755.0
0.37960417350112685,0.5485342763553727,0.0,-0.0014256138797721638,0.0016374648600349705,0.0,755.0
0.3792687010237593,0.5489156774313456,0.0,-0.0014418010417873552,0.0016225197573607971,0.0,755.2339894299504
0.3757058600303859,0.552537107594356,0.0,-0.001603422641464336,0.0014727670590262902,0.0,757.5738837294542
0.3716129999589437,0.5559212549717211,0.0,-0.001770488189800963,0.0013168927375076377,0.0,760.0
0.3716129999589437,0.5559212549717211,0.0,-0.001770488189800963,0.0013168927375076377,0.0,760.0
0.3711966569534081,0.5562277661302132,0.0,-0.0017865674194105722,0.001301806439785782,0.0,760.2340941200903
0.3668264500219716,0.5590983606438977,0.0,-0.0019470570474122006,0.0011506019957813161,0.0,762.575035320993
0.3619039468112779,0.5616979335153652,0.0,-0.002112688978039141,0.0009932875657075076,0.0,765.0
0.3619039468112779,0.5616979335153652,0.0,-0.002112688978039141,0.0009932875657075076,0.0,765.0
0.3614129777959207,0.561926161655191,0.0,-0.002128457196928129,0.0009782189040538627,0.0,765.2315265135996
0.3563027831376294,0.5640162541790185,0.0,-0.0022857820587558106,0.0008271537338733488,0.0,767.5467916495961
0.35049157067674813,0.5658483061039987,0.0,-0.0024517255599985975,0.0006663045023060094,0.0,770.0
0.35049157067674813,0.5658483061039987,0.0,-0.0024517255599985975,0.0006663045023060094,0.0,770.0
0.3499350984819057,0.5659973851399471,0.0,-0.0024669798507325957,0.0006514169764918456,0.0,770.2262676910186
0.344180864193018,0.5673025813369874,0.0,-0.002619111735801551,0.0005021317408575661,0.0,772.4889446012048
0.3373931116310577,0.5683545187271233,0.0,-0.002787012395050937,0.0003355486543374271,0.0,775.0
0.3373931116310577,0.5683545187271233,0.0,-0.002787012395050937,0.0003355486543374271,0.0,775.0
0.3367834264249401,0.5684261472817531,0.0,-0.0028015441440528512,0.0003210189274938493,0.0,775.2181905306682
0.3305125348030557,0.5689677408408643,0.0,-0.002946402148131117,0.00017528965601813006,0.0,777.4000958373497
0.3226290113019155,0.5691966127185234,0.0,-0.003117850796006643,5.725622390960808e-07,0.0,780.0
0.3226290113019155,0.5691966127185234,0.0,-0.003117850796006643,5.725622390960808e-07,0.0,780.0
0.321982834803647,0.5691952882757128,0.0,-0.003131423823840087,-1.3382766721578181e-05,0.0,780.2068004325002
0.3153670461628807,0.569022999266384,0.0,-0.0032666585196683205,-0.0001533750999191649,0.0,782.2748047575027
0.30622353473297853,0.5683522555144216,0.0,-0.0034434054987289397,-0.00033912628879307835,0.0,785.0
0.30622353473297853,0.5683522555144216,0.0,-0.0034434054987289397,-0.00033912628879307835,0.0,785.0
0.3054729534128141,0.5682768641504063,0.0,-0.003457432239506824,-0.00035402304720525156,0.0,785.2175333305967
0.2977998188826587,0.5673443042178757,0.0,-0.003597039194311567,-0.0005035402552819986,0.0,787.3928666365633
0.2882055250883864,0.5657964603029275,0.0,-0.0037626746770336203,-0.0006841072892945974,0.0,790.0
0.2882055250883864,0.5657964603029275,0.0,-0.0037626746770336203,-0.0006841072892945974,0.0,790.0
0.28735519210523386,0.5656403794469371,0.0,-0.003776909792136045,-0.0006998057178682935,0.0,790.2255648710542
0.27867593079600195,0.5638842915201578,0.0,-0.003918405524567059,-0.0008574563460046233,0.0,792.4812135815961
0.2686093286303547,0.5615013000967516,0.0,-0.004074451456581033,-0.0010349868923917325,0.0,795.0
0.2686093286303547,0.5615013000967516,0.0,-0.004074451456581033,-0.0010349868923917325,0.0,795.0
0.26766481027703043,0.5612598964357761,0.0,-0.004088676595372819,-0.0010513801670356383,0.0,795.2314107969703
0.25803944745756285,0.5586365781672172,0.0,-0.004229842407252726,-0.0012161001910491885,0.0,797.5455187666732
0.24747593893949452,0.5554356278119933,0.0,-0.004377274244276206,-0.0013924356524679113,0.0,800.0
0.24747593893949452,0.5554356278119933,0.0,-0.004377274244276206,-0.0013924356524679113,0.0,800.0
0.2464446471999004,0.5551060941784064,0.0,-0.004391272919902326,-0.0014094245736986477,0.0,800.2352251182323
0.23595173006049605,0.5515902216743341,0.0,-0.0045299050302212,-0.0015802214541630268,0.0,802.5874763005551
0.22485442386068996,0.5475648245837347,0.0,-0.004669362747496716,-0.0017571692765052608,0.0,805.0
0.22485442386068996,0.5475648245837347,0.0,-0.004669362747496716,-0.0017571692765052608,0.0,805.0
0.2237463859078223,0.5471463828695453,0.0,-0.004682906800967587,-0.0017746457690370296,0.0,805.2369558252383
0.2124908612996994,0.5427333601571803,0.0,-0.004816683534482154,-0.0019504299248047777,0.0,807.6065140776211
0.20080371713604958,0.5378506162031947,0.0,-0.004948535447596638,-0.002129929309019117,0.0,810.0
0.20080371713604958,0.5378506162031947,0.0,-0.004948535447596638,-0.002129929309019117,0.0,810.0
0.19963205101951528,0.5373448576856839,0.0,-0.0049613804230984266,-0.0021477664949769064,0.0,810.2364632423714
0.1877499851245525,0.5320543759215438,0.0,-0.005087819744519421,-0.002327248147555338,0.0,812.6010956660857
0.17539487856576766,0.5262510270354638,0.0,-0.005212104128583207,-0.0025114457998030673,0.0,815.0
0.17539487856576766,0.5262510270354638,0.0,-0.005212104128583207,-0.0025114457998030673,0.0,815.0
0.17417593274640725,0.5256622414849954,0.0,-0.005223991095356929,-0.002529492322838611,0.0,815.2336017399921
0.16183568518056735,0.5195415735864032,0.0,-0.005340474038724964,-0.0027111208623377143,0.0,817.5696191399129
0.14871394760152976,0.5127205904341687,0.0,-0.005456741748124518,-0.0029023693914089006,0.0,820.0
0.14871394760152976,0.5127205904341687,0.0,-0.005456741748124518,-0.0029023693914089006,0.0,820.0
0.14746725503165858,0.5120560763002339,0.0,-0.00546740257025642,-0.002920443915349307,0.0,820.2282451793382
0.13486869972162074,0.5051831105953563,0.0,-0.005571233574093692,-0.00310234931973027,0.0,822.5106969727198
0.12086552824986037,0.49721101460100825,0.0,-0.005678322914435678,-0.0033031529668170276,0.0,825.0
0.12086552824986037,0.49721101460100825,0.0,-0.005678322914435678,-0.0033031529668170276,0.0,825.0
0.11961405263421905,0.4964816345781903,0.0,-0.00568748595732042,-0.0033210310775982025,0.0,825.2202174274355
0.10699072574807852,0.4889704632639112,0.0,-0.005775963256628888,-0.0035008900073324766,0.0,827.4223917017905
0.09197722389539728,0.47967262880438105,0.0,-0.005871746965308274,-0.003713851996351044,0.0,830.0
0.09197722389539728,0.47967262880438105,0.0,-0.005871746965308274,-0.003713851996351044,0.0,830.0
0.09074879401630959,0.4788943257860118,0.0,-0.0058791430883352825,-0.0037312327274457457,0.0,830.2090784286542
0.0783819582763753,0.4709107716059605,0.0,-0.005949645133014357,-0.003905933260467284,0.0,832.2998627151957
0.06220494190982384,0.460057118327388,0.0,-0.0060307761054610816,-0.004133801492392909,0.0,835.0
0.06220494190982384,0.460057118327388,0.0,-0.0060307761054610816,-0.004133801492392909,0.0,835.0
0.06103698552167498,0.4592553093326086,0.0,-0.006036150703145974,-0.004150224574809161,0.0,835.1935795884291
0.04930261218061273,0.45106195776252067,0.0,-0.006086312763040465,-0.004315047400082818,0.0,837.12937547272
0.031738816751225904,0.4383222852398106,0.0,-0.0061479691950012145,-0.00456112322340679,0.0,840.0
0.031738816751225904,0.4383222852398106,0.0,-0.0061479691950012145,-0.00456112322340679,0.0,840.0
0.030696053584969872,0.43754763066758506,0.0,-0.006151113946859149,-0.004575706301002659,0.0,840.1695674919924
0.020241027015989108,0.4296649558651116,0.0,-0.006179287620739068,-0.004721736040667414,0.0,841.8652424119168
0.0008089099138981273,0.4144397525385886,0.0,-0.006214871039495668,-0.004992046470908114,0.0,845.0
0.0008089099138981273,0.4144397525385886,0.0,-0.006214871039495668,-0.004992046470908114,0.0,845.0
0.00021903086058906761,0.4139655764407772,0.0,-0.0062155939475666945,-0.005000223880164299,0.0,845.0949085790471
-0.005683140574756303,0.4091811497605997,0.0,-0.006221638457668908,-0.005081934610735299,0.0,846.0439943695183
-0.030311198435859242,0.3884063758960698,0.0,-0.006222710069739292,-0.005420138697838429,0.0,850.0
-0.030311198435859242,0.3884063758960698,0.0,-0.006222710069739292,-0.005420138697838429,0.0,850.0
-0.03135447675565272,0.3874964005334559,0.0,-0.006221837291731942,-0.005434338207360018,0.0,850.1676681753214
-0.04177678076726585,0.37826618669411516,0.0,-0.006208959009928577,-0.005575487761749454,0.0,851.8443499285355
-0.06130615816361726,0.36025907857337786,0.0,-0.006163858338293345,-0.005835788276330356,0.0,855.0
-0.06130615816361726,0.36025907857337786,0.0,-0.006163858338293345,-0.005835788276330356,0.0,855.0
-0.06249026963160794,0.3591361614192185,0.0,-0.006160159736577336,-0.005851340742912574,0.0,855.1921629456381
-0.07428845803058343,0.3477440376246097,0.0,-0.006117471274764607,-0.006004717372376243,0.0,857.1137924020188
-0.09182983792071507,0.3300903315796825,0.0,-0.006033999129156754,-0.006226574719542215,0.0,860.0
-0.09182983792071507,0.3300903315796825,0.0,-0.006033999129156754,-0.006226574719542215,0.0,860.0
-0.09308177352465004,0.3287960888536,0.0,-0.006027019519313865,-0.006242035795152589,0.0,860.2075999722555
-0.10551677788478037,0.3156798184749268,0.0,-0.00595083378603388,-0.006392903168926271,0.0,862.2835996948103
-0.12152746183796583,0.2980582121643335,0.0,-0.005834221356412086,-0.006579098780736745,0.0,865.0
-0.12152746183796583,0.2980582121643335,0.0,-0.005834221356412086,-0.006579098780736745,0.0,865.0
-0.12279884073793988,0.2966216929260188,0.0,-0.005823952017128929,-0.006593369514058898,0.0,865.2181090935134
-0.13538471508541355,0.2820892560284272,0.0,-0.005715114468554575,-0.006730877353506797,0.0,867.399200028647
-0.15006510692380312,0.26438400621415964,0.0,-0.005571665504284152,-0.00688196443925236,0.0,870.0
-0.15006510692380312,0.26438400621415964,0.0,-0.005571665504284152,-0.00688196443925236,0.0,870.0
-0.15131404771501286,0.26283815617707784,0.0,-0.005558533782987739,-0.006894206036852105,0.0,870.2244234692355
-0.16363728485089912,0.24723331851218494,0.0,-0.005422074408332005,-0.007010547621954556,0.0,872.4686581615904
-0.17715679768722767,0.22933505156800546,0.0,-0.005257940191304521,-0.0071284146526821085,0.0,875.0
-0.17715679768722767,0.22933505156800546,0.0,-0.005257940191304521,-0.0071284146526821085,0.0,875.0
-0.17834584867939698,0.22771956216600056,0.0,-0.005242693073065315,-0.007138138292403754,0.0,875.2264719830147
-0.1900433933912482,0.2114484610498462,0.0,-0.005086428720806162,-0.007229189447012776,0.0,877.4911918131614
-0.20257958010310673,0.19319869821940908,0.0,-0.0049061612499184904,-0.007317127368656339,0.0,880.0
-0.20257958010310673,0.19319869821940908,0.0,-0.0049061612499184904,-0.007317127368656339,0.0,880.0
-0.20367828235365332,0.19155652010589383,0.0,-0.004889661908623687,-0.007324219285921533,0.0,880.2243203715924
-0.2144597477795063,0.17505170811934823,0.0,-0.004722168392401494,-0.007389468686436672,0.0,882.4675240875164
-0.22617402692506766,0.1562573707994548,0.0,-0.004528320508583381,-0.007451112492665046,0.0,885.0
-0.22617402692506766,0.1562573707994548,0.0,-0.004528320508583381,-0.007451112492665046,0.0,885.0
-0.22716079702741848,0.15463014156738872,0.0,-0.004511373168498908,-0.007455750799044553,0.0,885.2183192507987
-0.2368238484910261,0.13830584787246092,0.0,-0.004340417547601212,-0.007497321163982488,0.0,887.4015117587855
-0.24783475157681015,0.11877161237180607,0.0,-0.004133957532998694,-0.007535821164067096,0.0,890.0
-0.24783475157681015,0.11877161237180607,0.0,-0.004133957532998694,-0.007535821164067096,0.0,890.0
-0.24869548837052557,0.11719912732943945,0.0,-0.004117248052698008,-0.007538346982073296,0.0,890.2086329125094
-0.25711053815928564,0.10144812037476783,0.0,-0.003949375528966269,-0.007559751647451669,0.0,892.2949620376036
-0.26749741197163324,0.08097222966412376,0.0,-0.003729997915019333,-0.007577497367492694,0.0,895.0
-0.26749741197163324,0.08097222966412376,0.0,-0.003729997915019333,-0.007577497367492694,0.0,895.0
-0.26822135495790345,0.07949832872135734,0.0,-0.0037141594240382657,-0.007578317227893724,0.0,895.1944996172898
-0.2752911191170381,0.0647525407935068,0.0,-0.003555440325187093,-0.007583602360459911,0.0,897.1394957901879
-0.28512661336522116,0.04305915190754685,0.0,-0.003321186260113083,-0.007582145731283264,0.0,900.0
-0.28512661336522116,0.04305915190754685,0.0,-0.003321186260113083,-0.007582145731283264,0.0,900.0
-0.28569810001873497,0.04175172228353173,0.0,-0.0033070421322909417,-0.007581706291652354,0.0,900.1724402338989
-0.29127876786896567,0.028682802710794778,0.0,-0.0031655178334064967,-0.007575316268750453,0.0,901.8968425728879
-0.3007064574935563,0.005204024449282262,0.0,-0.0029106640727703144,-0.0075550380768232865,0.0,905.0
-0.3007064574935563,0.005204024449282262,0.0,-0.0029106640727703144,-0.0075550380768232865,0.0,905.0
-0.30104581502415667,0.00432177738784766,0.0,-0.00290107332402905,-0.007554063413066029,0.0,905.1167835053775
-0.3043777942487728,-0.0044941028337489265,0.0,-0.0028051819348742166,-0.0075435112407689865,0.0,906.2846185591525
-0.31423385284711525,-0.03244565161059775,0.0,-0.0025004807670603625,-0.007500557718796382,0.0,910.0
-0.31423385284711525,-0.03244565161059775,0.0,-0.0025004807670603625,-0.007500557718796382,0.0,910.0
-0.3146418819637417,-0.03367270380548849,0.0,-0.0024870800844819484,-0.007498360532557085,0.0,910.1636187123208
-0.3186016419878946,-0.04592265278275541,0.0,-0.002353183352583385,-0.007474995144654608,0.0,911.7998058355292
-0.32571407227068294,-0.06976208150822022,0.0,-0.0020919811682838267,-0.007422216133868317,0.0,915.0
-0.32571407227068294,-0.06976208150822022,0.0,-0.0020919811682838267,-0.007422216133868317,0.0,915.0
-0.32610897450090237,-0.07116803678474867,0.0,-0.0020765465856141616,-0.0074188260672095555,0.0,915.1894684714638
-0.32989730102606474,-0.08519114983960052,0.0,-0.0019224206133209173,-0.007383252767866879,0.0,917.0841531861016
-0.3351579526291058,-0.10663302808072742,0.0,-0.0016860791081598746,-0.0073227415966328245,0.0,920.0
-0.3351579526291058,-0.10663302808072742,0.0,-0.0016860791081598746,-0.0073227415966328245,0.0,920.0
-0.3355004764053023,-0.10812749278076404,0.0,-0.0016695697809108515,-0.007318272855837622,0.0,920.2041476227507
-0.3387405706717266,-0.12302069905788639,0.0,-0.0015047937619311056,-0.007271819881264643,0.0,922.245623850258
-0.34258023455807696,-0.14295816934697678,0.0,-0.001283444455937183,-0.007204188397594936,0.0,925.0
-0.34258023455807696,-0.14295816934697678,0.0,-0.001283444455937183,-0.007204188397594936,0.0,925.0
-0.34285092378962806,-0.14448715973586912,0.0,-0.0012664260841121857,-0.007198764610787951,0.0,925.2123161569555
-0.3453593799517709,-0.159712414160682,0.0,-0.00109663997338281,-0.007142763238584411,0.0,927.3354777265101
-0.3479986771360763,-0.17864600143406137,0.0,-0.0008846296689838831,-0.007068044044585407,0.0,930.0
-0.3479986771360763,-0.17864600143406137,0.0,-0.0008846296689838831,-0.007068044044585407,0.0,930.0
-0.3481869080874455,-0.1801638984035455,0.0,-0.0008675848141053907,-0.00706182137855557,0.0,930.2148493801155
-0.3498681458166349,-0.19526806080435957,0.0,-0.0006975935293116977,-0.006997901667501287,0.0,932.3633431812709
-0.3514336973714431,-0.21361125335029185,0.0,-0.0004901557063818349,-0.006915326453902644,0.0,935.0
-0.3514336973714431,-0.21361125335029185,0.0,-0.0004901557063818349,-0.006915326453902644,0.0,935.0
-0.3515358239597164,-0.21507622306805996,0.0,-0.00047353829248407534,-0.006908496549136089,0.0,935.211948490784
-0.35236374230828926,-0.22964513857042096,0.0,-0.0003078572274372196,-0.0068386305357804105,0.0,937.3314333986244
-0.3529083676300699,-0.24777275919814185,0.0,-0.00010057097363804258,-0.006746669962134946,0.0,940.0
-0.3529083676300699,-0.24777275919814185,0.0,-0.00010057097363804258,-0.006746669962134946,0.0,940.0
-0.3529272465084392,-0.2491461272533529,0.0,-8.481644755603082e-05,-0.006739460649950656,0.0,940.20367111403
-0.3529399112860573,-0.26279805470981066,0.0,7.222661789424575e-05,-0.006665973394960498,0.0,942.2403822543305
-0.3524486597135913,-0.28105173569838804,0.0,0.0002835078899751181,-0.006562401860533491,0.0,945.0
-0.3524486597135913,-0.28105173569838804,0.0,0.0002835078899751181,-0.006562401860533491,0.0,945.0
-0.35238728358757304,-0.2824324891086494,0.0,0.0002995429582399143,-0.006554288211673052,0.0,945.2105337456392
-0.35158828181419827,-0.29614500213131173,0.0,0.0004593009561348154,-0.006471700618489074,0.0,947.3158712020308
-0.3500838596223975,-0.31337042279263594,0.0,0.0006613678662286799,-0.006362611534811201,0.0,950.0
-0.3500838596223975,-0.31337042279263594,0.0,0.0006613678662286799,-0.006362611534811201,0.0,950.0
-0.3499356056851197,-0.3147780199971034,0.0,0.0006779314136100199,-0.006353383047624194,0.0,950.2213899454835
-0.34825194148637273,-0.32874039822984885,0.0,0.0008428411550587002,-0.006259520053720975,0.0,952.435289400318
-0.3458470981407862,-0.3446510562875202,0.0,0.0010321810010012987,-0.006147214545075742,0.0,955.0
-0.3458470981407862,-0.3446510562875202,0.0,0.0010321810010012987,-0.006147214545075742,0.0,955.0
-0.34560741851156324,-0.34606571442001766,0.0,0.0010490606117958972,-0.006136882498661749,0.0,955.2303234068822
-0.34299749528509854,-0.36008004654673004,0.0,0.001216984602610621,-0.006031869431731272,0.0,957.5335574757046
-0.3397759537472718,-0.3748151512001634,0.0,0.0013949938514824143,-0.00591601315616856,0.0,960.0
-0.3397759537472718,-0.3748151512001634,0.0,0.0013949938514824143,-0.00591601315616856,0.0,960.0
-0.33944208099170164,-0.3762211214312078,0.0,0.0014120145766574911,-0.005904576403822549,0.0,960.2378848491405
-0.33588151850582626,-0.3901296912175205,0.0,0.001581186542337149,-0.005788410274519064,0.0,962.6167333405458
-0.33191308949856135,-0.403783080631577,0.0,0.0017487244052880905,-0.005668754264350539,0.0,965.0
-0.33191308949856135,-0.403783080631577,0.0,0.0017487244052880905,-0.005668754264350539,0.0,965.0
-0.33148380246327963,-0.4051664155769698,0.0,0.001765723399316325,-0.005656211582657364,0.0,965.2442981749009
-0.32696356283183564,-0.41882961612753716,0.0,0.0019344967123394391,-0.005528889866783474,0.0,967.68727992391
-0.3223068868542689,-0.43147393751410285,0.0,0.0020921664298616093,-0.005405184772065935,0.0,970.0
-0.3223068868542689,-0.43147393751410285,0.0,0.0020921664298616093,-0.005405184772065935,0.0,970.0
-0.3217825917392398,-0.4328213484299876,0.0,0.0021089797893288098,-0.005391545262589488,0.0,970.2495959728117
-0.3163100614881036,-0.4461064905271523,0.0,0.0022756983243408194,-0.005253173548846562,0.0,972.7455557009284
-0.3110120392535161,-0.45780566484134916,0.0,0.0024240013165383175,-0.005125103658147416,0.0,975.0
-0.3110120392535161,-0.45780566484134916,0.0,0.0024240013165383175,-0.005125103658147416,0.0,975.0
-0.3103950158883711,-0.4591039675187675,0.0,0.002440457742372723,-0.005110396420383544,0.0,975.253686069914
-0.30399660808190127,-0.4718799797961969,0.0,0.0026033955610268206,-0.004961287700269155,0.0,977.7905467690541
-0.298090068019199,-0.48269543506063406,0.0,0.0027428174123738675,-0.004828409523483469,0.0,980.0
-0.298090068019199,-0.48269543506063406,0.0,0.0027428174123738675,-0.004828409523483469,0.0,980.0
-0.29738474395471787,-0.4839314670794954,0.0,0.0027587377196920766,-0.004812691650567107,0.0,980.2564087220395
-0.2901086346983959,-0.4960682721685704,0.0,0.0029160975263644723,-0.00465344748510885,0.0,982.8204959424346
-0.28360972426676406,-0.5060602519203143,0.0,0.0030471363665700328,-0.004515141882413857,0.0,985.0
-0.28360972426676406,-0.5060602519203143,0.0,0.0030471363665700328,-0.004515141882413857,0.0,985.0
-0.2828228041248063,-0.5072212380548489,0.0,0.0030623389545357633,-0.004498502524907466,0.0,985.2576061974328
-0.2747400526109342,-0.5185934925823985,0.0,0.0032123096095842386,-0.004330052939973537,0.0,987.8336681717606
-0.2676472451249207,-0.5278177382010955,0.0,0.0033354450743282916,-0.004185514005288641,0.0,990.0
-0.2676472451249207,-0.5278177382010955,0.0,0.0033354450743282916,-0.004185514005288641,0.0,990.0
-0.2667875391101497,-0.5288919955304999,0.0,0.0033497563320251476,-0.004168072524706676,0.0,990.2571964849549
-0.25799005273011916,-0.5393860402461758,0.0,0.003490618120459209,-0.00399165460288862,0.0,992.8291613345036
-0.25028644013882684,-0.5478870637301105,0.0,0.003606231588216651,-0.0038399359266565285,0.0,995.0
-0.25028644013882684,-0.5478870637301105,0.0,0.003606231588216651,-0.0038399359266565285,0.0,995.0
-0.24936436706758552,-0.5488647796032382,0.0,0.003619497909562949,-0.0038218344390666434,0.0,995.2552191166018
-0.2399595693246309,-0.5583861417676474,0.0,0.0037497417478676203,-0.003638913313791874,0.0,997.8074102826196
-0.2316185943203294,-0.5661899612813408,0.0,0.0038580223739788076,-0.0034790263313677783,0.0,1000.0
-0.2316185943203294,-0.5661899612813408,0.0,0.0038580223739788076,-0.0034790263313677783,0.0,1000.0
-0.23064552004044217,-0.56706372827063,0.0,0.0038701194223389555,-0.003460419854951262,0.0,1000.2518259485703
-0.22074947024877672,-0.5755421280820241,0.0,0.00398853693921873,-0.003272585740695369,0.0,1002.7700854342731
-0.21174218823943408,-0.5826517738940042,0.0,0.004089417974310756,-0.003103613027257349,0.0,1005.0
-0.21174218823943408,-0.5826517738940042,0.0,0.004089417974310756,-0.003103613027257349,0.0,1005.0
-0.2107298439940839,-0.5834167205784629,0.0,0.004100254578801806,-0.0030846613628736125,0.0,1005.2472243572555
-0.20046133522079174,-0.5908071076432172,0.0,0.004205974140100467,-0.002893545232636362,0.0,1007.7194679298105
-0.19076244891502303,-0.5972024790777262,0.0,0.00429912470207536,-0.0027147231053753175,0.0,1010.0
-0.19076244891502303,-0.5972024790777262,0.0,0.00429912470207536,-0.0027147231053753175,0.0,1010.0
-0.1897225966549247,-0.5978560658443994,0.0,0.004308641764975692,-0.0026955868631216465,0.0,1010.2416076894971
-0.1791998815499805,-0.6041364507845041,0.0,0.0044011152961294635,-0.002502819293101311,0.0,1012.6576845844678
-0.16879075748702968,-0.6097776420467386,0.0,0.004485979895565693,-0.0023135643850244855,0.0,1015.0
-0.16879075748702968,-0.6097776420467386,0.0,0.004485979895565693,-0.0023135643850244855,0.0,1015.0
-0.16773513522954825,-0.6103193131385506,0.0,0.004494146566117468,-0.002294405346196431,0.0,1015.2351016566661
-0.15707553155307233,-0.6154872987756104,0.0,0.004573110116831013,-0.002101619993285287,0.0,1017.5861182233268
-0.14594394882806508,-0.620319260805254,0.0,0.004648969581660764,-0.0019015008134017559,0.0,1020.0
-0.14594394882806508,-0.620319260805254,0.0,0.004648969581660764,-0.0019015008134017559,0.0,1020.0
-0.1448844591436146,-0.6207501262528691,0.0,0.0046557789486704575,-0.001882485893231502,0.0,1020.2277307699092
-0.13420639185637698,-0.6248198320179181,0.0,0.004721209458524236,-0.0016913595990968415,0.0,1022.5050384690007
-0.1223435422327224,-0.6287764796255518,0.0,0.0047872381497988505,-0.0014800246186984678,0.0,1025.0
-0.1223435422327224,-0.6287764796255518,0.0,0.0047872381497988505,-0.0014800246186984678,0.0,1025.0
-0.12129267309772934,-0.6290991310911974,0.0,0.004792703884697942,-0.001461333394787143,0.0,1025.2193892784155
-0.11072000360423286,-0.6320995226379708,0.0,0.0048447863840682445,-0.0012736620515130742,0.0,1027.4132820625707
-0.09811494102871172,-0.6351061616048732,0.0,0.004900090968423441,-0.0010507280331156369,0.0,1030.0
-0.09811494102871172,-0.6351061616048732,0.0,0.004900090968423441,-0.0010507280331156369,0.0,1030.0
-0.09708652867938873,-0.6353246858696964,0.0,0.004904245656977971,-0.0010325659719773272,0.0,1030.2097870808193
-0.08675625183555792,-0.6372999629803132,0.0,0.004943358579013559,-0.0008503971578191716,0.0,1032.3076578890123
-0.07338663361486723,-0.6392733233659583,0.0,0.0049869911561853785,-0.0006152766872028089,0.0,1035.0
-0.07338663361486723,-0.6392733233659583,0.0,0.0049869911561853785,-0.0006152766872028089,0.0,1035.0
-0.07239739264893541,-0.6393936141046199,0.0,0.004989887069561029,-0.0005979016901985936,0.0,1035.1983065796423
-0.06247494499738805,-0.6404067673454081,0.0,0.005016614495519474,-0.0004238000181516612,0.0,1037.1813723760658
-0.048289417668091764,-0.6412514445487193,0.0,0.005047553664609026,-0.00017538636714877208,0.0,1040.0
-0.048289417668091764,-0.6412514445487193,0.0,0.005047553664609026,-0.00017538636714877208,0.0,1040.0
-0.047362822994177725,-0.641282147718538,0.0,0.005049267675264286,-0.00015917637620412994,0.0,1040.1835417509412
-0.038080824027617574,-0.6414254258744038,0.0,0.005064459964240538,3.1016102979547066e-06,0.0,1042.0189592603535
-0.02295566505565804,-0.6410226689849683,0.0,0.0050815346461137705,0.0002671969093475048,0.0,1045.0
-0.02295566505565804,-0.6410226689849683,0.0,0.0050815346461137705,0.0002671969093475048,0.0,1045.0
-0.02212250300795043,-0.6409776709002772,0.0,0.005082196519742282,0.000281734460268976,0.0,1045.1639479919593
-0.013785816364834723,-0.6403965775132424,0.0,0.00508724258465516,0.0004271512823887081,0.0,1046.803427911552
0.0024813615786144407,-0.6385779166083039,0.0,0.00508882200240613,0.0007107124653312723,0.0,1050.0
0.0024813615786144407,-0.6385779166083039,0.0,0.00508882200240613,0.0007107124653312723,0.0,1050.0
0.0030542801001822036,-0.6384973388385441,0.0,0.005088679924084253,0.0007206962200964455,0.0,1050.1125852686876
0.008782291834317162,-0.6376297503068458,0.0,0.0050865136767557,0.0008205062141729022,0.0,1051.238437955563
0.027888150134426026,-0.6339169257100806,0.0,0.005069427924858532,0.0011533972354501381,0.0,1055.0
0.027888150134426026,-0.6339169257100806,0.0,0.005069427924858532,0.0011533972354501381,0.0,1055.0
0.028755623108863877,-0.633718242616347,0.0,0.005068296613614065,0.0011685137929222345,0.0,1055.1711375220118
0.03741867345907008,-0.6315892336407403,0.0,0.005055262521729036,0.001319496386365017,0.0,1056.8825127421298
0.05313154799146502,-0.6270482391332657,0.0,0.005023483478486154,0.0015934958827805309,0.0,1060.0
0.05313154799146502,-0.6270482391332657,0.0,0.005023483478486154,0.0015934958827805309,0.0,1060.0
0.0541008309732432,-0.6267390712637381,0.0,0.005021185571209871,0.0016104084144930048,0.0,1060.1929943816579
0.06376780195310822,-0.6234681240932183,0.0,0.0049960349404011535,0.0017791545145285348,0.0,1062.1229381982364
0.07807934929233064,-0.6179891425738482,0.0,0.004951235402899573,0.0020292698211467055,0.0,1065.0
0.07807934929233064,-0.6179891425738482,0.0,0.004951235402899573,0.0020292698211467055,0.0,1065.0
0.07910580030803792,-0.6175664373975839,0.0,0.004947680364649282,0.0020472270027584757,0.0,1065.2073863969422
0.08932796572953713,-0.6131349949194688,0.0,0.004909658359098778,0.002226195728932877,0.0,1067.281250366364
0.10260087093290837,-0.6067655580493887,0.0,0.004853044820589995,0.0024590061076045487,0.0,1070.0
0.10260087093290837,-0.6067655580493887,0.0,0.004853044820589995,0.0024590061076045487,0.0,1070.0
0.10366035080205219,-0.6062264247915595,0.0,0.00484817500471682,0.002477616259107796,0.0,1070.2184218060336
0.11419459299065807,-0.600612166796833,0.0,0.004796791865206998,0.0026628712114094163,0.0,1072.4026398663693
0.12656752481381855,-0.5934118914514622,0.0,0.004729387029097997,0.002881026885990316,0.0,1075.0
0.12656752481381855,-0.5934118914514622,0.0,0.004729387029097997,0.002881026885990316,0.0,1075.0
0.1276428197229732,-0.592754256537718,0.0,0.004723165998573743,0.002900020728220877,0.0,1075.22751396881
0.13831566341140336,-0.585941105263863,0.0,0.0046581210237176054,0.0030888557316925175,0.0,1077.5026536569094
0.14985338960465988,-0.5779708304937128,0.0,0.004580851510945584,0.003293699736168723,0.0,1080.0
0.14985338960465988,-0.5779708304937128,0.0,0.004580851510945584,0.003293699736168723,0.0,1080.0
0.1509301792855914,-0.5771937074101248,0.0,0.004573261477677836,0.0033128597590322832,0.0,1080.2352578849307
0.1615974506055193,-0.569175681460363,0.0,0.004494430681982604,0.003503092360122038,0.0,1082.5878367342373
0.17233578010990697,-0.560493088769522,0.0,0.00440814096353014,0.0036954488082196436,0.0,1085.0
0.17233578010990697,-0.560493088769522,0.0,0.00440814096353014,0.0036954488082196436,0.0,1085.0
0.17340097632649804,-0.5595968879803397,0.0,0.004399183995138907,0.003714579903714618,0.0,1085.241888455981
0.18393125172978103,-0.5503817382609361,0.0,0.004306637987138109,0.0039042583602022308,0.0,1087.660773015792
0.19389580713285626,-0.541037093096602,0.0,0.004212068494096216,0.004084766287582645,0.0,1090.0
0.19389580713285626,-0.541037093096602,0.0,0.004212068494096216,0.004084766287582645,0.0,1090.0
0.19493675076811307,-0.5400240347979254,0.0,0.004201769948508032,0.004103681104948842,0.0,1090.2474358209004
0.2052034539666382,-0.5296376710741747,0.0,0.00409581118394886,0.004290939145548041,0.0,1092.721794029904
0.2144189167916357,-0.5196686144730066,0.0,0.003993552261079401,0.004460223394452312,0.0,1095.0
0.2144189167916357,-0.5196686144730066,0.0,0.003993552261079401,0.004460223394452312,0.0,1095.0
0.2154230264821286,-0.5185432089888384,0.0,0.003981965345489636,0.004478735168943397,0.0,1095.251797717612
0.22530107675327465,-0.5070346588101426,0.0,0.003863174888862386,0.004661721682863266,0.0,1097.769774893731
0.23379539525972753,-0.4964603477119061,0.0,0.003753607092958876,0.004820479829100401,0.0,1100.0
0.23379539525972753,-0.4964603477119061,0.0,0.003753607092958876,0.004820479829100401,0.0,1100.0
0.2347501826308378,-0.495229809675323,0.0,0.003740816812107649,0.004838401176263317,0.0,1100.25479910993
0.24411629154776143,-0.4826753661407954,0.0,0.0036100933256528085,0.005015269080416701,0.0,1102.80279020923
0.25192082413201977,-0.4714914502343164,0.0,0.0034933332440261057,0.005164290603373765,0.0,1105.0
0.25192082413201977,-0.4714914502343164,0.0,0.0034933332440261057,0.005164290603373765,0.0,1105.0
0.2528142641327362,-0.4701658283134311,0.0,0.0034794572394401526,0.005181438281458941,0.0,1105.2562643900008
0.26155068249215346,-0.4566701781059252,0.0,0.003338023109230277,0.005350391637410076,0.0,1107.8189082900083
0.26869647355394394,-0.4448470554365378,0.0,0.003213902891101398,0.005490509352583513,0.0,1110.0
0.26869647355394394,-0.4448470554365378,0.0,0.003213902891101398,0.005490509352583513,0.0,1110.0
0.2695176407742692,-0.4434388893396622,0.0,0.0031990870392088634,0.00550671383665617,0.0,1110.2560946614212
0.27751839150797375,-0.42913136186961925,0.0,0.0030484407963391725,0.0056661009522895635,0.0,1112.8170412756335
0.2840296231258319,-0.4166177809756171,0.0,0.0029165449071175934,0.00579808706326788,0.0,1115.0
0.2840296231258319,-0.4166177809756171,0.0,0.0029165449071175934,0.00579808706326788,0.0,1115.0
0.2847693673256594,-0.4151413078708661,0.0,0.002900953918684495,0.005813203368680872,0.0,1115.2543166176963
0.2919467029258281,-0.4001675781399472,0.0,0.0027427727492286415,0.00596162061699276,0.0,1117.7974827946593
0.2978338059154777,-0.386899255287922,0.0,0.0026025294886593306,0.0060860661006109885,0.0,1120.0
0.2978338059154777,-0.386899255287922,0.0,0.0026025294886593306,0.0060860661006109885,0.0,1120.0
0.29848520107421583,-0.3853694548682571,0.0,0.0025863356784286903,0.006099981209383922,0.0,1120.2510739252675
0.304773735189662,-0.36988174319011285,0.0,0.0024223613047214313,0.006236342615105316,0.0,1122.7618131779427
0.31002897707301746,-0.3557916872011649,0.0,0.0022731535182740643,0.006353569019117599,0.0,1125.0
0.31002897707301746,-0.3557916872011649,0.0,0.0022731535182740643,0.006353569019117599,0.0,1125.0
0.310587416105777,-0.35422353865121936,0.0,0.0022565279262143404,0.006366203295540275,0.0,1125.2465684878368
0.3159447882844602,-0.3383731241662917,0.0,0.002088478351005477,0.0064897514540722505,0.0,1127.7122533662052
0.32054161488143457,-0.32339950348391777,0.0,0.001929728305187019,0.006599782676848168,0.0,1130.0
0.32054161488143457,-0.32339950348391777,0.0,0.001929728305187019,0.006599782676848168,0.0,1130.0
0.32100462029794363,-0.3218076760624683,0.0,0.0019128362674829425,0.006611085257245959,0.0,1130.240987409038
0.3254094675192254,-0.3057419242397958,0.0,0.0017423638024855485,0.00672134402924174,0.0,1132.650861499419
0.3293047469740995,-0.2898311151857214,0.0,0.0015735620393497814,0.006823922450799123,0.0,1135.0
0.3293047469740995,-0.2898311151857214,0.0,0.0015735620393497814,0.006823922450799123,0.0,1135.0
0.3296716726067735,-0.2882300972893451,0.0,0.0015565647149559992,0.0068338654360391195,0.0,1135.2344474745057
0.3331206692037914,-0.2720939295345531,0.0,0.0013852742453349485,0.006930583145451098,0.0,1137.5789222195629
0.336257949780678,-0.2551988015124603,0.0,0.0012059667840373955,0.007025221722060289,0.0,1140.0
0.336257949780678,-0.2551988015124603,0.0,0.0012059667840373955,0.007025221722060289,0.0,1140.0
0.3365297308083482,-0.253603402384312,0.0,0.0011890267099448726,0.007033794081582242,0.0,1140.2269573134465
0.33903521211402354,-0.23754449336115885,0.0,0.0010185338644902934,0.007116885102154803,0.0,1142.4965304479117
0.34134738210053056,-0.21961865793714677,0.0,0.0008282650960157292,0.007202916634307875,0.0,1145.0
0.34134738210053056,-0.21961865793714677,0.0,0.0008282650960157292,0.007202916634307875,0.0,1145.0
0.34152643343148875,-0.21804490666506576,0.0,0.0008115557730466738,0.007210118352256977,0.0,1145.2183787720346
0.3431155790551409,-0.20222282415705156,0.0,0.0006435847252536942,0.007279608104082479,0.0,1147.4021664923807
0.34452584057864627,-0.18321067737406915,0.0,0.0004417923180556586,0.007356207895621015,0.0,1150.0
0.34452584057864627,-0.18321067737406915,0.0,0.0004417923180556586,0.007356207895621015,0.0,1150.0
0.34461619224111134,-0.18167740863200083,0.0,0.0004255156264563739,0.007362046223867129,0.0,1150.208349166912
0.3453326958408303,-0.16627955895687374,0.0,0.0002620743739995791,0.007418039249775609,0.0,1152.2918408360326
0.34575286086988405,-0.14609900115284066,0.0,4.791270285092126e-05,0.007484231402666291,0.0,1155.0
0.34575286086988405,-0.14609900115284066,0.0,4.791270285092126e-05,0.007484231402666291,0.0,1155.0
0.34576072767844573,-0.14463121175916427,0.0,3.233530092578609e-05,0.007488718396504415,0.0,1155.1960587275696
0.3456710879256467,-0.12990644396769235,0.0,-0.00012392008834012357,0.007531383786696892,0.0,1157.1566460032657
0.34499492101807083,-0.10841231659219429,0.0,-0.0003519556675003288,0.007586029184735563,0.0,1160.0
0.34499492101807083,-0.10841231659219429,0.0,-0.0003519556675003288,0.007586029184735563,0.0,1160.0
0.34492438266285236,-0.10692493122312194,0.0,-0.0003677345841893244,0.007589467548110641,0.0,1160.196024514472
0.3440486341137397,-0.09201558490985276,0.0,-0.0005258792704705316,0.007621548007697337,0.0,1162.156269659191
0.342225794166808,-0.07028439550502699,0.0,-0.0007563058832059812,0.007660522395590386,0.0,1165.0
0.342225794166808,-0.07028439550502699,0.0,-0.0007563058832059812,0.007660522395590386,0.0,1165.0
0.3420832711952959,-0.0688549090938415,0.0,-0.0007714602885478501,0.007662755607603016,0.0,1165.1865770231211
0.340502399198554,-0.05453855375023956,0.0,-0.0009232017777260316,0.007682901324457253,0.0,1167.0523472543323
0.33742710448658186,-0.031854757238188196,0.0,-0.0011634957290869402,0.00770648897644706,0.0,1170.0
0.33742710448658186,-0.031854757238188196,0.0,-0.0011634957290869402,0.00770648897644706,0.0,1170.0
0.33723762417744363,-0.030606728194680383,0.0,-0.0011767107093346063,0.007707484189437834,0.0,1170.1619347079793
0.33522509622335156,-0.018118552663582414,0.0,-0.0013089046226503712,0.007715706980188066,0.0,1171.7812817877723
0.3305891469868095,0.006730576117465706,0.0,-0.0015716884699684612,0.007722549842743874,0.0,1175.0
0.3305891469868095,0.006730576117465706,0.0,-0.0015716884699684612,0.007722549842743874,0.0,1175.0
0.3303975938253844,0.0076688209856340585,0.0,-0.0015816024981560434,0.007722554569795723,0.0,1175.1214941195065
0.32841583208593095,0.01705086660478445,0.0,-0.001680700829436626,0.007721578523697154,0.0,1176.336435314571
0.3217120368386987,0.045318289192686274,0.0,-0.0019787802964311768,0.007707169623878806,0.0,1180.0
0.3217120368386987,0.045318289192686274,0.0,-0.0019787802964311768,0.007707169623878806,0.0,1180.0
0.32136767639634073,0.04665469357558877,0.0,-0.001992850478794766,0.007706050925724615,0.0,1180.1734100675314
0.3177900296072637,0.060006733848808155,0.0,-0.0021332951260532897,0.007692662648570326,0.0,1181.907510742846
0.3108072528195362,0.08374704082214839,0.0,-0.0023823156514977527,0.0076586805959371115,0.0,1185.0
0.3108072528195362,0.08374704082214839,0.0,-0.0023823156514977527,0.0076586805959371115,0.0,1185.0
0.31034109181096653,0.08524050555115094,0.0,-0.0023979456690366597,0.007656092367298192,0.0,1185.1950357177423
0.30551220664199724,0.10014539117556509,0.0,-0.002553668834365938,0.007627278485231602,0.0,1187.1453928951648
0.29789962503867057,0.12184693339417807,0.0,-0.002779395338467714,0.007575341356355251,0.0,1190.0
0.29789962503867057,0.12184693339417807,0.0,-0.002779395338467714,0.007575341356355251,0.0,1190.0
0.2973160073751511,0.1234324672320621,0.0,-0.002795831266307499,0.007571062441177849,0.0,1190.2093609471308
0.2912913007226427,0.1392359455609009,0.0,-0.0029591845836712907,0.007524734661614877,0.0,1192.3029704184387
0.2830297778504243,0.15943939121741657,0.0,-0.0031665886480831866,0.007455443767052887,0.0,1195.0
0.2830297778504243,0.15943939121741657,0.0,-0.0031665886480831866,0.007455443767052887,0.0,1195.0
0.2823311047068261,0.1610793378022149,0.0,-0.0031833396960295906,0.007449297022583965,0.0,1195.2200568612507
0.2751428136626284,0.17740128620500553,0.0,-0.0033492994254267286,0.007383770471753407,0.0,1197.4206254737574
0.2662569604418701,0.1963377217648425,0.0,-0.003539870076482688,0.00729748067651512,0.0,1200.0
0.2662569604418701,0.1963377217648425,0.0,-0.003539870076482688,0.00729748067651512,0.0,1200.0
0.2654468900971221,0.19800284566241425,0.0,-0.0035565057129069125,0.007289332342697885,0.0,1200.22830516187
0.2571390434207915,0.21454819486077073,0.0,-0.0037206532658672826,0.007203375156160736,0.0,1202.511356780569
0.24766206751152212,0.23234867995670322,0.0,-0.0038946121592311517,0.007100379195889843,0.0,1205.0
0.24766206751152212,0.23234867995670322,0.0,-0.0038946121592311517,0.007100379195889843,0.0,1205.0
0.24674722234872207,0.23401192502376023,0.0,-0.00391069877367655,0.007090159991229511,0.0,1205.2344158120652
0.23739377096552025,0.2505087352061121,0.0,-0.004068609777310467,0.006983233811936996,0.0,1207.5785739327173
0.22735047220914775,0.2672753399133776,0.0,-0.004225674123040041,0.006863786770471561,0.0,1210.0
0.22735047220914775,0.2672753399133776,0.0,-0.004225674123040041,0.006863786770471561,0.0,1210.0
0.2263418326163027,0.2689092984650441,0.0,-0.00424075995652096,0.006851524112861333,0.0,1210.2382675580236
0.21606082838794397,0.28508419367560395,0.0,-0.004387888090402211,0.006724118921215145,0.0,1212.6209431382597
0.20545409799889855,0.3009214465977822,0.0,-0.0045276224125165455,0.006588368593850645,0.0,1215.0
0.20545409799889855,0.3009214465977822,0.0,-0.0045276224125165455,0.006588368593850645,0.0,1215.0
0.20436777778242454,0.30249813268543724,0.0,-0.004541257600684814,0.006574216642816426,0.0,1215.2395706289399
0.19332861241995933,0.3180746863609963,0.0,-0.0046731708918029335,0.00642813764179127,0.0,1217.6352769183386
0.18213202719303806,0.33309713589363293,0.0,-0.004795094803509574,0.006276044744945295,0.0,1220.0
0.18213202719303806,0.33309713589363293,0.0,-0.004795094803509574,0.006276044744945295,0.0,1220.0
0.18098879828387607,0.3345897348452685,0.0,-0.00480687945684164,0.006260293581495608,0.0,1220.238123351997
0.16940629139528535,0.34930602182589515,0.0,-0.004919756685393593,0.006098708140831315,0.0,1222.6193568719675
0.15756899875018346,0.36362550462776266,0.0,-0.0050232711214695846,0.005930079698183432,0.0,1225.0
0.15756899875018346,0.36362550462776266,0.0,-0.0050232711214695846,0.005930079698183432,0.0,1225.0
0.1563925879188832,0.365010968336553,0.0,-0.005032910696122225,0.005913133494258478,0.0,1225.233967328546
0.1445087085995638,0.3786447507434064,0.0,-0.005124073778739647,0.005740292589819725,0.0,1227.5736406140059
0.13197147378034882,0.3923491141164618,0.0,-0.005208357701784896,0.005554959081608789,0.0,1230.0
0.13197147378034882,0.3923491141164618,0.0,-0.005208357701784896,0.005554959081608789,0.0,1230.0
0.13078675775746285,0.39360977129286917,0.0,-0.005215698856531916,0.005537295566604737,0.0,1230.2273038789997
0.11885194362057072,0.40599344897056433,0.0,-0.005283921315937734,0.005358084335332138,0.0,1232.5003426689966
0.10556150449825266,0.4191353280530524,0.0,-0.00534796174683219,0.005156051305175315,0.0,1235.0
0.10556150449825266,0.4191353280530524,0.0,-0.00534796174683219,0.005156051305175315,0.0,1235.0
0.10439394741874829,0.42025850792223435,0.0,-0.005352998237962955,0.005138188651882702,0.0,1235.2182150904607
0.09266163466860114,0.4312745483638218,0.0,-0.005398512446787819,0.004957786589554099,0.0,1237.400365995068
0.0785692254330381,0.44387956894129466,0.0,-0.005441255397357,0.0047391293559533205,0.0,1240.0
0.0785692254330381,0.44387956894129466,0.0,-0.005441255397357,0.0047391293559533205,0.0,1240.0
0.07744639436265018,0.44485544934807353,0.0,-0.005444114870842033,0.00472162446760997,0.0,1240.2063006962721
0.06618871819068226,0.4544148503147059,0.0,-0.0054684496190659125,0.004545509225779681,0.0,1242.2693076589935
0.051225124057043235,0.46650608774923696,0.0,-0.005488900174344899,0.0043098744602240715,0.0,1245.0
0.051225124057043235,0.46650608774923696,0.0,-0.005488900174344899,0.0043098744602240715,0.0,1245.0
0.05018197217059991,0.46732353206447663,0.0,-0.005489833262066623,0.004293388614130432,0.0,1245.1900311888814
0.0397430041689269,0.4753253252181294,0.0,-0.005495708063336219,0.004128024582733652,0.0,1247.090343077696
0.023753192026077584,0.4869664488277519,0.0,-0.005492781880693743,0.003873473881771376,0.0,1250.0
0.023753192026077584,0.4869664488277519,0.0,-0.005492781880693743,0.003873473881771376,0.0,1250.0
0.022852228674720837,0.487600655883944,0.0,-0.005492197788440142,0.0038590891175847917,0.0,1250.1640353964096
0.013849250740512131,0.49381287224328424,0.0,-0.0054839484843599825,0.003715116446988323,0.0,1251.804389360506
-0.0036343211952006814,0.5052363737714213,0.0,-0.005455650652273346,0.0034343724913898995,0.0,1255.0
-0.0036343211952006814,0.5052363737714213,0.0,-0.005455650652273346,0.0034343724913898995,0.0,1255.0
-0.004275703785036044,0.5056395712653413,0.0,-0.005454308798437125,0.0034240453095657755,0.0,1255.117577409581
-0.010680382850835248,0.5096047779585133,0.0,-0.005439751936934961,0.0033208122093135047,0.0,1256.29335150539
-0.030740315421316455,0.5213117355755837,0.0,-0.005380758575225059,0.002996178609210336,0.0,1260.0
-0.030740315421316455,0.5213117355755837,0.0,-0.005380758575225059,0.002996178609210336,0.0,1260.0
-0.03167056478693706,0.5218285773000667,0.0,-0.0053775305761131825,0.002981075600494529,0.0,1260.1729361917016
-0.040941010415586114,0.5268535018318578,0.0,-0.0053430360766688455,0.0028303133448265958,0.0,1261.902298108718
-0.057384561307993326,0.5352043921592715,0.0,-0.005271555491772283,0.002561686860653563,0.0,1265.0
-0.057384561307993326,0.5352043921592715,0.0,-0.005271555491772283,0.002561686860653563,0.0,1265.0
-0.05841234299506632,0.5357024274837361,0.0,-0.005266639855729822,0.0025448440037239882,0.0,1265.19505824265
-0.06863570246746581,0.5405024283689042,0.0,-0.00521497246302528,0.0023769196231978322,0.0,1267.1456406691502
-0.08340410021967605,0.5469383255954163,0.0,-0.0051314667818578505,0.0021329701140858563,0.0,1270.0
-0.08340410021967605,0.5469383255954163,0.0,-0.0051314667818578505,0.0021329701140858563,0.0,1270.0
-0.08447416803996946,0.5473815449120711,0.0,-0.005124986047586407,0.0021152313925067623,0.0,1270.2086621991627
-0.09509860551381885,0.5516106716579002,0.0,-0.005057636921870708,0.001938546674355343,0.0,1272.2952841907902
-0.10865273437795364,0.5565463267480535,0.0,-0.0049637505131433605,0.0017114999041329434,0.0,1275.0
-0.10865273437795364,0.5565463267480535,0.0,-0.0049637505131433605,0.0017114999041329434,0.0,1275.0
-0.10972832147084059,0.5569155206783137,0.0,-0.0049558819492930995,0.0016934066778363896,0.0,1275.2168601078938
-0.12038849897050653,0.5603922945325058,0.0,-0.004874780923650218,0.0015133169750170716,0.0,1277.385461186832
-0.13299996928767888,0.5640672949499521,0.0,-0.004771418571805545,0.0012982683905648955,0.0,1280.0
-0.13299996928767888,0.5640672949499521,0.0,-0.004771418571805545,0.0012982683905648955,0.0,1280.0
-0.13405060137233782,0.5643514500622616,0.0,-0.004762397178958309,0.001280262529047084,0.0,1280.2204010159771
-0.1444458683938598,0.5669754393592125,0.0,-0.0046699962713786115,0.0011011201657842994,0.0,1282.4244111757484
-0.15632968266541727,0.5695441200852248,0.0,-0.00455720331797262,0.0008938975357503219,0.0,1285.0
-0.15632968266541727,0.5695441200852248,0.0,-0.00455720331797262,0.0008938975357503219,0.0,1285.0
-0.1573292444131985,0.5697384719124648,0.0,-0.00454730956781155,0.0008763609464880069,0.0,1285.2195748669287
-0.16720391217388642,0.5714709188066768,0.0,-0.004446473765304082,0.0007019203750023852,0.0,1287.415323536216
-0.1785387061116425,0.5730220663977358,0.0,-0.004323553648103555,0.0004987299915528414,0.0,1290.0
-0.1785387061116425,0.5730220663977358,0.0,-0.004323553648103555,0.0004987299915528414,0.0,1290.0
-0.17946553711755914,0.5731273108408268,0.0,-0.004313096831079448,0.00048199082788283044,0.0,1290.2146272984303
-0.18860921346418558,0.573982818731956,0.0,-0.004206944598523404,0.0003154781935443737,0.0,1292.3609002827332
-0.19953543404513002,0.5745475641903148,0.0,-0.004072648058066206,0.00011290141896876059,0.0,1295.0
-0.19953543404513002,0.5745475641903148,0.0,-0.004072648058066206,0.00011290141896876059,0.0,1295.0
-0.20037147970330504,0.5745691632519019,0.0,-0.004061965419623417,9.725709277572632e-05,0.0,1295.2055525459205
-0.20861024788013272,0.5746088568577662,0.0,-0.00395387079386471,-5.839749041466107e-05,0.0,1297.261078005125
-0.21923852284749906,0.5741673209388677,0.0,-0.0038064164432538884,-0.00026360370576924085,0.0,1300.0
-0.21923852284749906,0.5741673209388677,0.0,-0.0038064164432538884,-0.00026360370576924085,0.0,1300.0
-0.2200428548324833,0.5741098711313186,0.0,-0.0037948064385416474,-0.00027931516996851596,0.0,1300.2116321582016
-0.22795016505758586,0.573353094636724,0.0,-0.0036775353782437805,-0.000435622054397082,0.0,1302.3279537402177
-0.23757570932051975,0.5719276764076783,0.0,-0.003526565236190824,-0.0006309098369070016,0.0,1305.0
-0.23757570932051975,0.5719276764076783,0.0,-0.003526565236190824,-0.0006309098369070016,0.0,1305.0
-0.23835897175983362,0.5717855022384163,0.0,-0.0035137875413052905,-0.0006470204027110548,0.0,1305.2225064782724
-0.24603434212549288,0.5701672690811731,0.0,-0.0033848835294426737,-0.0008072709943615774,0.0,1307.4475712609965
-0.25448275645798035,0.5678741413779117,0.0,-0.003234602717229321,-0.0009892187181801218,0.0,1310.0
-0.25448275645798035,0.5678741413779117,0.0,-0.003234602717229321,-0.0009892187181801218,0.0,1310.0
-0.25522810901139414,0.5676438248273733,0.0,-0.003220815141683006,-0.0010055263492601706,0.0,1310.2309229832658
-0.262505662072689,0.5651342501527953,0.0,-0.003081881472738756,-0.0011677260271547702,0.0,1312.540152815924
-0.2699025223301539,0.5620510736977555,0.0,-0.0029318626785783466,-0.00133878570053011,0.0,1315.0
-0.2699025223301539,0.5620510736977555,0.0,-0.0029318626785783466,-0.00133878570053011,0.0,1315.0
-0.27059644720714704,0.5617314715969199,0.0,-0.002917214854459458,-0.0013551320860954335,0.0,1315.2372765670686
-0.27734372483516057,0.5583228573717844,0.0,-0.0027697619014699936,-0.0015177184519945927,0.0,1317.6100422377551
-0.2837841420176021,0.5545014569040349,0.0,-0.0026195258415742436,-0.0016799020712591369,0.0,1320.0
-0.2837841420176021,0.5545014569040349,0.0,-0.0026195258415742436,-0.0016799020712591369,0.0,1320.0
-0.2844152630704409,0.5540935666279185,0.0,-0.0026041732996990846,-0.0016961468319365667,0.0,1320.2416374699235
-0.29052168573312975,0.5497995000175047,0.0,-0.0024497639813983204,-0.001857733490998019,0.0,1322.6580121691584
-0.296082309985597,0.5452667560021962,0.0,-0.0022986385569706493,-0.0020128816002216274,0.0,1325.0
-0.296082309985597,0.5452667560021962,0.0,-0.0022986385569706493,-0.0020128816002216274,0.0,1325.0
-0.296641109841158,0.5447737737037802,0.0,-0.0022827483653403936,-0.002028891887300885,0.0,1325.243943402633
-0.30201523349056336,0.5396298527359955,0.0,-0.00212305660336491,-0.0021881650210249116,0.0,1327.6833774289632
-0.3067566491842001,0.5343868327726239,0.0,-0.0019701287827133926,-0.0023380499767306907,0.0,1330.0
-0.3067566491842001,0.5343868327726239,0.0,-0.0019701287827133926,-0.0023380499767306907,0.0,1330.0
-0.3072356230167678,0.533814146516234,0.0,-0.0019538783963148443,-0.0023536991520091673,0.0,1330.2441247163308
-0.31180657184507227,0.5278778384984242,0.0,-0.0017906784363357223,-0.0025094041832627633,0.0,1332.685371879639
-0.3157711539395216,0.5218999084429784,0.0,-0.0016348196344537396,-0.0026557362630471497,0.0,1335.0
-0.3157711539395216,0.5218999084429784,0.0,-0.0016348196344537396,-0.0026557362630471497,0.0,1335.0
-0.3161650796057287,0.5212549145142638,0.0,-0.001618391174451706,-0.002670907117928979,0.0,1335.2421763990806
-0.3198849981266559,0.5146035284355799,0.0,-0.0014535008137338944,-0.0028218805293344206,0.0,1337.6639403898862
-0.3230936946343589,0.5078425660435179,0.0,-0.0012934405739462647,-0.002966265435166478,0.0,1340.0
-0.3230936946343589,0.5078425660435179,0.0,-0.0012934405739462647,-0.002966265435166478,0.0,1340.0
-0.3233997832083075,0.5071343863012675,0.0,-0.0012770149019926337,-0.002980853001720442,0.0,1340.2381588674102
-0.3262450768704257,0.49986207662911425,0.0,-0.0011122368360701998,-0.0031260503604236527,0.0,1342.6197475415124
-0.3286955730139876,0.49224978860246243,0.0,-0.0009466364966420172,-0.003269951394464927,0.0,1345.0
-0.3286955730139876,0.49224978860246243,0.0,-0.0009466364966420172,-0.003269951394464927,0.0,1345.0
-0.3289134296790924,0.4914891229503963,0.0,-0.0009303920428449475,-0.0032838612552481814,0.0,1345.232129135731
-0.3308842392356525,0.48370538146763814,0.0,-0.000767503094892489,-0.0034223408414237994,0.0,1347.5534204930402
-0.3325511181415379,0.475155032225504,0.0,-0.0005949749276021937,-0.003567089901767418,0.0,1350.0
-0.3325511181415379,0.475155032225504,0.0,-0.0005949749276021937,-0.003567089901767418,0.0,1350.0
-0.3326826282172636,0.47435444637909785,0.0,-0.0005790951085285642,-0.003580229782117601,0.0,1350.2240240233689
-0.3338017733514214,0.46618712586742245,0.0,-0.0004199215929104706,-0.003711069696173405,0.0,1352.4642642570577
-0.334637313667288,0.4565903361488239,0.0,-0.00023895137003341447,-0.0038579507545835117,0.0,1355.0
-0.334637313667288,0.4565903361488239,0.0,-0.00023895137003341447,-0.0038579507545835117,0.0,1355.0
-0.3346866935781123,0.4557653937521091,0.0,-0.00022364496634210614,-0.0038702132037650573,0.0,1355.2134898379172
-0.33500053117277395,0.44737235686797566,0.0,-7.026776017799409e-05,-0.003992340002840574,0.0,1357.3483882170895
-0.3349334479602784,0.436586474308797,0.0,0.00012100688783248844,-0.004142768894359015,0.0,1360.0
-0.3349334479602784,0.436586474308797,0.0,0.00012100688783248844,-0.004142768894359015,0.0,1360.0
-0.3349065633270893,0.43571902862738204,0.0,0.00013615125261857045,-0.004154533706883575,0.0,1360.2090909715585
-0.33446335117707565,0.4269096237671679,0.0,0.0002878752579188003,-0.004271707125277949,0.0,1362.300000687143
-0.3334207785866207,0.41517315665839566,0.0,0.000484538837883139,-0.004421733269461274,0.0,1365.0
-0.3334207785866207,0.41517315665839566,0.0,0.000484538837883139,-0.004421733269461274,0.0,1365.0
-0.33331243889488743,0.4141992867190347,0.0,0.0005006164332942491,-0.004433858248097284,0.0,1365.2199445990652
-0.33203432466275795,0.404314320646019,0.0,0.0006616874135046787,-0.004554576749701775,0.0,1367.4193905897175
-0.3300822025844362,0.3923792924117368,0.0,0.0008513493778053412,-0.004694973028561661,0.0,1370.0
-0.3300822025844362,0.3923792924117368,0.0,0.0008513493778053412,-0.004694973028561661,0.0,1370.0
-0.3298859628435024,0.39130626237968597,0.0,0.0008681747865130134,-0.004707300460006209,0.0,1370.2282490145865
-0.3277120973331848,0.38042167790277276,0.0,0.00103673798582433,-0.004829984561659038,0.0,1372.5107391604513
-0.32490192393087053,0.3682333321763703,0.0,0.0012212108299354918,-0.004962539531230007,0.0,1375.0
-0.32490192393087053,0.3682333321763703,0.0,0.0012212108299354918,-0.004962539531230007,0.0,1375.0
-0.3246135011509639,0.36706813711038905,0.0,0.0012386331316087207,-0.0049749429833983285,0.0,1375.2345050335125
-0.3215042973915273,0.3552567471604067,0.0,0.0014131816520700456,-0.005098320612797705,0.0,1377.5795553686376
-0.3178651081912279,0.34276371417869145,0.0,0.001593966585293114,-0.005224382346608039,0.0,1380.0
-0.3178651081912279,0.34276371417869145,0.0,0.001593966585293114,-0.005224382346608039,0.0,1380.0
-0.3174822256562643,0.3415143007722735,0.0,0.0016118457905247268,-0.005236744636942101,0.0,1380.2388677904387
-0.3134182194026921,0.32885836716822325,0.0,0.0017909838134361413,-0.005359631650907009,0.0,1382.6275456948256
-0.30895751345121225,0.3159994500605619,0.0,0.0019695369990212278,-0.005480316884413411,0.0,1385.0
-0.30895751345121225,0.3159994500605619,0.0,0.0019695369990212278,-0.005480316884413411,0.0,1385.0
-0.3084800088303224,0.31467541041747615,0.0,0.0019877331257750304,-0.005492519060661095,0.0,1385.2413303819433
-0.30346312930599084,0.30127375142392115,0.0,0.0021700659919424927,-0.0056137091368404874,0.0,1387.654634201376
-0.2981650845725857,0.2879709028950512,0.0,0.0023479282287325732,-0.005729979018411681,0.0,1390.0
-0.2981650845725857,0.2879709028950512,0.0,0.0023479282287325732,-0.005729979018411681,0.0,1390.0
-0.2975950509305072,0.2865837489972086,0.0,0.0023662982685981413,-0.005741895460138494,0.0,1390.2418355536909
-0.2916500356118888,0.27255450862494046,0.0,0.002550401641675384,-0.005860110514366794,0.0,1392.6601910905995
-0.28547349527563753,0.25871083736382233,0.0,0.002729244325350389,-0.005972760186084189,0.0,1395.0
-0.28547349527563753,0.25871083736382233,0.0,0.002729244325350389,-0.005972760186084189,0.0,1395.0
-0.28481530874252997,0.2572738990132309,0.0,0.002747644635699247,-0.005984257145029554,0.0,1395.2403505695502
-0.277989835889255,0.2427534488671715,0.0,0.0029320879711909886,-0.006098131241312315,0.0,1397.643856265052
-0.2708676206792876,0.2282558659378016,0.0,0.003113702959071094,-0.006207711473673609,0.0,1400.0
-0.2708676206792876,0.2282558659378016,0.0,0.003113702959071094,-0.006207711473673609,0.0,1400.0
-0.27012783280178565,0.22678399272644087,0.0,0.0031319936464981797,-0.006218646019083338,0.0,1400.236895287757
-0.2624912419601309,0.21192384369287154,0.0,0.003315383402915491,-0.006326712104264388,0.0,1402.6058481653279
-0.25433092256835493,0.1966484914537976,0.0,0.003501654373845716,-0.006433396668212661,0.0,1405.0
-0.25433092256835493,0.1966484914537976,0.0,0.003501654373845716,-0.006433396668212661,0.0,1405.0
-0.25351815957136253,0.19515790140551897,0.0,0.0035197010714612424,-0.006443612569191856,0.0,1405.2315117600654
-0.24516031195321544,0.18012313597813295,0.0,0.0037006971897167217,-0.006544257004905048,0.0,1407.546629360719
-0.2358447370053889,0.1639400835167727,0.0,0.003893600532804799,-0.0066476576294824926,0.0,1410.0
-0.2358447370053889,0.1639400835167727,0.0,0.003893600532804799,-0.0066476576294824926,0.0,1410.0
-0.23496989395647963,0.16244877441443714,0.0,0.00391126876109244,-0.006656975088147699,0.0,1410.2241788316655
-0.2260031690430859,0.1474222141555596,0.0,0.004088525174648458,-0.006748328880934842,0.0,1412.465967148321
-0.21538748622309542,0.13019538367518868,0.0,0.004290203010638076,-0.006847221564718855,0.0,1415.0
-0.21538748622309542,0.13019538367518868,0.0,0.004290203010638076,-0.006847221564718855,0.0,1415.0
-0.21446467547165074,0.1287246200916563,0.0,0.004307339069416159,-0.006855418102136188,0.0,1415.2146685497717
-0.20503379351510947,0.11392186159506416,0.0,0.004479305074655626,-0.006935158630079724,0.0,1417.3613540474882
-0.1929339476664414,0.09549964610161416,0.0,0.0046922416347324365,-0.007027006581847561,0.0,1420.0
-0.1929339476664414,0.09549964610161416,0.0,0.0046922416347324365,-0.007027006581847561,0.0,1420.0
-0.19198321530305001,0.09407764315564192,0.0,0.004708625200613848,-0.007033785674631292,0.0,1420.2022648678244
-0.1822932127344247,0.07978412418607436,0.0,0.004873053088465626,-0.007098821939306959,0.0,1422.2249135460684
-0.16845508261930325,0.059970593054472526,0.0,0.005100396215551119,-0.0071788180520833125,0.0,1425.0
-0.16845508261930325,0.059970593054472526,0.0,0.005100396215551119,-0.0071788180520833125,0.0,1425.0
-0.16751045061563005,0.058642543350747776,0.0,0.005115609719520577,-0.007183761754759509,0.0,1425.1849317910817
-0.15790908862083014,0.0453139267273687,0.0,0.005268205976667319,-0.007229808710249114,0.0,1427.0342497018985
-0.14192020352276907,0.023779716375196932,0.0,0.005514399707747473,-0.007288753696732959,0.0,1430.0
-0.14192020352276907,0.023779716375196932,0.0,0.005514399707747473,-0.007288753696732959,0.0,1430.0
-0.14106517495345017,0.022650690831415507,0.0,0.005527290497623033,-0.007291274573684466,0.0,1430.154872774774
-0.13240503517345265,0.011340948255622943,0.0,0.005656276899306082,-0.007312770731377656,0.0,1431.7036005225145
-0.11330798802138,-0.012807469373268706,0.0,0.005929842082127204,-0.007331923560265469,0.0,1435.0
-0.11330798802138,-0.012807469373268706,0.0,0.005929842082127204,-0.007331923560265469,0.0,1435.0
-0.11249044003645675,-0.013817349010618141,0.0,0.005941182761814582,-0.00733179899953284,0.0,1435.137738376967
-0.10422941877153404,-0.02391288953827228,0.0,0.006053779224804465,-0.007325696842027181,0.0,1436.5151221466374
-0.0826511104238089,-0.04935528513693131,0.0,0.006326082040541247,-0.007263664001521144,0.0,1440.0
-0.0826511104238089,-0.04935528513693131,0.0,0.006326082040541247,-0.007263664001521144,0.0,1440.0
-0.08154568033811772,-0.050622812667662574,0.0,0.006338920089093102,-0.007258485842533343,0.0,1440.1745642938936
-0.07037205926445146,-0.06324098884814969,0.0,0.006460590689874755,-0.007194528528695139,0.0,1441.9202072328294
-0.05019402162732495,-0.08515705199831582,0.0,0.006631564304353484,-0.007025925559249003,0.0,1445.0
-0.05019402162732495,-0.08515705199831582,0.0,0.006631564304353484,-0.007025925559249003,0.0,1445.0
-0.049021256752700866,-0.08639781370565847,0.0,0.006639069028233018,-0.007014154133184796,0.0,1445.176745254448
-0.037230611921011625,-0.09868460473989024,0.0,0.006697842937978257,-0.0068863869220347216,0.0,1446.9441977989275
-0.016696694104588503,-0.11935282513713552,0.0,0.006726031254386974,-0.0066368458964969936,0.0,1450.0
-0.016696694104588503,-0.11935282513713552,0.0,0.006726031254386974,-0.0066368458964969936,0.0,1450.0
-0.015707400452995304,-0.12032814980264303,0.0,0.006725099821021031,-0.006624382206555117,0.0,1450.147094137481
-0.005827338470554597,-0.1299802737789651,0.0,0.006705537951684176,-0.006499302493644757,0.0,1451.6180355122906
0.016694616203108966,-0.1514792461765582,0.0,0.006601176979902646,-0.006216566654259611,0.0,1455.0
0.016694616203108966,-0.1514792461765582,0.0,0.006601176979902646,-0.006216566654259611,0.0,1455.0
0.0176696332592431,-0.1523969849587543,0.0,0.006595110093218156,-0.0062045146413703825,0.0,1455.1477712181327
0.027367534547722464,-0.16147730632556243,0.0,0.006528811868882684,-0.006085715985413162,0.0,1456.6254833994594
0.04910185805901362,-0.18157145954800782,0.0,0.006346397717125641,-0.005826366186567295,0.0,1460.0
0.04910185805901362,-0.18157145954800782,0.0,0.006346397717125641,-0.005826366186567295,0.0,1460.0
0.05025795887796937,-0.18263249051214844,0.0,0.00633561227065247,-0.005812782226073785,0.0,1460.1823211795916
0.06170796244279521,-0.19310809373647517,0.0,0.006223374255457981,-0.005679286500628409,0.0,1462.005532975507
0.08005021449816338,-0.209796371338803,0.0,0.006024813273277962,-0.005468400694223274,0.0,1465.0
0.08005021449816338,-0.209796371338803,0.0,0.006024813273277962,-0.005468400694223274,0.0,1465.0
0.08126161211931242,-0.21089575478523143,0.0,0.0060110042654789465,-0.005454517393538408,0.0,1465.2012986065693
0.09322058388250815,-0.2217373247201572,0.0,0.005869962940911538,-0.005317706998451492,0.0,1467.2142846722618
0.1092921924071955,-0.23629338609786882,0.0,0.005667353318970208,-0.005133745904761128,0.0,1470.0
0.1092921924071955,-0.23629338609786882,0.0,0.005667353318970208,-0.005133745904761128,0.0,1470.0
0.11050796985425818,-0.23739473087785093,0.0,0.005651486176432203,-0.005119740872549269,0.0,1470.2148235698482
0.1224767541886078,-0.2482438913933353,0.0,0.0054908366612660235,-0.004981245366816208,0.0,1472.3630592683307
0.13669115890500533,-0.2611587208671772,0.0,0.005289462160718377,-0.004814633227135506,0.0,1475.0
0.13669115890500533,-0.2611587208671772,0.0,0.005289462160718377,-0.004814633227135506,0.0,1475.0
0.13788082308105035,-0.2622417746476201,0.0,0.005272130726084094,-0.00480050216933326,0.0,1475.225281110737
0.14956165553986123,-0.27289812518639417,0.0,0.005097491074860628,-0.0046603181450743155,0.0,1477.4780922181058
0.162167948711665,-0.2844553754810454,0.0,0.004899553368576675,-0.004505497832916748,0.0,1480.0
0.162167948711665,-0.2844553754810454,0.0,0.004899553368576675,-0.004505497832916748,0.0,1480.0
0.16330988504772692,-0.28550577527637255,0.0,0.004881164758613329,-0.004491212277965457,0.0,1480.233507598929
0.17449236026151155,-0.29582694379752555,0.0,0.004696409671814017,-0.004349123306644462,0.0,1482.568583588219
0.18567594553997419,-0.306222908116898,0.0,0.00450261289001753,-0.0042024299115616375,0.0,1485.0
0.18567594553997419,-0.306222908116898,0.0,0.00450261289001753,-0.0042024299115616375,0.0,1485.0
0.18675336944614823,-0.307228909308912,0.0,0.004483479060512962,-0.004187974875494544,0.0,1485.2397980564351
0.19727479411487428,-0.31709867950797666,0.0,0.004291605237226496,-0.0040438941217570065,0.0,1487.6377786207863
0.20718847935311313,-0.3264843009214758,0.0,0.0041018122998988295,-0.0039026361638935456,0.0,1490.0
0.20718847935311313,-0.3264843009214758,0.0,0.0041018122998988295,-0.0039026361638935456,0.0,1490.0
0.208187866282663,-0.3274356535104741,0.0,0.004082195074586045,-0.0038880183923170153,0.0,1490.2442292056664
0.21791797476583696,-0.3367530258490838,0.0,0.0038857396788952495,-0.003742066480058422,0.0,1492.6865212623309
0.22669192984177478,-0.345250559740168,0.0,0.0036992911748254544,-0.0036040716146545394,0.0,1495.0
0.22669192984177478,-0.345250559740168,0.0,0.0036992911748254544,-0.0036040716146545394,0.0,1495.0
0.2276025318495937,-0.3461382910175646,0.0,0.003679422188994719,-0.003589318100779544,0.0,1495.2468186305014
0.2364387476240337,-0.35481535441555956,0.0,0.00348064447227798,-0.0034418099312868455,0.0,1497.715004935515
0.2441816930114743,-0.3625238190464208,0.0,0.0032965663295919092,-0.0033052017419925583,0.0,1500.0
0.2441816930114743,-0.3625238190464208,0.0,0.0032965663295919092,-0.0033052017419925583,0.0,1500.0
0.24499551565565544,-0.36334040721524,0.0,0.0032766528201808452,-0.0032903540078931515,0.0,1500.247617686576
0.25286259151699764,-0.3713039680284263,0.0,0.0030775823283539874,-0.003141743590944497,0.0,1502.7237945523354
0.25965969121120963,-0.3782994821986623,0.0,0.002894760403876926,-0.003004848262350802,0.0,1505.0
0.25965969121120963,-0.3782994821986623,0.0,0.002894760403876926,-0.003004848262350802,0.0,1505.0
0.26037152919208906,-0.3790390867524107,0.0,0.0028749846722488505,-0.0029899552762528976,0.0,1505.2467485246248
0.26722168357918297,-0.3862327974335797,0.0,0.00267741069449478,-0.0028407661561372193,0.0,1507.7142337708724
0.2731327754036502,-0.39256772274594604,0.0,0.0024947397939938222,-0.0027020838960487904,0.0,1510.0
0.2731327754036502,-0.39256772274594604,0.0,0.0024947397939938222,-0.0027020838960487904,0.0,1510.0
0.2737400819841005,-0.39322626366582125,0.0,0.0024752577695840226,-0.0026871967870171235,0.0,1510.2443891245216
0.2795515139931445,-0.39961126810197095,0.0,0.0022807123538668215,-0.0025379696463484302,0.0,1512.6882803697376
0.28461166001759625,-0.4053145660792806,0.0,0.002097194773826876,-0.0023961671733638604,0.0,1515.0
0.28461166001759625,-0.4053145660792806,0.0,0.002097194773826876,-0.0023961671733638604,0.0,1515.0
0.2851142184962305,-0.4058896044980159,0.0,0.00207813738435799,-0.002381336925891925,0.0,1515.2407274825962
0.2898877705830592,-0.41144327841058703,0.0,0.0018879075570891412,-0.002232606781705892,0.0,1517.648002308558
0.29411017956444196,-0.4165226999423696,0.0,0.0017026906819723401,-0.0020864976791430696,0.0,1520.0
0.29411017956444196,-0.4165226999423696,0.0,0.0017026906819723401,-0.0020864976791430696,0.0,1520.0
0.294509679562293,-0.417013193045865,0.0,0.0016841690134079277,-0.0020717756479332067,0.0,1520.2359118306363
0.2982646820807065,-0.42172671114093263,0.0,0.0014993471968437614,-0.0019240775398746705,0.0,1522.595030136999
0.30164477261268063,-0.426172075870448,0.0,0.001311708985607554,-0.0017725764512228441,0.0,1525.0
0.30164477261268063,-0.426172075870448,0.0,0.001311708985607554,-0.0017725764512228441,0.0,1525.0
0.301944421822232,-0.42657811244226645,0.0,0.0012938218721894358,-0.0017580180233841437,0.0,1525.2300102150805
0.3047149763945869,-0.4304538974640351,0.0,0.0011153807803966525,-0.0016119243198757494,0.0,1527.5301123658853
0.30723412998768435,-0.434240350162656,0.0,0.0009246728595235618,-0.0014539806902959093,0.0,1530.0
0.30723412998768435,-0.434240350162656,0.0,0.0009246728595235618,-0.0014539806902959093,0.0,1530.0
0.3074383953215018,-0.4345629530048822,0.0,0.0009075167078227056,-0.0014396518029349697,0.0,1530.2229741807694
0.30927100366460447,-0.43761284988888244,0.0,0.000736406537314633,-0.001295838298461221,0.0,1532.452715988463
0.31089895228922687,-0.44070321496523684,0.0,0.0005419658596248015,-0.0011303447032375102,0.0,1535.0
0.31089895228922687,-0.44070321496523684,0.0,0.0005419658596248015,-0.0011303447032375102,0.0,1535.0
0.31101349790871974,-0.44094426426162886,0.0,0.0005256480149607961,-0.0011163327631970364,0.0,1535.214582761755
0.3119667138620199,-0.4431889948860964,0.0,0.0003629288710297274,-0.0009756890888917806,0.0,1537.360410379306
0.31266178943262424,-0.4455346448367114,0.0,0.00016394639704212785,-0.0008013448875146661,0.0,1540.0
0.31266178943262424,-0.4455346448367114,0.0,0.00016394639704212785,-0.0008013448875146661,0.0,1540.0
0.31269371792251405,-0.4456969803961086,0.0,0.0001486075456888846,-0.0007877797633386465,0.0,1540.2043079548719
0.31284096385865545,-0.4471675435158958,0.0,-4.328316984504241e-06,-0.0006516211192589915,0.0,1542.2473875035905
0.31254694472461836,-0.44870707641211177,0.0,-0.0002090406927776721,-0.0004666877990630269,0.0,1545.0
0.31254694472461836,-0.44870707641211177,0.0,-0.0002090406927776721,-0.0004666877990630269,0.0,1545.0
0.3125029708202455,-0.44880044850151546,0.0,-0.0002240752129421489,-0.00045297131754353827,0.0,1545.2030576884483
0.3118956660628875,-0.4495806043851022,0.0,-0.0003739373377872937,-0.0003152750115635953,0.0,1547.2336345729316
0.3105804329916004,-0.4501915328922676,0.0,-0.0005766539293278636,-0.000126099876784116,0.0,1550.0
0.3105804329916004,-0.4501915328922676,0.0,-0.0005766539293278636,-0.000126099876784116,0.0,1550.0
0.31046182819306095,-0.45021572241926344,0.0,-0.0005914649009083079,-0.00011213736080176635,0.0,1550.203069477427
0.309110727660617,-0.4503012748666358,0.0,-0.0007390547406280362,2.804879204940527e-05,0.0,1552.2337642516982
0.3067899876351307,-0.44995770048763145,0.0,-0.0009385457003664374,0.00022068160905466892,0.0,1555.0
0.3067899876351307,-0.44995770048763145,0.0,-0.0009385457003664374,0.00022068160905466892,0.0,1555.0
0.30659343207678114,-0.44991033718704876,0.0,-0.0009534554505356174,0.00023522952628020056,0.0,1555.20777511272
0.3044579174098259,-0.44927000724872596,0.0,-0.0011019683231198356,0.00038132684362274347,0.0,1557.285526239919
0.3012051150181396,-0.44797396121452987,0.0,-0.0012943526902435417,0.000573917057655504,0.0,1560.0
0.3012051150181396,-0.44797396121452987,0.0,-0.0012943526902435417,0.000573917057655504,0.0,1560.0
0.30092252326257996,-0.4478477163648969,0.0,-0.0013096558047079835,0.0005893989856283512,0.0,1560.2170434798443
0.29791444559900093,-0.44639991634563964,0.0,-0.001462001646700167,0.0007449274128060906,0.0,1562.387478278287
0.2938571988611233,-0.44420738300469736,0.0,-0.001643685313282674,0.0009338731999893411,0.0,1565.0
0.2938571988611233,-0.44420738300469736,0.0,-0.001643685313282674,0.0009338731999893411,0.0,1565.0
0.29348610416598403,-0.4439956997856285,0.0,-0.001659229212035745,0.0009502091669995167,0.0,1565.2247072556193
0.28958367128945284,-0.44167634576219794,0.0,-0.0018138781181837526,0.0011143679827928595,0.0,1567.4717798118118
0.2847796612521743,-0.4386236654580105,0.0,-0.0019861154738496645,0.0013008322737382784,0.0,1570.0
0.2847796612521743,-0.4386236654580105,0.0,-0.0019861154738496645,0.0013008322737382784,0.0,1570.0
0.2843188114715608,-0.43832103175100334,0.0,-0.0020017742764760105,0.0013179644754899317,0.0,1570.2311244782084
0.2795119883716452,-0.4350761942838055,0.0,-0.002157460719618029,0.0014901765538503345,0.0,1572.542369260292
0.27400819148059496,-0.4311870369065032,0.0,-0.002321161462627339,0.0016751024347577605,0.0,1575.0
0.27400819148059496,-0.4311870369065032,0.0,-0.002321161462627339,0.0016751024347577605,0.0,1575.0
0.27345754883482704,-0.43078887994293774,0.0,-0.0023368188138302957,0.0016929805488287261,0.0,1575.236429633425
0.2677483628471647,-0.4265740182318583,0.0,-0.0024923701888653,0.0018727448432510581,0.0,1577.600725967674
0.26158106081777716,-0.4218600945451148,0.0,-0.0026482683756263417,0.002057030259949546,0.0,1580.0
0.26158106081777716,-0.4218600945451148,0.0,-0.0026482683756263417,0.002057030259949546,0.0,1580.0
0.2609419634197013,-0.42136289702138635,0.0,-0.0026638071223183736,0.0020756020635730814,0.0,1580.24062044448
0.25434631588007695,-0.4161442336288105,0.0,-0.0028180405418684173,0.0022623993239602688,0.0,1582.646824889281
0.2475395508437897,-0.4106035748128278,0.0,-0.002966781817499937,0.002447016334664198,0.0,1585.0
0.2475395508437897,-0.4106035748128278,0.0,-0.002966781817499937,0.002447016334664198,0.0,1585.0
0.2468149743329292,-0.41000513880655365,0.0,-0.002982077169015377,0.002466220897241331,0.0,1585.2436016859226
0.23936538413894506,-0.4037624720933303,0.0,-0.00313373085368503,0.0026594452310461964,0.0,1587.6796185451487
0.23192853661445115,-0.39737603559612633,0.0,-0.0032759115418833054,0.0028455352045767823,0.0,1590.0
0.23192853661445115,-0.39737603559612633,0.0,-0.0032759115418833054,0.0028455352045767823,0.0,1590.0
0.23112338095672677,-0.3966758243835418,0.0,-0.003290826908043441,0.002865298448147816,0.0,1590.2452222304164
0.22287190674805574,-0.3894060643098041,0.0,-0.0034385179269554255,0.003064212720796753,0.0,1592.6974445345804
0.21479728814614185,-0.38213342334403516,0.0,-0.0035746793144973985,0.0032531618387322634,0.0,1595.0
0.21479728814614185,-0.38213342334403516,0.0,-0.0035746793144973985,0.0032531618387322634,0.0,1595.0
0.21391858749988166,-0.3813328808140929,0.0,-0.00358906515749982,0.003273394962031701,0.0,1595.245318646066
0.2049388859353703,-0.37305327137389116,0.0,-0.0037312766468240986,0.0034771150506414505,0.0,1597.6985051067252
0.1962005690818045,-0.36482850432219804,0.0,-0.003861850462810704,0.003670599912588227,0.0,1600.0
0.1962005690818045,-0.36482850432219804,0.0,-0.003861850462810704,0.003670599912588227,0.0,1600.0
0.19525753142967042,-0.3639312452214099,0.0,-0.0038755441782918577,0.0036912025536085784,0.0,1600.2437608589519
0.18564514270284532,-0.35468116245143233,0.0,-0.00401062070922091,0.0038987298762469726,0.0,1602.6813694484706
0.17620022463043125,-0.3454100738181415,0.0,-0.004135802334156064,0.0040987436245701735,0.0,1605.0
0.17620022463043125,-0.3454100738181415,0.0,-0.004135802334156064,0.0040987436245701735,0.0,1605.0
0.17520409355696587,-0.3444218894133086,0.0,-0.004148628924329348,0.004119609314049195,0.0,1605.240482488865
0.16507490033577613,-0.334262707181392,0.0,-0.004274777764077731,0.004329886370981078,0.0,1607.6453073775142
0.15486754465123648,-0.3238218508618771,0.0,-0.004394339833763746,0.004538742320074323,0.0,1610.0
0.15486754465123648,-0.3238218508618771,0.0,-0.004394339833763746,0.004538742320074323,0.0,1610.0
0.15383141138763612,-0.3227506267940066,0.0,-0.0044061087005127205,0.004559764261841151,0.0,1610.2354726393473
0.14331965338420857,-0.311764696510164,0.0,-0.004521358241587036,0.004771733384708424,0.0,1612.5901990328207
0.13228685051522995,-0.3000009719172991,0.0,-0.004634377174355977,0.004992097573103033,0.0,1615.0
0.13228685051522995,-0.3000009719172991,0.0,-0.004634377174355977,0.004992097573103033,0.0,1615.0
0.13122567150548395,-0.29885676664055666,0.0,-0.004644870825785635,0.005013170088562016,0.0,1615.2287207012052
0.12048414620256888,-0.2871481235666286,0.0,-0.004746941899721176,0.005225786934934814,0.0,1617.5159277132577
0.10856121977768834,-0.2738759171748913,0.0,-0.004851373767040621,0.005460792826012942,0.0,1620.0
0.10856121977768834,-0.2738759171748913,0.0,-0.004851373767040621,0.005460792826012942,0.0,1620.0
0.10749237633194927,-0.27267160626946507,0.0,-0.004860323266350837,0.005481802383339973,0.0,1620.2201144329983
0.09669823196449136,-0.26037258659416124,0.0,-0.004946357287826194,0.0056939386808440825,0.0,1622.4212587629818
0.08382213285069334,-0.24536373384465288,0.0,-0.0050382686228515605,0.005947436362506206,0.0,1625.0
0.08382213285069334,-0.24536373384465288,0.0,-0.0050382686228515605,0.005947436362506206,0.0,1625.0
0.08276706214778032,-0.24411696914603162,0.0,-0.005045308078707433,0.005968229303046201,0.0,1625.2092649130204
0.07213846436562876,-0.23140842893262437,0.0,-0.005111369661201306,0.006178321344141296,0.0,1627.3019140432248
0.058246826452996156,-0.21436675183975384,0.0,-0.005183318974688037,0.006455272143415728,0.0,1630.0
0.058246826452996156,-0.21436675183975384,0.0,-0.005183318974688037,0.006455272143415728,0.0,1630.0
0.057235121085657446,-0.21310536184707277,0.0,-0.005187907726824559,0.006475556033510288,0.0,1630.1950981945106
0.047072613741616004,-0.20027235927217002,0.0,-0.0052281633030230625,0.006680519717752501,0.0,1632.1460801396165
0.03209189080480614,-0.18077086931743905,0.0,-0.005265424106265938,0.006987295176653936,0.0,1635.0
0.03209189080480614,-0.18077086931743905,0.0,-0.005265424106265938,0.006987295176653936,0.0,1635.0
0.031173789915396016,-0.17955103710428316,0.0,-0.005266754069015982,0.007006286702960046,0.0,1635.174341729092
0.021984424394823482,-0.16716968490946735,0.0,-0.005272728181305194,0.007197690354336342,0.0,1636.9177590200122
0.005762275506289539,-0.1444569590147526,0.0,-0.0052441167299880544,0.007540701957689958,0.0,1640.0
0.005762275506289539,-0.1444569590147526,0.0,-0.0052441167299880544,0.007540701957689958,0.0,1640.0
0.005092455652031623,-0.14349266502232136,0.0,-0.005241642767826731,0.0075549583403372806,0.0,1640.1277577707722
-0.0015854307898550803,-0.13374971188099397,0.0,-0.005210279791846869,0.007697100921068664,0.0,1641.405335478494
-0.02005718513285149,-0.10537970731034285,0.0,-0.005047251643775626,0.00808147627129654,0.0,1645.0
-0.02005718513285149,-0.10537970731034285,0.0,-0.005047251643775626,0.00808147627129654,0.0,1645.0
-0.02086420310874472,-0.10408495779574013,0.0,-0.0050370863429701615,0.008097505266917635,0.0,1645.1600530611502
-0.028837089910486648,-0.09100087463480067,0.0,-0.004921538801059023,0.008249460735718615,0.0,1646.7605836726518
-0.044311131477285166,-0.06385483478420767,0.0,-0.004618344877574276,0.008494484875906575,0.0,1650.0
-0.044311131477285166,-0.06385483478420767,0.0,-0.004618344877574276,0.008494484875906575,0.0,1650.0
-0.04511191382341561,-0.06237813015777009,0.0,-0.004599932365763597,0.008504733203563982,0.0,1650.1737374343224
-0.05293882328460635,-0.04752320546910539,0.0,-0.00440797358412084,0.008590730296489778,0.0,1651.911111777547
-0.06600004222991145,-0.020836781616118596,0.0,-0.004046411613470519,0.008674483334460322,0.0,1655.0
-0.06600004222991145,-0.020836781616118596,0.0,-0.004046411613470519,0.008674483334460322,0.0,1655.0
-0.06658847413114093,-0.019572481326525917,0.0,-0.004029085881667385,0.00867644504801377,0.0,1655.1457326471236
-0.07233383828552048,-0.0069180487343247984,0.0,-0.0038557356409526476,0.008687747237732402,0.0,1656.6030591183599
-0.08474991048302113,0.02257144553450748,0.0,-0.003455963859250034,0.008664189956514447,0.0,1660.0
-0.08474991048302113,0.02257144553450748,0.0,-0.003455963859250034,0.008664189956514447,0.0,1660.0
-0.08526064323670343,0.023854884688563043,0.0,-0.003438770643736012,0.008661815946281015,0.0,1660.148151621261
-0.09022857483704448,0.036667211059142904,0.0,-0.0032682012751017553,0.008632891714624063,0.0,1661.6296678338701
-0.10060236675604509,0.06561175877249821,0.0,-0.0028901133763088683,0.008536806993868861,0.0,1665.0
-0.10060236675604509,0.06561175877249821,0.0,-0.0028901133763088683,0.008536806993868861,0.0,1665.0
-0.10112510171619983,0.06716060275630067,0.0,-0.0028701540331106308,0.008530611818130985,0.0,1665.181496986606
-0.10615466031987168,0.0825839861612376,0.0,-0.0026728415274925093,0.008463659483705121,0.0,1666.996466852665
-0.1137030045820569,0.1078169277281011,0.0,-0.0023553195108376498,0.008335093407807964,0.0,1670.0
-0.1137030045820569,0.1078169277281011,0.0,-0.0023553195108376498,0.008335093407807964,0.0,1670.0
-0.11416911054663305,0.10947274812756039,0.0,-0.0023346871118379805,0.008325901821738818,0.0,1670.198765924418
-0.1186064184607571,0.12592746496816326,0.0,-0.0021309506682993407,0.008229711168690725,0.0,1672.1864251685981
-0.12420523809853842,0.14887689106421267,0.0,-0.0018504252384030906,0.008081414035260073,0.0,1675.0
-0.12420523809853842,0.14887689106421267,0.0,-0.0018504252384030906,0.008081414035260073,0.0,1675.0
-0.12459030727516988,0.15056678499064416,0.0,-0.001829913315797659,0.008069874884345704,0.0,1675.209257940632
-0.1282068893559402,0.1673302196712849,0.0,-0.0016274723275958932,0.007950829101145715,0.0,1677.301837346951
-0.13225367811676952,0.18856565261131222,0.0,-0.0013734976278352833,0.007788197925058089,0.0,1680.0
-0.13225367811676952,0.18856565261131222,0.0,-0.0013734976278352833,0.007788197925058089,0.0,1680.0
-0.13254638066256527,0.1902360450401441,0.0,-0.0013536224376354334,0.0077748517179387295,0.0,1680.21466119027
-0.13524076061353993,0.20678002579388113,0.0,-0.001157539067332887,0.007638251831528501,0.0,1682.361273092969
-0.13798425102614859,0.22670572627468474,0.0,-0.0009230600009183545,0.007462953237929576,0.0,1685.0
-0.13798425102614859,0.22670572627468474,0.0,-0.0009230600009183545,0.007462953237929576,0.0,1685.0
-0.13818106632569424,0.228311804038661,0.0,-0.0009042345690065128,0.0074483005944535755,0.0,1685.2154180844839
-0.13992812897404155,0.24419694408114762,0.0,-0.0007185680572421661,0.0072990924609809054,0.0,1687.3695989293226
-0.141526881486753,0.2631500422135636,0.0,-0.0004981802848557088,0.007110593422853063,0.0,1690.0
-0.141526881486753,0.2631500422135636,0.0,-0.0004981802848557088,0.007110593422853063,0.0,1690.0
-0.1416305697783266,0.264654739875032,0.0,-0.00048073912053559327,0.007095116942758724,0.0,1690.2118439533658
-0.14246605245637564,0.2795197095034595,0.0,-0.0003087725491134679,0.006938091423978928,0.0,1692.330283487024
-0.14300795230771257,0.2977721481542469,0.0,-9.835542589368005e-05,0.006734583058578243,0.0,1695.0
-0.14300795230771257,0.2977721481542469,0.0,-9.835542589368005e-05,0.006734583058578243,0.0,1695.0
-0.14302641540199518,0.29914508558624003,0.0,-8.257043681690829e-05,0.006718765532177484,0.0,1695.2041033632
-0.1430354513540547,0.31269556172324364,0.0,7.30370375475078e-05,0.00655872804696541,0.0,1697.2451369951991
-0.14255213098456646,0.330460622036229,0.0,0.00027661393812576836,0.006337541536328311,0.0,1700.0
-0.14255213098456646,0.330460622036229,0.0,0.00027661393812576836,0.006337541536328311,0.0,1700.0
-0.14249169222601324,0.3318060268112312,0.0,0.00029199551582824776,0.006320220414087628,0.0,1700.2125816851853
-0.14170926632359418,0.34505620426407374,0.0,0.0004433880809406654,0.006145199184849342,0.0,1702.3383985370388
-0.14028362727972934,0.3611157638139524,0.0,0.0006267241005370863,0.005921579989564869,0.0,1705.0
-0.14028362727972934,0.3611157638139524,0.0,0.0006267241005370863,0.005921579989564869,0.0,1705.0
-0.14014126690165535,0.36244266990513535,0.0,0.000641842226564993,0.005902485731054686,0.0,1705.224441489854
-0.13853316667393936,0.37547459192512256,0.0,0.0007903166166683332,0.005709724699815896,0.0,1707.468856388393
-0.13632701382656198,0.38964758551784434,0.0,0.0009518429969856944,0.005488497443145289,0.0,1710.0
-0.13632701382656198,0.38964758551784434,0.0,0.0009518429969856944,0.005488497443145289,0.0,1710.0
-0.13610307570049346,0.3909266436218019,0.0,0.0009663960410684075,0.005467874360674987,0.0,1710.2334819387147
-0.13367921920998732,0.4034509345758256,0.0,0.0011089790388701792,0.005259865649560984,0.0,1712.5683013258617
-0.1308077270491521,0.4159745681323344,0.0,0.001251764148787785,0.00503989837320325,0.0,1715.0
-0.1308077270491521,0.4159745681323344,0.0,0.001251764148787785,0.00503989837320325,0.0,1715.0
-0.13050591625841,0.41718047347780796,0.0,0.0012654947702463923,0.005018011899956703,0.0,1715.2397923002973
-0.12730935189732911,0.4289494490726688,0.0,0.0013996648331871693,0.004797454622528626,0.0,1717.63771530327
-0.12385233993791042,0.4400228817125929,0.0,0.0015262446077078469,0.004577264197433996,0.0,1720.0
-0.12385233993791042,0.4400228817125929,0.0,0.0015262446077078469,0.004577264197433996,0.0,1720.0
-0.12347966746456161,0.44113313692153966,0.0,0.0015389243461725525,0.0045544242991941725,0.0,1720.2431652421487
-0.11958613414782537,0.4519288886510244,0.0,0.0016624637511722905,0.004324460699328332,0.0,1722.674817663636
-0.11558867623270219,0.4617258882368467,0.0,0.0017750309028534408,0.004101997007330088,0.0,1725.0
-0.11558867623270219,0.4617258882368467,0.0,0.0017750309028534408,0.004101997007330088,0.0,1725.0
-0.11515502592215733,0.46272195262731464,0.0,0.0017864720490052253,0.00407854443998304,0.0,1725.2435202779907
-0.11066809823847877,0.47236728216078017,0.0,0.0018975804384988603,0.0038426179477041938,0.0,1727.6787230578975
-0.10614581821006508,0.4810238174120185,0.0,0.0019978759726661335,0.0036154462839262202,0.0,1730.0
-0.10614581821006508,0.4810238174120185,0.0,0.0019978759726661335,0.0036154462839262202,0.0,1730.0
-0.10566286247138222,0.4818927352812477,0.0,0.0020079492063626923,0.0035917149294094675,0.0,1730.2411261218742
-0.10070247603314815,0.49026616069853446,0.0,0.002105407549636672,0.0033531878747440225,0.0,1732.6523873406165
-0.09565404723765868,0.4978635480229819,0.0,0.0021945493552199312,0.003118925186816258,0.0,1735.0
-0.09565404723765868,0.4978635480229819,0.0,0.0021945493552199312,0.003118925186816258,0.0,1735.0
-0.09513399926656606,0.4985983901682742,0.0,0.002203188507965949,0.0030952103146259136,0.0,1735.2365065171825
-0.08982377640381532,0.505637485253098,0.0,0.0022863966439258003,0.00285704476891956,0.0,1737.6015716890079
-0.08424474636366672,0.5121984537691362,0.0,0.0023648423536843217,0.0026137205688574073,0.0,1740.0
-0.08424474636366672,0.5121984537691362,0.0,0.0023648423536843217,0.0026137205688574073,0.0,1740.0
-0.08369957787176333,0.5127973819654212,0.0,0.002372033942959435,0.0025902722168721806,0.0,1740.2301801430197
-0.07815930076280239,0.5184891430142919,0.0,0.0024409039135818624,0.0023549663707625895,0.0,1742.5319815732162
-0.07205028621553292,0.5239882894436972,0.0,0.0025085696753351164,0.002101099435751945,0.0,1745.0
-0.07205028621553292,0.5239882894436972,0.0,0.0025085696753351164,0.002101099435751945,0.0,1745.0
-0.07149157359553396,0.5244531575882846,0.0,0.0025143371231656194,0.002078137269752601,0.0,1745.222465467146
-0.06583611442606291,0.5288203828391141,0.0,0.0025691395886691727,0.0018478780679640214,0.0,1747.447120138607
-0.059203909045631574,0.5331991042229279,0.0,0.0026255686328168957,0.001582313560209738,0.0,1750.0
-0.059203909045631574,0.5331991042229279,0.0,0.0026255686328168957,0.001582313560209738,0.0,1750.0
-0.05864315125216698,0.533534390121239,0.0,0.0026299597988576075,0.0015600528454852236,0.0,1750.21339697437
-0.05298602496613486,0.536625626810288,0.0,0.0026712059541693822,0.0013369788673411919,0.0,1752.3473667180697
-0.045839621110112,0.539803175716702,0.0,0.0027156966890696634,0.0010586033332730487,0.0,1755.0
-0.045839621110112,0.539803175716702,0.0,0.0027156966890696634,0.0010586033332730487,0.0,1755.0
-0.0452889604784717,0.5400155467804195,0.0,0.002718777782381877,0.0010372903392229192,0.0,1755.2026543290124
-0.03974973016029201,0.5419014783393709,0.0,0.0027471659675499193,0.0008238474467585847,0.0,1757.2291976191361
-0.03209209972671646,0.5437789628771654,0.0,0.0027788281000701268,0.0005312015693670262,0.0,1760.0
-0.03209209972671646,0.5437789628771654,0.0,0.0027788281000701268,0.0005312015693670262,0.0,1760.0
-0.03156582043747163,0.5438776371630748,0.0,0.002780684803762464,0.0005111751840002462,0.0,1760.1893254636623
-0.0262851045012317,0.5446557268306061,0.0,0.0027971224064374405,0.0003107327561268637,0.0,1762.082580100285
-0.018096618488651215,0.545111078626676,0.0,0.002814850054912403,1.337673189384409e-06,0.0,1765.0
-0.018096618488651215,0.545111078626676,0.0,0.002814850054912403,1.337673189384409e-06,0.0,1765.0
-0.01761553516668005,0.5451097574643464,0.0,0.0028156003256502777,-1.680039792652928e-05,0.0,1765.1708861060426
-0.01279869423211333,0.544926028722551,0.0,0.0028213572869752986,-0.00019824926303981915,0.0,1766.879747166469
-0.003988992311680043,0.5437902847418404,0.0,0.0028236586332508157,-0.0005297575588106634,0.0,1770.0
-0.003988992311680043,0.5437902847418404,0.0,0.0028236586332508157,-0.0005297575588106634,0.0,1770.0
-0.0036051948307129927,0.5437172956371327,0.0,0.0028235175011959847,-0.0005442009611997671,0.0,1770.135925369868
0.00023119661117944595,0.5428794293539129,0.0,0.002820995550584867,-0.0006886292988047415,0.0,1771.4951790685468
0.010094457223843539,0.5398135126629839,0.0,0.0028051547486437085,-0.0010608463124445195,0.0,1775.0
0.010094457223843539,0.5398135126629839,0.0,0.0028051547486437085,-0.0010608463124445195,0.0,1775.0
0.010541188801189833,0.5396431913699518,0.0,0.0028041162338627705,-0.0010777510679753862,0.0,1775.159283161386
0.014998551977512972,0.5377919260841816,0.0,0.002792197852546754,-0.001246719492405396,0.0,1776.7521147752452
0.02401691641135544,0.5331839147844359,0.0,0.0027592401618967703,-0.0015906771330684612,0.0,1780.0
0.02401691641135544,0.5331839147844359,0.0,0.0027592401618967703,-0.0015906771330684612,0.0,1780.0
0.024530933251064303,0.5328856322052304,0.0,0.002756999115857185,-0.0016103846862145776,0.0,1780.1863647382652
0.029646755327714002,0.5297009365127064,0.0,0.0027324795511468837,-0.001807251951256303,0.0,1782.050012120917
0.037641074045395836,0.523910951703208,0.0,0.002685813492999697,-0.0021179770999603764,0.0,1785.0
0.037641074045395836,0.523910951703208,0.0,0.002685813492999697,-0.0021179770999603764,0.0,1785.0
0.0381848705965468,0.5234796842562454,0.0,0.002682258477266351,-0.0021392720188329,0.0,1785.202603760197
0.04358144662890369,0.5189299727907397,0.0,0.002644204440677081,-0.002351854892351639,0.0,1787.228641362167
0.05082909585033356,0.512010522143908,0.0,0.0025847661087478216,-0.002641442499545005,0.0,1790.0
0.05082909585033356,0.512010522143908,0.0,0.0025847661087478216,-0.002641442499545005,0.0,1790.0
0.051383341887250154,0.5114411802439309,0.0,0.0025798102029069127,-0.0026638072840346047,0.0,1790.214633335369
0.05686517881238146,0.5054841578094695,0.0,0.0025274287890371836,-0.002886905182605554,0.0,1792.3609666890584
0.06344257747237014,0.49750514412726676,0.0,0.0024559776188694915,-0.0031597275420909296,0.0,1795.0
0.06344257747237014,0.49750514412726676,0.0,0.0024559776188694915,-0.0031597275420909296,0.0,1795.0
0.06399266349385835,0.4967939163356166,0.0,0.0024495501944404715,-0.003182831661239259,0.0,1795.224271471447
0.06941181255140999,0.48939724070456425,0.0,0.0023821804570058757,-0.0034131148528192255,0.0,1797.466986185918
0.07534247329084953,0.48042419877949183,0.0,0.0022993106493110417,-0.0036714304285772317,0.0,1800.0
0.07534247329084953,0.48042419877949183,0.0,0.0022993106493110417,-0.0036714304285772317,0.0,1800.0
0.07587514452179973,0.47956944868641427,0.0,0.002291360567596579,-0.0036949965408275857,0.0,1800.232066308214
0.08109767986382062,0.4707219552954809,0.0,0.0022085287490721363,-0.0039296688784843095,0.0,1802.552729390353
0.08638899634580383,0.46080425248254997,0.0,0.002114604432310439,-0.0041750757128948485,0.0,1805.0
0.08638899634580383,0.46080425248254997,0.0,0.002114604432310439,-0.0041750757128948485,0.0,1805.0
0.08689106676309533,0.45980791160527185,0.0,0.0021051117593944985,-0.0041988184290072976,0.0,1805.2379634674992
0.0917845974802606,0.44953478213477244,0.0,0.002006661984383563,-0.004435007815791187,0.0,1807.617598142491
0.09644148167456223,0.43868947974166295,0.0,0.0019016664636464506,-0.004669091298833516,0.0,1810.0
0.09644148167456223,0.43868947974166295,0.0,0.0019016664636464506,-0.004669091298833516,0.0,1810.0
0.09689946943078569,0.4375588896789803,0.0,0.0018906606508404748,-0.004692682631166934,0.0,1810.2415331833447
0.10133005269086785,0.42594085006633736,0.0,0.0017769466128990771,-0.004927100488104655,0.0,1812.6568650167917
0.10535820151695727,0.4141322194456222,0.0,0.0016602614398128154,-0.0051517775448046525,0.0,1815.0
0.10535820151695727,0.4141322194456222,0.0,0.0016602614398128154,-0.0051517775448046525,0.0,1815.0
0.10575883151146362,0.4128816098467386,0.0,0.001647837828477473,-0.005174839843671365,0.0,1815.2422107697898
0.10959648496894223,0.40006975931147004,0.0,0.0015198911053609895,-0.0054037154680948215,0.0,1817.6643184676882
0.11299611599807555,0.387193713227029,0.0,0.0013900963090574857,-0.005621264468044389,0.0,1820.0
0.11299611599807555,0.387193713227029,0.0,0.0013900963090574857,-0.005621264468044389,0.0,1820.0
0.11332759627781644,0.38584399983037004,0.0,0.001376417258506785,-0.005643398060589312,0.0,1820.239636596699
0.11645902750709394,0.3720567939580259,0.0,0.0012359505603406836,-0.005862755623554704,0.0,1822.6360025636893
0.11921053598512898,0.35794510040319844,0.0,0.001090799832554247,-0.006075450531305891,0.0,1825.0
0.11921053598512898,0.35794510040319844,0.0,0.001090799832554247,-0.006075450531305891,0.0,1825.0
0.11946391829227909,0.35652181352088036,0.0,0.0010760769269596037,-0.0060962790799414,0.0,1825.233867523199
0.12180545536755644,0.34202280583513145,0.0,0.000925290669367065,-0.00630238547663408,0.0,1827.5725427551893
0.12385466654811703,0.3264687859174823,0.0,0.0007618949727003491,-0.006511912366003991,0.0,1830.0
0.12385466654811703,0.3264687859174823,0.0,0.0007618949727003491,-0.006511912366003991,0.0,1830.0
0.12402449958824038,0.32500013166129293,0.0,0.000746371462745077,-0.006531107243969057,0.0,1830.2252014515968
0.12552790264929906,0.3100776782643928,0.0,0.0005877686116693478,-0.00672070910819755,0.0,1832.4772159675651
0.1267789897002724,0.2928603684323136,0.0,0.0004027619788626169,-0.006927767035040073,0.0,1835.0
0.1267789897002724,0.2928603684323136,0.0,0.0004027619788626169,-0.006927767035040073,0.0,1835.0
0.1268633523107451,0.2913779695982917,0.0,0.0003867232453244942,-0.006945029028935931,0.0,1835.2137129450566
0.12751612774785406,0.2763529218350009,0.0,0.00022321988209268547,-0.007115171074171805,0.0,1837.3508423956227
0.12783043745914577,0.25723143848968694,0.0,1.2591580716471196e-05,-0.007319454670495128,0.0,1840.0
0.12783043745914577,0.25723143848968694,0.0,1.2591580716471196e-05,-0.007319454670495128,0.0,1840.0
0.12783133463246213,0.25577602856829973,0.0,-3.56671336566639e-06,-0.007334453736472236,0.0,1840.1986376786065
0.12766184150783597,0.24105982314423874,0.0,-0.0001679358163948471,-0.007481896579265446,0.0,1842.1850144646712
0.12685131195124424,0.21971377788954463,0.0,-0.0004096677695019901,-0.007682382166658473,0.0,1845.0
0.12685131195124424,0.21971377788954463,0.0,-0.0004096677695019901,-0.007682382166658473,0.0,1845.0
0.12676518448852298,0.2181320429012628,0.0,-0.000427747716473727,-0.007696611219890362,0.0,1845.205700586409
0.12569712009673392,0.20215609809177346,0.0,-0.0006116662232145875,-0.007835561468209422,0.0,1847.2627064504986
0.1236779649506525,0.18046590597058362,0.0,-0.0008653467854160191,-0.00801031521998947,0.0,1850.0
0.1236779649506525,0.18046590597058362,0.0,-0.0008653467854160191,-0.00801031521998947,0.0,1850.0
0.12349591092978031,0.17879830797707666,0.0,-0.0008850528476324026,-0.008023078725691668,0.0,1850.2080154319046
0.12144748532550463,0.16197941403415292,0.0,-0.0010854588294731482,-0.008146399693559696,0.0,1852.288169750951
0.11813947525767751,0.139683723701919,0.0,-0.0013559961878507718,-0.008294296574005352,0.0,1855.0
0.11813947525767751,0.139683723701919,0.0,-0.0013559961878507718,-0.008294296574005352,0.0,1855.0
0.11786019157640576,0.13798735049428346,0.0,-0.001376820286563045,-0.008304793607059486,0.0,1855.204393320501
0.11483085901995359,0.12090949931671556,0.0,-0.0015884173006543204,-0.008404272808342836,0.0,1857.24832652551
0.11005736355698496,0.09761859491814476,0.0,-0.001882951479123284,-0.008520655142198399,0.0,1860.0
0.11005736355698496,0.09761859491814476,0.0,-0.001882951479123284,-0.008520655142198399,0.0,1860.0
0.10968973420179468,0.0959636050757644,0.0,-0.0019041503680379164,-0.008528018133196388,0.0,1860.1941485873176
0.10578505547966296,0.07933969957931639,0.0,-0.0021191014963647813,-0.00859476885237354,0.0,1862.1356344604937
0.09925014443205805,0.054609177139413045,0.0,-0.002445561665661483,-0.008667349742249636,0.0,1865.0
0.09925014443205805,0.054609177139413045,0.0,-0.002445561665661483,-0.008667349742249636,0.0,1865.0
0.09882045725856574,0.05309230967871607,0.0,-0.00246583335724361,-0.008670650687291552,0.0,1865.174975818457
0.09432738925413121,0.037896787888638976,0.0,-0.0026703193335944086,-0.008695525652583911,0.0,1866.924734003026
0.0855558022657849,0.011136970216689333,0.0,-0.0030349474845710323,-0.008698261019990935,0.0,1870.0
0.0855558022657849,0.011136970216689333,0.0,-0.0030349474845710323,-0.008698261019990935,0.0,1870.0
0.08516086999636414,0.010008028393714116,0.0,-0.0030503856113745474,-0.008697076368212705,0.0,1870.1297980680413
0.08110147271267748,-0.0012700244775757773,0.0,-0.00320441331525924,-0.008678779107040135,0.0,1871.427778748454
0.06891108027359324,-0.0320941842264489,0.0,-0.003616220460195054,-0.008561866146774203,0.0,1875.0
0.06891108027359324,-0.0320941842264489,0.0,-0.003616220460195054,-0.008561866146774203,0.0,1875.0
0.06833673013818677,-0.0334501487738293,0.0,-0.003633713218691981,-0.00855426723754627,0.0,1875.1584425335664
0.062443860652175824,-0.04693716847466764,0.0,-0.0038029319127700738,-0.0084667452880202,0.0,1876.74286786923
0.049543559563369276,-0.07414177052329354,0.0,-0.004107058592399403,-0.008224902242321426,0.0,1880.0
0.049543559563369276,-0.07414177052329354,0.0,-0.004107058592399403,-0.008224902242321426,0.0,1880.0
0.048800358301263815,-0.07562604288118531,0.0,-0.004121830722501959,-0.008209337228919707,0.0,1880.1806313409595
0.041230077022151576,-0.09030766369865811,0.0,-0.0042560633365540486,-0.008043706453814723,0.0,1881.9869447505546
0.028134990259435208,-0.11408984081267652,0.0,-0.0044248661916963085,-0.00773755678188666,0.0,1885.0
0.028134990259435208,-0.11408984081267652,0.0,-0.0044248661916963085,-0.00773755678188666,0.0,1885.0
0.02736518066789004,-0.11543319349332704,0.0,-0.00443257339476782,-0.0077191287519386845,0.0,1885.1738214562165
0.0196003071672125,-0.12868877485883773,0.0,-0.004498400740651604,-0.007532083342330356,0.0,1886.9120360183815
0.0055847937624940655,-0.1514256046441316,0.0,-0.004570251418540409,-0.007193324035046084,0.0,1890.0
0.0055847937624940655,-0.1514256046441316,0.0,-0.004570251418540409,-0.007193324035046084,0.0,1890.0
0.004987697259232521,-0.1523642644259523,0.0,-0.004572161189081657,-0.0071789392715442485,0.0,1890.130621011736
-0.0009949412642297605,-0.1616475626647325,0.0,-0.004586823977055402,-0.007035206394839139,0.0,1891.436831129095
-0.017360250773924037,-0.18602058636908828,0.0,-0.0045909672554673734,-0.006646382369993333,0.0,1895.0
-0.017360250773924037,-0.18602058636908828,0.0,-0.0045909672554673734,-0.006646382369993333,0.0,1895.0
-0.01809436193626399,-0.18708208600875234,0.0,-0.004590065492904615,-0.006629099935592683,0.0,1895.1599188392108
-0.025425054583654665,-0.197545598814527,0.0,-0.004576651399464111,-0.006457221213227805,0.0,1896.7591072313191
-0.04018557078229387,-0.21791537181722598,0.0,-0.004527809479160015,-0.006114546825968662,0.0,1900.0
-0.04018557078229387,-0.21791537181722598,0.0,-0.004527809479160015,-0.006114546825968662,0.0,1900.0
-0.04103380804756155,-0.21905949143795025,0.0,-0.004524177445502911,-0.006094978910504118,0.0,1900.187414328986
-0.04947597651570121,-0.2302999457276259,0.0,-0.004483686153673076,-0.005900762476823059,0.0,1902.0615576188466
-0.06254141830004167,-0.24719781250528908,0.0,-0.004406481165633965,-0.005601541796969412,0.0,1905.0
-0.06254141830004167,-0.24719781250528908,0.0,-0.004406481165633965,-0.005601541796969412,0.0,1905.0
-0.06344018341336469,-0.24833900197024697,0.0,-0.004400528856833841,-0.005581006856727628,0.0,1905.2041019475025
-0.07235840660444459,-0.25952155612750216,0.0,-0.004337389213486685,-0.00537729930240768,0.0,1907.2451214225277
-0.084179242012238,-0.27396176335748845,0.0,-0.0042426434723398816,-0.005106930178844795,0.0,1910.0
-0.084179242012238,-0.27396176335748845,0.0,-0.0042426434723398816,-0.005106930178844795,0.0,1910.0
-0.08509594898160544,-0.27506397261188403,0.0,-0.004234747654584916,-0.005085939281979004,0.0,1910.2162707598468
-0.09416671850089992,-0.2858376525054636,0.0,-0.004152673293847318,-0.004877703641682206,0.0,1912.3789783583147
-0.10491299590424921,-0.2982957309998764,0.0,-0.00404617723594931,-0.004629273772680348,0.0,1915.0
-0.10491299590424921,-0.2982957309998764,0.0,-0.00404617723594931,-0.004629273772680348,0.0,1915.0
-0.10582487678530969,-0.29933786488972425,0.0,-0.004036638031182832,-0.004608105072823605,0.0,1915.2256342362707
-0.11482314990683382,-0.3094978042712903,0.0,-0.003938538876818994,-0.004398059259376241,0.0,1917.4819765989778
-0.12459695435168117,-0.320280648311443,0.0,-0.003823625176679895,-0.004167054561370129,0.0,1920.0
-0.12459695435168117,-0.320280648311443,0.0,-0.003823625176679895,-0.004167054561370129,0.0,1920.0
-0.12548570112184998,-0.3212481438911063,0.0,-0.0038126911988274914,-0.004145902595423543,0.0,1920.2327682261994
-0.1342312425147597,-0.3306535988958387,0.0,-0.003700979134410615,-0.003935962320789325,0.0,1922.560450488193
-0.14311269575445662,-0.3399902178399359,0.0,-0.0035795292772176327,-0.003718914126143097,0.0,1925.0
-0.14311269575445662,-0.3399902178399359,0.0,-0.0035795292772176327,-0.003718914126143097,0.0,1925.0
-0.1439625987357254,-0.34087221617348284,0.0,-0.003567421579836267,-0.003697942323625536,0.0,1925.2378363094836
-0.15230149625337208,-0.34941912185242824,0.0,-0.003444254147805258,-0.003489725383519871,0.0,1927.616199404319
-0.1603611478049817,-0.35749183884609254,0.0,-0.00331718071798713,-0.003283688365220084,0.0,1930.0
-0.1603611478049817,-0.35749183884609254,0.0,-0.00331718071798713,-0.003283688365220084,0.0,1930.0
-0.1611585759024552,-0.35828028698062564,0.0,-0.0033041071139189976,-0.0032630461073659936,0.0,1930.2408677671488
-0.1689580963307344,-0.3658924996360797,0.0,-0.003171525573232837,-0.0030580350288364343,0.0,1932.6495454386363
-0.17625752245289425,-0.3728475315264278,0.0,-0.003039057881257162,-0.0028603843007537306,0.0,1935.0
-0.17625752245289425,-0.3728475315264278,0.0,-0.003039057881257162,-0.0028603843007537306,0.0,1935.0
-0.17699101586717894,-0.3735370351864668,0.0,-0.0030252177312709867,-0.002840207663867426,0.0,1935.2419061572518
-0.18414042395987468,-0.38016474080568224,0.0,-0.002885189018603029,-0.002639754790529248,0.0,1937.6609677297702
-0.19072797105443628,-0.3861147058115223,0.0,-0.0027470929401864127,-0.0024481449927761184,0.0,1940.0
-0.19072797105443628,-0.3861147058115223,0.0,-0.0027470929401864127,-0.0024481449927761184,0.0,1940.0
-0.19138849043062534,-0.3867025312678913,0.0,-0.002732675537084362,-0.0024285513951029652,0.0,1940.2410754564955
-0.19780130922814484,-0.39232201536362005,0.0,-0.0025870715377014505,-0.0022338251072610118,0.0,1942.651830021451
-0.2037073060780704,-0.3973467564709972,0.0,-0.002442840682539021,-0.0020462162154234018,0.0,1945.0
-0.2037073060780704,-0.3973467564709972,0.0,-0.002442840682539021,-0.0020462162154234018,0.0,1945.0
-0.20428832898127325,-0.3978326668108111,0.0,-0.0024280219497207142,-0.002027300240300052,0.0,1945.2385706544142
-0.20990306655792068,-0.4024444899952871,0.0,-0.0022785837908341783,-0.0018392432265934462,0.0,1947.6242771985558
-0.2151374099016885,-0.406593503936531,0.0,-0.0021275893851833002,-0.0016539182292050895,0.0,1950.0
-0.2151374099016885,-0.406593503936531,0.0,-0.0021275893851833002,-0.0016539182292050895,0.0,1950.0
-0.21563477705685458,-0.4069793824456603,0.0,-0.002112530861621153,-0.0016357523352160768,0.0,1950.2346003098917
-0.22041325116866553,-0.41060459202452926,0.0,-0.001960857685354536,-0.0014550883186055347,0.0,1952.5806034088084
-0.22496610152749638,-0.4139015077449147,0.0,-0.0018024359040004615,-0.0012706229478842792,0.0,1955.0
-0.22496610152749638,-0.4139015077449147,0.0,-0.0018024359040004615,-0.0012706229478842792,0.0,1955.0
-0.2253776992362725,-0.41419089597711256,0.0,-0.0017872877496434912,-0.0012532631596602441,0.0,1955.229319812255
-0.22930186178732156,-0.416866540975453,0.0,-0.0016348666570360087,-0.0010805530312251502,0.0,1957.5225179348047
-0.2331463186760811,-0.4193142769432521,0.0,-0.0014683384070008148,-0.0008957353850665971,0.0,1960.0
-0.2331463186760811,-0.4193142769432521,0.0,-0.0014683384070008148,-0.0008957353850665971,0.0,1960.0
-0.23347174724004846,-0.4195119858479082,0.0,-0.0014532465406032309,-0.0008792305898622583,0.0,1960.2227751678863
-0.23654048877888614,-0.4212874590034603,0.0,-0.0013015242346657695,-0.0007149644687324702,0.0,1962.4505268467494
-0.23963552469527258,-0.4228723966183302,0.0,-0.001126154606145327,-0.0005286784911228558,0.0,1965.0
-0.23963552469527258,-0.4228723966183302,0.0,-0.001126154606145327,-0.0005286784911228558,0.0,1965.0
-0.23987587614638373,-0.422984305586521,0.0,-0.0011112724812775614,-0.0005130830104875351,0.0,1965.2148460868748
-0.24210302390250785,-0.4239196211793306,0.0,-0.0009617733650426872,-0.00035780509665231885,0.0,1967.3633069556226
-0.2443952811772243,-0.4246135853204057,0.0,-0.0007766704829345561,-0.00016888052741907103,0.0,1970.0
-0.2443952811772243,-0.4246135853204057,0.0,-0.0007766704829345561,-0.00016888052741907103,0.0,1970.0
-0.2445531217761234,-0.42464673113795254,0.0,-0.0007621792067835782,-0.00015427311682026127,0.0,1970.2051407925437
-0.2459676232601163,-0.4248137893993723,0.0,-0.0006167069907631138,-8.770811583978501e-06,0.0,1972.2565487179809
-0.2473909479659293,-0.4245726937149505,0.0,-0.00042062297952336904,0.00018423594636922576,0.0,1975.0
-0.2473909479659293,-0.4245726937149505,0.0,-0.00042062297952336904,0.00018423594636922576,0.0,1975.0
-0.2474746318596821,-0.4245339609811872,0.0,-0.0004060727905361334,0.00019839579689142294,0.0,1975.2024535361393
-0.24814910635046347,-0.42398932839209513,0.0,-0.0002600804100185404,0.0003394823974044596,0.0,1977.226988897532
-0.24859148691558092,-0.4227816503174684,0.0,-5.871914582538846e-05,0.0005312643460862527,0.0,1980.0
-0.24859148691558092,-0.4227816503174684,0.0,-5.871914582538846e-05,0.0005312643460862527,0.0,1980.0
-0.2486017805759742,-0.4226739118986717,0.0,-4.411287737990809e-05,0.0005450376462865924,0.0,1980.2002008350426
-0.2485435859153399,-0.42144518916370916,0.0,0.00010237751016696675,0.0006823157848843749,0.0,1982.202209185468
-0.24796935567176853,-0.4192693569521124,0.0,0.00030834672245074027,0.0008728240183980307,0.0,1985.0
-0.24796935567176853,-0.4192693569521124,0.0,0.00030834672245074027,0.0008728240183980307,0.0,1985.0
-0.2479034552143523,-0.4190858892945853,0.0,0.0003237575827851709,0.0008869570272446256,0.0,1985.2085117536199
-0.2470674182322671,-0.41708945608844467,0.0,0.00047827295885679503,0.0010278468414848699,0.0,1987.2936292898185
-0.24550048630467905,-0.41406153275999213,0.0,0.0006798760248669832,0.001209570995930912,0.0,1990.0
-0.24550048630467905,-0.41406153275999213,0.0,0.0006798760248669832,0.001209570995930912,0.0,1990.0
-0.24535061927283303,-0.41379646970032563,0.0,0.0006961515071282281,0.0012241434556087866,0.0,1990.2178258163735
-0.2436566709907255,-0.4109715750689484,0.0,0.0008592852657401162,0.0013694506518653147,0.0,1992.3960839801089
-0.2411643518218029,-0.40718050115624077,0.0,0.0010551474845587028,0.0015422102170303375,0.0,1995.0
-0.2411643518218029,-0.40718050115624077,0.0,0.0010551474845587028,0.0015422102170303375,0.0,1995.0
-0.2409244628994841,-0.4068309969280536,0.0,0.0010721479219978887,0.0015571329638533033,0.0,1995.2255342995463
-0.23831442974333117,-0.4031511436095883,0.0,0.0012424835309505034,0.0017059879889316943,0.0,1997.4808772950096
-0.23494413157631552,-0.3986449098658066,0.0,0.0014333956135780996,0.0018715102718245137,0.0,2000.0
-0.23494413157631552,-0.3986449098658066,0.0,0.0014333956135780996,0.0018715102718245137,0.0,2000.0
-0.23460961394017218,-0.3982090478658214,0.0,0.0014509958685791295,0.0018867249138619054,0.0,2000.231950299102
-0.23103969075148023,-0.39365658064252684,0.0,0.001627260219842961,0.0020385672895816046,0.0,2002.5514532901218
-0.226826997869857,-0.38846936734970783,0.0,0.0018137832856393852,0.0021983223660394183,0.0,2005.0
-0.226826997869857,-0.38846936734970783,0.0,0.0018137832856393852,0.0021983223660394183,0.0,2005.0
-0.22639472099479468,-0.3879462071721025,0.0,0.0018318546534456545,0.002213785031108483,0.0,2005.2371474891338
-0.2218361031246962,-0.3825131018531518,0.0,0.00201273481823819,0.0023682024638881564,0.0,2007.6086223804718
-0.21680456037107176,-0.3766639712500704,0.0,0.0021953653071844627,0.0025236049206446426,0.0,2010.0
-0.21680456037107176,-0.3766639712500704,0.0,0.0021953653071844627,0.0025236049206446426,0.0,2010.0
-0.21627316778206623,-0.3760537875440449,0.0,0.0022137624146177422,0.002539276379990508,0.0,2010.241042058998
-0.2107153074664108,-0.3697442650169773,0.0,0.002397772491968086,0.002695907063316185,0.0,2012.6514626489768
-0.20487352746018503,-0.36323369297807684,0.0,0.0025770369131783207,0.002848457046315539,0.0,2015.0
-0.20487352746018503,-0.36323369297807684,0.0,0.0025770369131783207,0.002848457046315539,0.0,2015.0
-0.20424391150437055,-0.36253833213048814,0.0,0.0025955874741123886,0.002864296479231658,0.0,2015.2434415773605
-0.19769947627105927,-0.35537258638137725,0.0,0.0027809638487392247,0.0030227672513934824,0.0,2017.6778573509655
-0.19103667959923024,-0.34817756614473655,0.0,0.0029574585166309833,0.003174164298429322,0.0,2020.0
-0.19103667959923024,-0.34817756614473655,0.0,0.0029574585166309833,0.003174164298429322,0.0,2020.0
-0.19031250195012325,-0.34740079996978707,0.0,0.0029759565709005713,0.0031901268313624977,0.0,2020.2441014238245
-0.18282266776118825,-0.33941860418337727,0.0,0.0031605874644880677,0.003350028438369773,0.0,2022.6851156620698
-0.17530430928585652,-0.3314876039226826,0.0,0.00333494092963919,0.0035022624463477764,0.0,2025.0
-0.17530430928585652,-0.3314876039226826,0.0,0.00333494092963919,0.0035022624463477764,0.0,2025.0
-0.174492383408095,-0.3306353159579947,0.0,0.0033531445064802967,0.0035183013054149817,0.0,2025.2427976352526
-0.1661305659951493,-0.3218978243537326,0.0,0.0035345423301860073,0.003679209209000866,0.0,2027.6707739877786
-0.15769638743821718,-0.3131473375438756,0.0,0.003707263368658069,0.0038346267384698324,0.0,2030.0
-0.15769638743821718,-0.3131473375438756,0.0,0.003707263368658069,0.0038346267384698324,0.0,2030.0
-0.15680679185887691,-0.3122274395344374,0.0,0.0037248948586577073,0.0038506994469050854,0.0,2030.2393908233705
-0.14767952659788233,-0.30281617350236384,0.0,0.0039001923305091468,0.004012234602893303,0.0,2032.6332990570756
-0.13824590889005392,-0.2931298248912713,0.0,0.004071371942128043,0.004173596276854256,0.0,2035.0
-0.13824590889005392,-0.2931298248912713,0.0,0.004071371942128043,0.004173596276854256,0.0,2035.0
-0.13729192465242118,-0.2921520160708076,0.0,0.004088114819612636,0.0041896712800412045,0.0,2035.2338342505616
-0.12753797924086024,-0.28216626855457855,0.0,0.00425401817405811,0.00435156392457167,0.0,2037.5721767561774
-0.11700424018026155,-0.27139493357460864,0.0,0.0044228564437802185,0.004522140293474293,0.0,2040.0
-0.11700424018026155,-0.27139493357460864,0.0,0.0044228564437802185,0.004522140293474293,0.0,2040.0
-0.11600250421309562,-0.27037068621019067,0.0,0.004438338250829584,0.0045381973406845985,0.0,2040.2260948536639
-0.10579435244957315,-0.2599273572219242,0.0,0.0045909325305385565,0.004700282741231346,0.0,2042.4870433903027
-0.0940500401807549,-0.24788571010401678,0.0,0.004754994570729112,0.004884050182628908,0.0,2045.0
-0.0940500401807549,-0.24788571010401678,0.0,0.004754994570729112,0.004884050182628908,0.0,2045.0
-0.09302156135191002,-0.2468291147440041,0.0,0.004768744489932233,0.00490006340097743,0.0,2045.2159819469296
-0.08257582095074428,-0.23607152839653076,0.0,0.004903031429026728,0.005062084471460463,0.0,2047.3758014162252
-0.06950489266050275,-0.22252394109457743,0.0,0.005056916620125003,0.005264028606733957,0.0,2050.0
-0.06950489266050275,-0.22252394109457743,0.0,0.005056916620125003,0.005264028606733957,0.0,2050.0
-0.0684780633254285,-0.2214546488250933,0.0,0.005068284491732325,0.005279904321473184,0.0,2050.2028261967157
-0.05808617726706744,-0.21058311877714805,0.0,0.005177339048751546,0.0054407992320924265,0.0,2052.2310881638728
-0.043562085770653215,-0.19520657633404448,0.0,0.005309974141224957,0.005667067695464639,0.0,2055.0
-0.043562085770653215,-0.19520657633404448,0.0,0.005309974141224957,0.005667067695464639,0.0,2055.0
-0.04258114768550391,-0.19415904559794256,0.0,0.005318007062919883,0.005682437351290279,0.0,2055.1845950579395
-0.03269431064314175,-0.18352647268106567,0.0,0.005391874010791952,0.005838014270048587,0.0,2057.030545637335
-0.01654087147608706,-0.16581143861016212,0.0,0.00548100146318078,0.006094614757971215,0.0,2060.0
-0.01654087147608706,-0.16581143861016212,0.0,0.00548100146318078,0.006094614757971215,0.0,2060.0
-0.015701638650967627,-0.16487751956264465,0.0,0.005484418115208545,0.006108000873226828,0.0,2060.1530686881465
-0.007284466709817378,-0.15542540183477632,0.0,0.0055111689536594,0.006242239807100903,0.0,2061.6837555696115
0.011020994916959716,-0.13424504436121826,0.0,0.0055154113758559935,0.006529643258671999,0.0,2065.0
0.011020994916959716,-0.13424504436121826,0.0,0.0055154113758559935,0.006529643258671999,0.0,2065.0
0.011802968800249402,-0.1333182894312127,0.0,0.005513772634589358,0.006541598523841959,0.0,2065.1418005153805
0.019605495854435953,-0.12395887047593017,0.0,0.005488427458800109,0.006658272847359353,0.0,2066.5598056691856
0.038291381467795385,-0.10060775885630238,0.0,0.005359274645152252,0.006907402714668534,0.0,2070.0
0.038291381467795385,-0.10060775885630238,0.0,0.005359274645152252,0.006907402714668534,0.0,2070.0
0.03923852695030231,-0.09938500187886208,0.0,0.005350237039445273,0.006918502576929132,0.0,2070.176878702739
0.04861500766788309,-0.08705634494969777,0.0,0.005248682067598789,0.007018252062306498,0.0,2071.9456657301293
0.0643310096616118,-0.06541831925717119,0.0,0.005035814559771457,0.007139685324909188,0.0,2075.0
0.0643310096616118,-0.06541831925717119,0.0,0.005035814559771457,0.007139685324909188,0.0,2075.0
0.06524569966185682,-0.0641192377892612,0.0,0.0050220668076350885,0.007144929636461927,0.0,2075.1818849351703
0.07425209687110941,-0.0510834820593845,0.0,0.004880103275783116,0.007185661483740589,0.0,2077.000734286873
0.08852329332359907,-0.029481755424396024,0.0,0.004634797099052113,0.007211024610565557,0.0,2080.0
0.08852329332359907,-0.029481755424396024,0.0,0.004634797099052113,0.007211024610565557,0.0,2080.0
0.0892696192293251,-0.02831889958294944,0.0,0.004621395037787734,0.007211098999209311,0.0,2080.161259774444
0.09661368776171271,-0.016693339775523598,0.0,0.004486848366355874,0.007205438650308474,0.0,2081.773857518882
0.11065371326352873,0.006495114184155267,0.0,0.004217242719638376,0.007163777066948946,0.0,2085.0
0.11065371326352873,0.006495114184155267,0.0,0.004217242719638376,0.007163777066948946,0.0,2085.0
0.11116996268660717,0.007372984361592239,0.0,0.004207035009902094,0.007161503105928789,0.0,2085.1225623090336
0.1162637528427853,0.016135301571132635,0.0,0.004105209302491012,0.007136324001437313,0.0,2086.3481853993694
0.13070579079511843,0.042026519969083555,0.0,0.003805242399804224,0.007038323291125657,0.0,2090.0
0.13070579079511843,0.042026519969083555,0.0,0.003805242399804224,0.007038323291125657,0.0,2090.0
0.13136577378411118,0.04324905028977601,0.0,0.0037911169743759412,0.007032903049542072,0.0,2090.173763025063
0.13783108132553895,0.05542055845302835,0.0,0.0036506439006618904,0.00697545873729888,0.0,2091.911393275695
0.14872520548387896,0.0767913115695185,0.0,0.0034045085762661274,0.006860437677657729,0.0,2095.0
0.14872520548387896,0.0767913115695185,0.0,0.0034045085762661274,0.006860437677657729,0.0,2095.0
0.14938882996461325,0.07813085857853792,0.0,0.0033890967409480085,0.006852654383344015,0.0,2095.195367479816
0.1558601461524271,0.09144070473612585,0.0,0.003235962811382791,0.0067719417185228515,0.0,2097.149042277976
0.16477078531968706,0.11056947723985862,0.0,0.0030156218231087053,0.0066456860108322835,0.0,2100.0
0.16477078531968706,0.11056947723985862,0.0,0.0030156218231087053,0.0066456860108322835,0.0,2100.0
0.16540115165183455,0.11196134507475203,0.0,0.002999572205463917,0.006636028704619408,0.0,2100.209591465365
0.17152056316732006,0.12576688378211948,0.0,0.0028401086766789555,0.006537006686054762,0.0,2102.3055061190157
0.17889995068229378,0.1432026611392043,0.0,0.0026377590628793683,0.006403720805088697,0.0,2105.0
0.17889995068229378,0.1432026611392043,0.0,0.0026377590628793683,0.006403720805088697,0.0,2105.0
0.17947806209137282,0.14460929318012908,0.0,0.002621385250074542,0.006392554453415099,0.0,2105.2198501195685
0.18506197183696826,0.15853897918183546,0.0,0.0024586611489193426,0.0062788130114591134,0.0,2107.4183513152534
0.19116512700200505,0.1745714800294377,0.0,0.0022698422511088856,0.006140782965822474,0.0,2110.0
0.19116512700200505,0.1745714800294377,0.0,0.0022698422511088856,0.006140782965822474,0.0,2110.0
0.19167884317588937,0.1759649388937039,0.0,0.0022533531323462724,0.006128403814479349,0.0,2110.227147611047
0.19661077713582778,0.1897434512628714,0.0,0.0020894296877396043,0.0060028380633407,0.0,2112.498623721515
0.2016134978268943,0.20458222974097842,0.0,0.001910879602366062,0.005861070416057286,0.0,2115.0
0.2016134978268943,0.20458222974097842,0.0,0.001910879602366062,0.005861070416057286,0.0,2115.0
0.20205446353064582,0.2059390609030003,0.0,0.00189445007539639,0.005847740368287424,0.0,2115.2317623259737
0.20625543621462653,0.21933620935390535,0.0,0.001731065548310464,0.005712914707510559,0.0,2117.5493855857108
0.2102877074506373,0.23315876065700214,0.0,0.0015600520699556497,0.005567502236061594,0.0,2120.0
0.2102877074506373,0.23315876065700214,0.0,0.0015600520699556497,0.005567502236061594,0.0,2120.0
0.210650473845616,0.2344585195371726,0.0,0.0015438455995307502,0.005553466343885487,0.0,2120.233749136598
0.21407048222020827,0.24727457536667555,0.0,0.0013826314309378686,0.005411789640800367,0.0,2122.571240502577
0.21722675823109808,0.2602372887539693,0.0,0.0012167201927508356,0.005262162072296859,0.0,2125.0
0.21722675823109808,0.2602372887539693,0.0,0.0012167201927508356,0.005262162072296859,0.0,2125.0
0.2175086035880306,0.2614625254186497,0.0,0.001200891646697314,0.005247653442624389,0.0,2125.23316037298
0.22012472163040703,0.27352789895469054,0.0,0.0010433969550265472,0.005101424733037393,0.0,2127.564764102779
0.22246687320923633,0.2857629428128031,0.0,0.000880408471195881,0.004946566295606051,0.0,2130.0
0.22246687320923633,0.2857629428128031,0.0,0.000880408471195881,0.004946566295606051,0.0,2130.0
0.22266770053505777,0.28689948759998174,0.0,0.0008651014122581569,0.0049318055550135005,0.0,2130.230107643763
0.22448284041652938,0.29807732222971006,0.0,0.0007127641008848037,0.004783205862339051,0.0,2132.5311840813924
0.22604226758595589,0.3096873807302834,0.0,0.0005507861903742924,0.004621832534847238,0.0,2135.0
0.22604226758595589,0.3096873807302834,0.0,0.0005507861903742924,0.004621832534847238,0.0,2135.0
0.22616437959257432,0.31072421603288175,0.0,0.0005361341932162646,0.004607030322570737,0.0,2135.224693989129
0.2272049617994468,0.32090896075419567,0.0,0.0003902926655956346,0.004458146259152919,0.0,2137.471633880417
0.22798582940061432,0.3319670885829004,0.0,0.00022765075660956277,0.004288789223830009,0.0,2140.0
0.22798582940061432,0.3319670885829004,0.0,0.00022765075660956277,0.004288789223830009,0.0,2140.0
0.22803369430021103,0.3328955672953961,0.0,0.00021378802317382827,0.0042741586772160655,0.0,2140.2168595384987
0.22834747297728603,0.34200528437678235,0.0,7.578553105228551e-05,0.004127107335756598,0.0,2142.385454923486
0.22832972683289382,0.3525621299662832,0.0,-8.908490782874305e-05,0.003948049013132193,0.0,2145.0
0.22832972683289382,0.3525621299662832,0.0,-8.908490782874305e-05,0.003948049013132193,0.0,2145.0
0.2283093237003241,0.3534017589227545,0.0,-0.00010243289620213254,0.003933358067620744,0.0,2145.2130656941185
0.22794932509542987,0.36162538243256814,0.0,-0.0002353054618229983,0.003785767847888098,0.0,2147.343722635304
0.22710596289480786,0.37143520111881945,0.0,-0.0003994008414413595,0.0036000593638242226,0.0,2150.0
0.22710596289480786,0.37143520111881945,0.0,-0.0003994008414413595,0.0036000593638242226,0.0,2150.0
0.22701517843110622,0.3722379337832944,0.0,-0.0004131112774199201,0.003584335959007793,0.0,2150.2234655482157
0.22593935901564988,0.3800714469670966,0.0,-0.0005495310132361355,0.003426382562443249,0.0,2152.4581210303727
0.22434689758648899,0.38855089928786446,0.0,-0.000703174640906259,0.0032451382939131497,0.0,2155.0
0.22434689758648899,0.38855089928786446,0.0,-0.000703174640906259,0.0032451382939131497,0.0,2155.0
0.2241827563164515,0.3892990908799921,0.0,-0.0007170495115134121,0.003228560319049777,0.0,2155.231148026284
0.22236556648170985,0.3965696411782394,0.0,-0.0008550352251994104,0.0030620301940304556,0.0,2157.5426282891217
0.22008575584279705,0.40387514386607787,0.0,-0.001000182595362735,0.002883500408376934,0.0,2160.0
0.22008575584279705,0.40387514386607787,0.0,-0.001000182595362735,0.002883500408376934,0.0,2160.0
0.21984769338239477,0.40455470705510915,0.0,-0.0010140447911658633,0.002866234109212205,0.0,2160.2363806221397
0.21728754328266967,0.4111252196278201,0.0,-0.0011518232928860418,0.002692796139508019,0.0,2162.6001868435364
0.21435713833149347,0.4173747101422051,0.0,-0.0012900974371596401,0.0025152763639064686,0.0,2165.0
0.21435713833149347,0.4173747101422051,0.0,-0.0012900974371596401,0.0025152763639064686,0.0,2165.0
0.21404695925979214,0.41797414452119835,0.0,-0.0013037740605001999,0.002497494668259874,0.0,2165.239162765798
0.21076603850332779,0.4237339258844329,0.0,-0.0014396155672785492,0.0023188856784618714,0.0,2167.6307904237783
0.20719755177889132,0.4290168488609886,0.0,-0.0015724827823159924,0.0021405280482595444,0.0,2170.0
0.20719755177889132,0.4290168488609886,0.0,-0.0015724827823159924,0.0021405280482595444,0.0,2170.0
0.2068194314696069,0.42952722208356053,0.0,-0.0015858029457729754,0.0021224143059747837,0.0,2170.239446321638
0.2028636463929832,0.434391734703824,0.0,-0.0017180003527632146,0.0019404772224476893,0.0,2172.6339095380163
0.1986459750356491,0.43876897490411615,0.0,-0.001846784373361962,0.0017592612969853606,0.0,2175.0
0.1986459750356491,0.43876897490411615,0.0,-0.001846784373361962,0.0017592612969853606,0.0,2175.0
0.19820628855192862,0.4391842112553966,0.0,-0.0018595844562416107,0.0017410040169619887,0.0,2175.2372597667104
0.1936432841711955,0.44309766962548636,0.0,-0.001986506294655881,0.0015576350430272837,0.0,2177.6098574338143
0.18874447810664902,0.44659841561257835,0.0,-0.002112317609112904,0.0013714372493706431,0.0,2180.0
0.18874447810664902,0.44659841561257835,0.0,-0.002112317609112904,0.0013714372493706431,0.0,2180.0
0.18825149620396564,0.4469154520666239,0.0,-0.0021244467157716562,0.0013532239433465159,0.0,2180.2327160387435
0.18316736150563082,0.44985206251695137,0.0,-0.0022445918280396215,0.0011703105598706918,0.0,2182.559876426179
0.1775389134315696,0.45247221524331604,0.0,-0.0023682510557587314,0.0009769836597590868,0.0,2185.0
0.1775389134315696,0.45247221524331604,0.0,-0.0023682510557587314,0.0009769836597590868,0.0,2185.0
0.17700262768128602,0.4526908928433876,0.0,-0.0023795708703171895,0.0009590026498102437,0.0,2185.225907944586
0.17150006773680354,0.45465366280761405,0.0,-0.0024915678298587066,0.0007784417572207735,0.0,2187.484987390448
0.16507970031600458,0.4563569988119068,0.0,-0.0026135856046602297,0.0005758075778897955,0.0,2190.0
0.16507970031600458,0.4563569988119068,0.0,-0.0026135856046602297,0.0005758075778897955,0.0,2190.0
0.16451214207603077,0.456479890840178,0.0,-0.0026239621827208433,0.0005582647849453064,0.0,2190.2167265536195
0.15871380596814466,0.4574991671647639,0.0,-0.0027264901872607445,0.00038213161606470133,0.0,2192.383992089815
0.15142272646666186,0.45821890538431564,0.0,-0.002847128402167744,0.00016781074091315178,0.0,2195.0
0.15142272646666186,0.45821890538431564,0.0,-0.002847128402167744,0.00016781074091315178,0.0,2195.0
0.15083933664274762,0.4582515124074043,0.0,-0.002856413867269066,0.00015097186373650941,0.0,2195.204570920386
0.1449018489889369,0.4583876643887471,0.0,-0.0029480268859366394,-1.805589375923012e-05,0.0,2197.2502801242435
0.13663039365087276,0.45802360954137733,0.0,-0.0030674612197265022,-0.00024709017227434805,0.0,2200.0
0.13663039365087276,0.45802360954137733,0.0,-0.0030674612197265022,-0.00024709017227434805,0.0,2200.0
0.13599786156033944,0.4579709563850811,0.0,-0.0030762306989653957,-0.0002643245856427706,0.0,2200.205912556248
0.12957424717597477,0.45724877097665745,0.0,-0.00316250008380721,-0.00043732206049222784,0.0,2202.2650381187304
0.12077283723610928,0.4557364612192454,0.0,-0.0032729025443223175,-0.0006689359402010466,0.0,2205.0
0.12077283723610928,0.4557364612192454,0.0,-0.0032729025443223175,-0.0006689359402010466,0.0,2205.0
0.12007014820535437,0.45559107088546275,0.0,-0.0032813544505155843,-0.0006871801166685714,0.0,2205.2144220071123
0.1129448972863163,0.4539214806271433,0.0,-0.003364113283857284,-0.0008703269873394699,0.0,2207.358642078235
0.10392935058485084,0.4513227896367275,0.0,-0.003461463691111946,-0.0010976860953586087,0.0,2210.0
0.10392935058485084,0.4513227896367275,0.0,-0.003461463691111946,-0.0010976860953586087,0.0,2210.0
0.10317307490967943,0.45108117450797375,0.0,-0.003469279414242315,-0.0011165534688899483,0.0,2210.2182377816857
0.09551808804282809,0.44843801296780467,0.0,-0.0035453540665873104,-0.0013059377044410058,0.0,2212.400615598543
0.08619004259662559,0.4447484382221327,0.0,-0.003630799838940783,-0.001533164352622751,0.0,2215.0
0.08619004259662559,0.4447484382221327,0.0,-0.003630799838940783,-0.001533164352622751,0.0,2215.0
0.08540060572424525,0.4444133313250717,0.0,-0.0036376855034017585,-0.0015522293039943803,0.0,2215.217221628425
0.07742575812653663,0.44083398652070954,0.0,-0.0037041816342756615,-0.0017435382708354938,0.0,2217.3894379126727
0.06765774651186737,0.4359806254825951,0.0,-0.003778159363586143,-0.001974981722873955,0.0,2220.0
0.06765774651186737,0.4359806254825951,0.0,-0.003778159363586143,-0.001974981722873955,0.0,2220.0
0.0668594082407223,0.4355616366880046,0.0,-0.003783857780652754,-0.001993768240606308,0.0,2220.2111440519907
0.05881172705830087,0.4311531752547457,0.0,-0.0038382897181446466,-0.0021821804779055924,0.0,2222.3225845718976
0.04845017316942208,0.42498926242818735,0.0,-0.003900338386422478,-0.0024224295751866342,0.0,2225.0
0.04845017316942208,0.42498926242818735,0.0,-0.003900338386422478,-0.0024224295751866342,0.0,2225.0
0.04767112458140418,0.4245038839200069,0.0,-0.0039046477863855923,-0.00244039580786074,0.0,2225.1996282367754
0.03983513612367124,0.41945256985202933,0.0,-0.00394513553663515,-0.002620436351217878,0.0,2227.1959106045297
0.028702252144157517,0.41174889788412194,0.0,-0.0039936539680523854,-0.002874334392231463,0.0,2230.0
0.028702252144157517,0.41174889788412194,0.0,-0.0039936539680523854,-0.002874334392231463,0.0,2230.0
0.027979677060142132,0.4112275400538304,0.0,-0.00399643937450038,-0.0028907439071721957,0.0,2230.1808675810453
0.02072775194045699,0.405850612276834,0.0,-0.004021860441739465,-0.0030550108672267747,0.0,2231.989543391498
0.008568513919345233,0.39624150006200837,0.0,-0.004053959106590886,-0.003328868356578731,0.0,2235.0
0.008568513919345233,0.39624150006200837,0.0,-0.004053959106590886,-0.003328868356578731,0.0,2235.0
0.007983828123981537,0.3957605164806983,0.0,-0.00405516319498211,-0.0033419918314293155,0.0,2235.144204365666
0.00212829756568459,0.3908466019038176,0.0,-0.004065460884446645,-0.00347320944018981,0.0,2236.5862480223277
-0.011774781161092669,0.3784602937338947,0.0,-0.0040767355565865665,-0.0037833185829380792,0.0,2240.0
-0.011774781161092669,0.3784602937338947,0.0,-0.0040767355565865665,-0.0037833185829380792,0.0,2240.0
-0.012396850035594575,0.3778819462223588,0.0,-0.004076785983852661,-0.003797147978375776,0.0,2240.1525888837514
-0.018616799735946658,0.37198252576246116,0.0,-0.004075108389996372,-0.003935217818375088,0.0,2241.678477721265
-0.032128275149474875,0.3584148135424372,0.0,-0.004057313125155583,-0.004233837777565196,0.0,2245.0
-0.032128275149474875,0.3584148135424372,0.0,-0.004057313125155583,-0.004233837777565196,0.0,2245.0
-0.03287613325475909,0.3576327470163163,0.0,-0.004055719366091366,-0.00425030883437227,0.0,2245.184359458307
-0.040336302737551746,0.3496455335046965,0.0,-0.004036284748264949,-0.004414285204211788,0.0,2247.0279540413767
-0.05226966950224494,0.33613713696194253,0.0,-0.003991265928441856,-0.004675234510227537,0.0,2250.0
-0.05226966950224494,0.33613713696194253,0.0,-0.003991265928441856,-0.004675234510227537,0.0,2250.0
-0.05307730132384225,0.3351888831033546,0.0,-0.003987533659449025,-0.004692817491637111,0.0,2250.2024440999016
-0.061108881080349405,0.32551161098141257,0.0,-0.00394571402877855,-0.004867152714562821,0.0,2252.226885098918
-0.07195636936630084,0.3116888533912776,0.0,-0.0038750084218589524,-0.005100907698653008,0.0,2255.0
-0.07195636936630084,0.3116888533912776,0.0,-0.0038750084218589524,-0.005100907698653008,0.0,2255.0
-0.07278908637807278,0.310589905362559,0.0,-0.0038688148164464165,-0.0051187354189430835,0.0,2255.2150656821736
-0.08103907070789827,0.2993913920042303,0.0,-0.0038016657717442224,-0.005294532728617992,0.0,2257.36572250391
-0.09093151594694684,0.2851677079452041,0.0,-0.003706535820518123,-0.005503061753403945,0.0,2260.0
-0.09093151594694684,0.2851677079452041,0.0,-0.003706535820518123,-0.005503061753403945,0.0,2260.0
-0.09176060199437942,0.2839333705912887,0.0,-0.003697728257590806,-0.005520368142650882,0.0,2260.223947753587
-0.09993862640831128,0.27137961975322167,0.0,-0.0036041106415722174,-0.005689842086498501,0.0,2262.463425289455
-0.10893373053105147,0.2567122247912538,0.0,-0.0034861312195471187,-0.0058733051633387875,0.0,2265.0
-0.10893373053105147,0.2567122247912538,0.0,-0.0034861312195471187,-0.0058733051633387875,0.0,2265.0
-0.1097314419665778,0.2553642428094594,0.0,-0.00347478518000803,-0.005889346000289311,0.0,2265.2291966999724
-0.11756118821422386,0.2416859101821816,0.0,-0.003355934378889378,-0.006045117125267979,0.0,2267.521163699696
-0.12570972580457798,0.22650241706649715,0.0,-0.0032167633151059536,-0.006203593713659203,0.0,2270.0
-0.12570972580457798,0.22650241706649715,0.0,-0.0032167633151059536,-0.006203593713659203,0.0,2270.0
-0.12644961447427516,0.22507089080498324,0.0,-0.0032032149866816025,-0.0062177032085798944,0.0,2270.230495159689
-0.13367287408672535,0.21058109613255463,0.0,-0.0030629634847613775,-0.006353398593314752,0.0,2272.5354467565776
-0.1410275894087556,0.1947554077156721,0.0,-0.0029039383085173636,-0.006487271769324847,0.0,2275.0
-0.1410275894087556,0.1947554077156721,0.0,-0.0029039383085173636,-0.006487271769324847,0.0,2275.0
-0.14168758386504812,0.1932758076103048,0.0,-0.0028887362585303875,-0.00649897110099802,0.0,2275.2278716269752
-0.14809392445862044,0.1783377393151387,0.0,-0.0027328911739247816,-0.006610234239520263,0.0,2277.5065878967275
-0.15468786847950497,0.16171638822426881,0.0,-0.0025549915167986242,-0.006719844510470477,0.0,2280.0
-0.15468786847950497,0.16171638822426881,0.0,-0.0025549915167986242,-0.006719844510470477,0.0,2280.0
-0.15525289138513393,0.16022459731414293,0.0,-0.0025387846926759024,-0.006728906860886714,0.0,2280.2218479595804
-0.1607031892160632,0.14520047709619105,0.0,-0.0023739389270644486,-0.006813905596698393,0.0,2282.440327555384
-0.16653022044064997,0.12764700650347738,0.0,-0.00217807568564396,-0.006899215539012076,0.0,2285.0
-0.16653022044064997,0.12764700650347738,0.0,-0.00217807568564396,-0.006899215539012076,0.0,2285.0
-0.16699219073874866,0.12617741505911342,0.0,-0.0021615207870362275,-0.0069056440539299255,0.0,2285.212909050166
-0.17141667037609937,0.11141008284743185,0.0,-0.0019941656226915784,-0.006964751029991465,0.0,2287.3419995518284
-0.17643504086322495,0.092813962996275,0.0,-0.0017812126577181461,-0.007025387468766365,0.0,2290.0
-0.17643504086322495,0.092813962996275,0.0,-0.0017812126577181461,-0.007025387468766365,0.0,2290.0
-0.17679111914504658,0.09140269872304899,0.0,-0.00176495986568758,-0.007029348839403759,0.0,2290.200823817591
-0.18017166427627765,0.0772494636997269,0.0,-0.0016014263724370332,-0.007064468088996634,0.0,2292.2090619934993
-0.18432109683072342,0.057479999110147596,0.0,-0.0013716645115649352,-0.007099844240201975,0.0,2295.0
-0.18432109683072342,0.057479999110147596,0.0,-0.0013716645115649352,-0.007099844240201975,0.0,2295.0
-0.1845716483172817,0.05617573428435814,0.0,-0.0013564613362784792,-0.007101618654698233,0.0,2295.183680205953
-0.18692330442365104,0.04311748702978121,0.0,-0.0012040225449240125,-0.007115748014590337,0.0,2297.020482265482
-0.1901409661976837,0.021898188822834157,0.0,-0.0009556783446617134,-0.007124880454257299,0.0,2300.0
-0.1901409661976837,0.021898188822834157,0.0,-0.0009556783446617134,-0.007124880454257299,0.0,2300.0
-0.1902863416622785,0.020807069833896064,0.0,-0.0009428942886458497,-0.0071248952757331716,0.0,2300.1531418388945
-0.19163240052845235,0.009897042568614284,0.0,-0.0008150262611594721,-0.007122644447296508,0.0,2301.6845602278395
-0.19387596000713464,-0.013690691526697737,0.0,-0.0005385164605123368,-0.007103056607211382,0.0,2305.0
-0.19387596000713464,-0.013690691526697737,0.0,-0.0005385164605123368,-0.007103056607211382,0.0,2305.0
-0.19395069965689646,-0.014687229862451091,0.0,-0.0005268379844208474,-0.0071017954201234666,0.0,2305.14030951177
-0.19460805173561604,-0.02464193824776019,0.0,-0.0004102177734456504,-0.0070872668884861935,0.0,2306.543404629468
-0.19553163065158138,-0.049058543291236684,0.0,-0.0001246429638860542,-0.0070368458389902045,0.0,2310.0
-0.19553163065158138,-0.049058543291236684,0.0,-0.0001246429638860542,-0.0070368458389902045,0.0,2310.0
-0.19555225153832034,-0.05029396577467411,0.0,-0.00011021603566759356,-0.007033744631299142,0.0,2310.175603393836
-0.1956194413865174,-0.0626164828107682,0.0,3.352663305876278e-05,-0.006999880204173528,0.0,2311.931637332195
-0.19513436873411485,-0.08398902644032459,0.0,0.0002820392422564061,-0.00692846289824695,0.0,2315.0
-0.19513436873411485,-0.08398902644032459,0.0,0.0002820392422564061,-0.00692846289824695,0.0,2315.0
-0.19507890387727675,-0.08531491188415327,0.0,0.00029741826606934004,-0.006923501953981314,0.0,2315.191436307553
-0.19436293452110523,-0.09851936740088173,0.0,0.00045029657137364673,-0.006870666505797049,0.0,2317.1057993830827
-0.19272916027217568,-0.11827615725127513,0.0,0.0006779678826356643,-0.006779835695857286,0.0,2320.0
-0.19272916027217568,-0.11827615725127513,0.0,0.0006779678826356643,-0.006779835695857286,0.0,2320.0
-0.1925887409692902,-0.11966336580850431,0.0,0.00069389763660402,-0.0067729133916159005,0.0,2320.204712335668
-0.1910061512370998,-0.13345499182707848,0.0,0.0008518459084709255,-0.006700179665602376,0.0,2322.2518356923465
-0.18837832455158363,-0.15172302483206107,0.0,0.001059752754578307,-0.006592675754687494,0.0,2325.0
-0.18837832455158363,-0.15172302483206107,0.0,0.001059752754578307,-0.006592675754687494,0.0,2325.0
-0.18814820512577557,-0.1531428445663432,0.0,0.0010758338033535152,-0.00658375627897728,0.0,2325.215508798474
-0.18565776663094433,-0.16723252722304738,0.0,0.0012348241124824416,-0.006490867479952539,0.0,2327.370596783212
-0.18216092582452223,-0.18414102289630452,0.0,0.0014240760467391963,-0.006368609344978715,0.0,2330.0
-0.18216092582452223,-0.18414102289630452,0.0,0.0014240760467391963,-0.006368609344978715,0.0,2330.0
-0.18183926755567964,-0.18557029920019058,0.0,0.0014399692495581085,-0.006357686109177788,0.0,2330.224617604868
-0.17842815214412594,-0.19972513135149061,0.0,0.0015965847264233467,-0.006244665569006541,0.0,2332.4707936535474
-0.17417249736341264,-0.21534981356179217,0.0,0.0017676673059071092,-0.006109335255032284,0.0,2335.0
-0.17417249736341264,-0.21534981356179217,0.0,0.0017676673059071092,-0.006109335255032284,0.0,2335.0
-0.17376021252459534,-0.21676706242030414,0.0,0.0017830507774067165,-0.0060964452714180155,0.0,2335.23222562583
-0.1694431619054991,-0.23077182898040788,0.0,0.0019340653713475892,-0.005963760222959985,0.0,2337.5544818841286
-0.1645247086622426,-0.2451780775229735,0.0,0.0020873504802123117,-0.005816777940988125,0.0,2340.0
-0.1645247086622426,-0.2451780775229735,0.0,0.0020873504802123117,-0.005816777940988125,0.0,2340.0
-0.16402587560277324,-0.24656157763245917,0.0,0.0021019043075635436,-0.005802023857613385,0.0,2340.238148268667
-0.15884965534795722,-0.2602002577953121,0.0,0.0022441445721332717,-0.00565081382584103,0.0,2342.619630955336
-0.15334464323797953,-0.2734649523160709,0.0,0.0023801507215001107,-0.005493206278317142,0.0,2345.0
-0.15334464323797953,-0.2734649523160709,0.0,0.0023801507215001107,-0.005493206278317142,0.0,2345.0
-0.15276709900474814,-0.27479214651797806,0.0,0.0023935612000211075,-0.005476778405817467,0.0,2345.2419680539087
-0.14681631378150764,-0.2878425464330725,0.0,0.0025239625772436386,-0.005309072069681386,0.0,2347.6616485929962
-0.140773441960727,-0.3000619240235785,0.0,0.0026434381884164705,-0.005141293635795145,0.0,2350.0
-0.140773441960727,-0.3000619240235785,0.0,0.0026434381884164705,-0.005141293635795145,0.0,2350.0
-0.14012895935837005,-0.3013103921075704,0.0,0.0026554215499670405,-0.005123477004458338,0.0,2350.243252766887
-0.13352719528536908,-0.3135540826120507,0.0,0.002771269123109755,-0.004942246338249883,0.0,2352.6757804357576
-0.12696420443573597,-0.32483484046691946,0.0,0.0028750769410232045,-0.004764105345639014,0.0,2355.0
-0.12696420443573597,-0.32483484046691946,0.0,0.0028750769410232045,-0.004764105345639014,0.0,2355.0
-0.12626768809297698,-0.3259846413902853,0.0,0.0028854148003972318,-0.004745258478477013,0.0,2355.2418247874284
-0.11916850172730108,-0.3372297586055559,0.0,0.0029846825519212593,-0.004554182067740401,0.0,2357.6600726617125
-0.11207920675576988,-0.3476656844248188,0.0,0.0030735454444994594,-0.004365016163840991,0.0,2360.0
-0.11207920675576988,-0.3476656844248188,0.0,0.0030735454444994594,-0.004365016163840991,0.0,2360.0
-0.11134708664576531,-0.3487016675153417,0.0,0.0030821119967561843,-0.004345528539855292,0.0,2360.237868547455
-0.10391719850483104,-0.35880478022737045,0.0,0.003163706064985075,-0.0041485476485887155,0.0,2362.6165540220054
-0.0962866485712476,-0.3684537976204966,0.0,0.0032380014344144214,-0.0039475758607091975,0.0,2365.0
-0.0962866485712476,-0.3684537976204966,0.0,0.0032380014344144214,-0.0039475758607091975,0.0,2365.0
-0.0955354356144063,-0.36936638619716455,0.0,0.0032447669615611138,-0.003927830553153602,0.0,2365.231756418485
-0.08794022108048576,-0.3782392729691195,0.0,0.00330853540526625,-0.0037287733822403244,0.0,2367.549320603335
-0.07975724218376534,-0.38711636724884,0.0,0.003368279284243201,-0.003515352356416181,0.0,2370.0
-0.07975724218376534,-0.38711636724884,0.0,0.003368279284243201,-0.003515352356416181,0.0,2370.0
-0.07900302859980214,-0.38790072950041526,0.0,0.0033732940660179734,-0.003495713967265482,0.0,2370.2237496580965
-0.07140198956163235,-0.3955017717012352,0.0,0.003419855493794822,-0.0032981863730222774,0.0,2372.4612462390614
-0.06266097410703794,-0.403588139282136,0.0,0.003464824693827287,-0.003071782825310376,0.0,2375.0
-0.06266097410703794,-0.403588139282136,0.0,0.003464824693827287,-0.003071782825310376,0.0,2375.0
-0.06192003568574335,-0.4042426584956849,0.0,0.0034681980657847618,-0.0030526143795592785,0.0,2375.213741511726
-0.054473387881034105,-0.4105619446199476,0.0,0.003498735760830943,-0.002860183828435643,0.0,2377.3511566289844
-0.04516431091034039,-0.4178204589558783,0.0,0.003528584690413546,-0.002620055889434373,0.0,2380.0
-0.04516431091034039,-0.4178204589558783,0.0,0.003528584690413546,-0.002620055889434373,0.0,2380.0
-0.044455028079394665,-0.4183451394030482,0.0,0.0035304709597008565,-0.0026017705763385687,0.0,2380.2009566241218
-0.03734327258816048,-0.42338954098873116,0.0,0.003546605621097882,-0.002418495336948768,0.0,2382.2105228653395
-0.02742801590603898,-0.42977982557168365,0.0,0.0035608761191154104,-0.002163036133306493,0.0,2385.0
-0.02742801590603898,-0.42977982557168365,0.0,0.0035608761191154104,-0.002163036133306493,0.0,2385.0
-0.026776080178971526,-0.43017426909724277,0.0,0.003561477111438507,-0.0021462358013043747,0.0,2385.1830673379327
-0.020252061918741647,-0.43394943021964005,0.0,0.003565320208889374,-0.0019780557740742225,0.0,2387.0137407172597
-0.009605629521148644,-0.4394461765238265,0.0,0.003563254128727053,-0.0017032310101830186,0.0,2390.0
-0.009605629521148644,-0.4394461765238265,0.0,0.003563254128727053,-0.0017032310101830186,0.0,2390.0
-0.009067828206078444,-0.4397022092616635,0.0,0.003562878238567233,-0.0016893308419930165,0.0,2390.15093769393
-0.0036936765420505823,-0.4421471321965731,0.0,0.0035577184497514592,-0.0015503105585482136,0.0,2391.6603146332277
0.008157425854846904,-0.4468110956711918,0.0,0.0035373955655470116,-0.0012427926487808708,0.0,2395.0
0.008157425854846904,-0.4468110956711918,0.0,0.0035373955655470116,-0.0012427926487808708,0.0,2395.0
0.008676524265377577,-0.44699250924718686,0.0,0.0035362295922609296,-0.0012292866205388592,0.0,2395.146770041948
0.013857452119247991,-0.4486976528259163,0.0,0.003523317706266664,-0.0010942930716484806,0.0,2396.614470461428
0.025724212820774126,-0.45187609492630837,0.0,0.0034850051253871323,-0.0007835440433209037,0.0,2400.0
0.025724212820774126,-0.45187609492630837,0.0,0.0034850051253871323,-0.0007835440433209037,0.0,2400.0
0.026351138896268535,-0.45201561261345424,0.0,0.0034826507260136783,-0.0007670572124735088,0.0,2400.1799530868702
0.0325959801158206,-0.45324774340705365,0.0,0.0034573363288140277,-0.0006024000994926203,0.0,2401.9794839555725
0.04296623722789199,-0.4546510651433966,0.0,0.003407745896827992,-0.00032701938133023167,0.0,2405.0
0.04296623722789199,-0.4546510651433966,0.0,0.003407745896827992,-0.00032701938133023167,0.0,2405.0
0.04361746599200127,-0.4547119284853671,0.0,0.0034043253105412986,-0.00030963311522393263,0.0,2405.1911982996107
0.05009252393014916,-0.45513795656021094,0.0,0.0033682415701248416,-0.00013611294149330034,0.0,2407.103181295718
0.059763115615688256,-0.4551529459692866,0.0,0.003307192243921789,0.0001254896418580157,0.0,2410.0
0.059763115615688256,-0.4551529459692866,0.0,0.003307192243921789,0.0001254896418580157,0.0,2410.0
0.06040347798221635,-0.4551269421434059,0.0,0.003302853446052038,0.00014292992045164185,0.0,2410.1937541313423
0.06675963429635538,-0.45468134969300433,0.0,0.0032576537942427927,0.00031689073464849667,0.0,2412.1312954447653
0.07600205388666048,-0.453404629935452,0.0,0.003184800966253929,0.0005728870819886817,0.0,2415.0
0.07600205388666048,-0.453404629935452,0.0,0.003184800966253929,0.0005728870819886817,0.0,2415.0
0.0766593711771135,-0.45328439192625125,0.0,0.0031793008385503927,0.000591248564809307,0.0,2415.2065701334986
0.08316865331168743,-0.4518738257294941,0.0,0.0031223647564034293,0.0007742721369049374,0.0,2417.272271468485
0.09157721776788164,-0.44943409415059044,0.0,0.003041896356805558,0.0010142288245301287,0.0,2420.0
0.09157721776788164,-0.44943409415059044,0.0,0.003041896356805558,0.0010142288245301287,0.0,2420.0
0.09223636284439748,-0.4492120211849852,0.0,0.003035256486286318,0.0010332282794342166,0.0,2420.216925401654
0.09874706600885087,-0.44676516854237963,0.0,0.0029668496710195365,0.001222485344829975,0.0,2422.3861794181935
0.10638905416719004,-0.44327374134063524,0.0,0.0028796650367386703,0.0014486829401460608,0.0,2425.0
0.10638905416719004,-0.44327374134063524,0.0,0.0028796650367386703,0.0014486829401460608,0.0,2425.0
0.10703795714177658,-0.44294466287916034,0.0,0.0028719097111194517,0.001468116333071752,0.0,2425.22564333977
0.11342911767972576,-0.4394133954233247,0.0,0.0027923063378556883,0.0016615695640591318,0.0,2427.4820767374717
0.12034360370867428,-0.43495992786977766,0.0,0.0026991572024496423,0.0018754945675837002,0.0,2430.0
0.12034360370867428,-0.43495992786977766,0.0,0.0026991572024496423,0.0018754945675837002,0.0,2430.0
0.12097154772386078,-0.43452059423625955,0.0,0.002690317394914653,0.0018951892225307662,0.0,2430.2330257863814
0.12713600143972642,-0.429875672903991,0.0,0.002599849466902805,0.0020911149034927514,0.0,2432.5632836501954
0.1333518301586233,-0.42453265697926656,0.0,0.0025012918298369926,0.002293954882091257,0.0,2435.0
0.1333518301586233,-0.42453265697926656,0.0,0.0025012918298369926,0.002293954882091257,0.0,2435.0
0.13394869668532522,-0.4239818169305345,0.0,0.0024914102085780046,0.002313744709056579,0.0,2435.239095289767
0.13978567956480661,-0.41821414101360077,0.0,0.002390522893859451,0.002510485704069833,0.0,2437.630048187439
0.14532898144048426,-0.41203541904296753,0.0,0.0022868638765800847,0.0027033731954714665,0.0,2440.0
0.14532898144048426,-0.41203541904296753,0.0,0.0022868638765800847,0.0027033731954714665,0.0,2440.0
0.145884937164418,-0.41137424069926554,0.0,0.0022760012108371534,0.0027230833599457475,0.0,2440.2436867841166
0.15129714920105097,-0.40449938177010025,0.0,0.00216532029642134,0.002918897014511539,0.0,2442.680554625282
0.156193988921511,-0.39751516602418474,0.0,0.0020565522274124236,0.003103051007014479,0.0,2445.0
0.156193988921511,-0.39751516602418474,0.0,0.0020565522274124236,0.003103051007014479,0.0,2445.0
0.1566995262005221,-0.39674779824764644,0.0,0.0020447935607348605,0.00312249024857862,0.0,2445.2465222619053
0.16159372254312596,-0.38881176205759105,0.0,0.0019251890654766925,0.003315472876459509,0.0,2447.711744880958
0.16586890690398434,-0.3810224134444745,0.0,0.0018109277261169044,0.0034922567418056764,0.0,2450.0
0.16586890690398434,-0.3810224134444745,0.0,0.0018109277261169044,0.0034922567418056764,0.0,2450.0
0.1663152283899574,-0.3801563763772769,0.0,0.0017983850297381243,0.0035112191731389267,0.0,2450.247316194201
0.17060613335840585,-0.3712393821125887,0.0,0.0016709977649369172,0.0036993246384088366,0.0,2452.720478136213
0.174278390885979,-0.36261147053216447,0.0,0.0015504605940138065,0.0038701994863866887,0.0,2455.0
0.174278390885979,-0.36261147053216447,0.0,0.0015504605940138065,0.0038701994863866887,0.0,2455.0
0.17465802345818884,-0.3616575520868708,0.0,0.0015372690630840835,0.003888475934754421,0.0,2455.2458970894586
0.17827432093707948,-0.3518725738895803,0.0,0.001403471804903855,0.004069628222940538,0.0,2457.7048679840445
0.18134921153200542,-0.3423408076828397,0.0,0.0012755272869584046,0.004236000014088074,0.0,2460.0
0.18134921153200542,-0.3423408076828397,0.0,0.0012755272869584046,0.004236000014088074,0.0,2460.0
0.18165657968008747,-0.3413124312476396,0.0,0.0012618364141419878,0.004253393191800805,0.0,2460.2422731044426
0.18454631477162353,-0.3307983297422929,0.0,0.0011231422312435668,0.004425636063306358,0.0,2462.6650041488683
0.187009801588687,-0.3202735802889747,0.0,0.000986416863221819,0.004588656804487941,0.0,2465.0
0.187009801588687,-0.3202735802889747,0.0,0.000986416863221819,0.004588656804487941,0.0,2465.0
0.18724150981814192,-0.3191860570633314,0.0,0.0009723822631599197,0.004604991037879622,0.0,2465.236581306123
0.18937458690149545,-0.3080997279189157,0.0,0.000830361606128528,0.004766583512229964,0.0,2467.6023943673513
0.19118983470313278,-0.29647834067153783,0.0,0.0006833375024612853,0.004927004237278762,0.0,2470.0
0.19118983470313278,-0.29647834067153783,0.0,0.0006833375024612853,0.004927004237278762,0.0,2470.0
0.19134465140255486,-0.2953486188003251,0.0,0.0006691204633071353,0.004942123829172339,0.0,2470.2289404393623
0.19271255732741877,-0.28386245163577645,0.0,0.0005253979106665549,0.0050915240292311184,0.0,2472.5183448329853
0.1938198386149961,-0.27102998732245703,0.0,0.0003664239929869877,0.0052496587166966065,0.0,2475.0
0.1938198386149961,-0.27102998732245703,0.0,0.0003664239929869877,0.0052496587166966065,0.0,2475.0
0.19389862307812267,-0.2698774266267063,0.0,0.00035220396262359855,0.005263414864636582,0.0,2475.219262253039
0.19451389490274654,-0.2581873219163355,0.0,0.00020858668561590633,0.005399152923247985,0.0,2477.4118847834266
0.1948308536772033,-0.24401102351378495,0.0,3.5748856309504205e-05,0.005554947732736383,0.0,2480.0
0.1948308536772033,-0.24401102351378495,0.0,3.5748856309504205e-05,0.005554947732736383,0.0,2480.0
0.19483680567912132,-0.24285992602286535,0.0,2.1756718144979823e-05,0.005567174153667568,0.0,2480.2069923242557
0.1947361168620503,-0.23121107132537447,0.0,-0.00011942675355433864,0.005687618136803886,0.0,2482.2769155668125
0.194154162349347,-0.21551323055762645,0.0,-0.0003086594881252715,0.005840813405200582,0.0,2485.0
0.194154162349347,-0.21551323055762645,0.0,-0.0003086594881252715,0.005840813405200582,0.0,2485.0
0.1940868936050839,-0.21426917359904316,0.0,-0.00032362673609841663,0.005852501494746514,0.0,2485.212780768823
0.19323805125263313,-0.2016934402757741,0.0,-0.00047463415777581643,0.0059671941297910185,0.0,2487.340588457053
0.1917211424566513,-0.18563990897508229,0.0,-0.0006667837008770838,0.006104679581644842,0.0,2490.0
0.1917211424566513,-0.18563990897508229,0.0,-0.0006667837008770838,0.006104679581644842,0.0,2490.0
0.19157486543109362,-0.18431522120590077,0.0,-0.000682627015697334,0.00611556605809314,0.0,2490.216802012959
0.18992212878684747,-0.17094051187951312,0.0,-0.0008424422865527778,0.006221806152094756,0.0,2492.3848221425474
0.18746334984916843,-0.15450890766987802,0.0,-0.0010385556069600903,0.00634326646525353,0.0,2495.0
0.18746334984916843,-0.15450890766987802,0.0,-0.0010385556069600903,0.00634326646525353,0.0,2495.0
0.18723685616039878,-0.15313531911206346,0.0,-0.0010549539037406888,0.006352950428281856,0.0,2495.216377459266
0.18477574028441493,-0.13928649717446306,0.0,-0.0012202913486221649,0.006446719506539604,0.0,2497.380152051925
0.18131303449854524,-0.12225675624974643,0.0,-0.0014237386579260482,0.0065523307322914994,0.0,2500.0
0.18131303449854524,-0.12225675624974643,0.0,-0.0014237386579260482,0.0065523307322914994,0.0,2500.0
0.18101054600899358,-0.12087183658105542,0.0,-0.001440302235091136,0.0065604268647977615,0.0,2500.211232240109
0.17779231871155346,-0.10693114731869002,0.0,-0.0016071660675523343,0.006637892046772361,0.0,2502.323554641199
0.17320448434039692,-0.08904433568029507,0.0,-0.001821702737582768,0.006726305928093527,0.0,2505.0
0.17320448434039692,-0.08904433568029507,0.0,-0.001821702737582768,0.006726305928093527,0.0,2505.0
0.17283681400984885,-0.08769218557443172,0.0,-0.0018379478978276936,0.006732459480492825,0.0,2505.2009320956745
0.1689798896312248,-0.07410536278281074,0.0,-0.0020013757959115304,0.006790152036847619,0.0,2507.2102530524194
0.16307695550891757,-0.05506463912209319,0.0,-0.0022309929054768864,0.006857825336935738,0.0,2510.0
0.16307695550891757,-0.05506463912209319,0.0,-0.0022309929054768864,0.006857825336935738,0.0,2510.0
0.16266524616294703,-0.05380303690863217,0.0,-0.002246231707894741,0.006861730364132543,0.0,2510.183912827344
0.15839363043388485,-0.04115004839852818,0.0,-0.0023991968012377855,0.006896816195238215,0.0,2512.023041100785
0.15088062657284246,-0.0205531618858597,0.0,-0.0026485126163234025,0.006937162678842021,0.0,2515.0
0.15088062657284246,-0.0205531618858597,0.0,-0.0026485126163234025,0.006937162678842021,0.0,2515.0
0.15047635225919562,-0.0194966973753499,0.0,-0.0026613025227310897,0.0069386307190434275,0.0,2515.152274356142
0.14632644857595425,-0.008921538589320795,0.0,-0.002789271711189946,0.006949949077066698,0.0,2516.6750179175597
0.1365881747474165,0.014199100167167704,0.0,-0.003068037698839459,0.0069518137277638165,0.0,2520.0
0.1365881747474165,0.014199100167167704,0.0,-0.003068037698839459,0.0069518137277638165,0.0,2520.0
0.1361516972989749,0.015186154193096331,0.0,-0.003079881869835886,0.006951138983490071,0.0,2520.1419918902056
0.13169465501483832,0.02504964695606051,0.0,-0.0031978427705025014,0.006940796225484335,0.0,2521.561910792262
0.12021606258368893,0.048832266936366435,0.0,-0.003477798756642032,0.006886948305481649,0.0,2525.0
0.12021606258368893,0.048832266936366435,0.0,-0.003477798756642032,0.006886948305481649,0.0,2525.0
0.11959079289394908,0.05006756606401621,0.0,-0.0034920952486603707,0.006882948577447755,0.0,2525.179419979954
0.1131984386265765,0.06237684150198311,0.0,-0.0036327360228988496,0.006836164042379027,0.0,2526.9736197794964
0.10185959326180342,0.08291185913769532,0.0,-0.0038576126791175186,0.006728376231418261,0.0,2530.0
0.10185959326180342,0.08291185913769532,0.0,-0.0038576126791175186,0.006728376231418261,0.0,2530.0
0.10109948663038106,0.08423441564177153,0.0,-0.0038715589079917614,0.006720087540768409,0.0,2530.1966847597923
0.09335122600480543,0.09736438937844369,0.0,-0.004005590408634059,0.006628601002313788,0.0,2532.1635323577157
0.0817380063360187,0.11594828452322654,0.0,-0.004178523985438074,0.006469792843678169,0.0,2535.0
0.0817380063360187,0.11594828452322654,0.0,-0.004178523985438074,0.006469792843678169,0.0,2535.0
0.08088724201066623,0.11726249752075643,0.0,-0.004189867811145007,0.006457242946016373,0.0,2535.203327425644
0.0722587986964523,0.13025856197073143,0.0,-0.004294713327887269,0.006323784805244922,0.0,2537.2366016820856
0.06022367003196273,0.14745936755151529,0.0,-0.004410303697011081,0.006121583137825773,0.0,2540.0
0.06022367003196273,0.14745936755151529,0.0,-0.004410303697011081,0.006121583137825773,0.0,2540.0
0.05934362079552292,0.14867837482113636,0.0,-0.004417387756059012,0.006106187956553707,0.0,2540.1993831282557
0.05047209959760393,0.16069604145939076,0.0,-0.004478682124090494,0.00594720795923662,0.0,2542.1932144108127
0.037813519246812435,0.17705984063253216,0.0,-0.0045356443971234775,0.00571091915703547,0.0,2545.0
0.037813519246812435,0.17705984063253216,0.0,-0.0045356443971234775,0.00571091915703547,0.0,2545.0
0.03697389829067138,0.17811524334762874,0.0,-0.004538223474735552,0.005694947107362925,0.0,2545.185063030332
0.028556485882591798,0.18850538389866864,0.0,-0.004556256538832631,0.005533263353165308,0.0,2547.035693333652
0.015040652492312912,0.20451746345183017,0.0,-0.004557320902956529,0.005269264522214134,0.0,2550.0
0.015040652492312912,0.20451746345183017,0.0,-0.004557320902956529,0.005269264522214134,0.0,2550.0
0.014329404258818965,0.2053388040539591,0.0,-0.004556489126052518,0.0052552651877562275,0.0,2550.1560811828426
0.007226574730522195,0.21343189101129573,0.0,-0.0045436023063307,0.005115035297127514,0.0,2551.716893011269
-0.007613842527915978,0.22974070180563141,0.0,-0.004491541900678662,0.004820161426977493,0.0,2555.0
-0.007613842527915978,0.22974070180563141,0.0,-0.004491541900678662,0.004820161426977493,0.0,2555.0
-0.008235022232720685,0.2304066856336843,0.0,-0.004488665431387431,0.004807775626032036,0.0,2555.1383440460604
-0.014423582674515236,0.23697242089107184,0.0,-0.0044571323265017665,0.0046842133392041695,0.0,2556.5217845066645
-0.029761297153684835,0.2527287519056024,0.0,-0.004357636865268475,0.004376606114100878,0.0,2560.0
-0.029761297153684835,0.2527287519056024,0.0,-0.004357636865268475,0.004376606114100878,0.0,2560.0
-0.030541021262137275,0.2535109892416541,0.0,-0.00435179522665705,0.004360911710942469,0.0,2560.1790525798633
-0.03827856487023379,0.2611793189644121,0.0,-0.004289949023410726,0.004204791020965898,0.0,2561.9695783784964
-0.05110463591729882,0.2735254791586358,0.0,-0.00417240542430894,0.00394411298426771,0.0,2565.0
-0.05110463591729882,0.2735254791586358,0.0,-0.00417240542430894,0.00394411298426771,0.0,2565.0
-0.051936556364505226,0.2743109638327586,0.0,-0.0041641315164450705,0.0039271114858762035,0.0,2565.199583942573
-0.06016271539313889,0.28197994904799945,0.0,-0.0040782447445815335,0.003758191853482232,0.0,2567.195423368304
-0.07142116740247534,0.29219098255442666,0.0,-0.003948789567221741,0.003524137281973333,0.0,2570.0
-0.07142116740247534,0.29219098255442666,0.0,-0.003948789567221741,0.003524137281973333,0.0,2570.0
-0.07226341417838035,0.2929417457623661,0.0,-0.003938525282830948,0.003506480549450691,0.0,2570.2135697350373
-0.08056329170239698,0.3002428565152177,0.0,-0.0038332060478415693,0.0033310863428791916,0.0,2572.34926708541
-0.09054410693336062,0.3087872564254837,0.0,-0.0036963421106396533,0.003116244824020089,0.0,2575.0
-0.09054410693336062,0.3087872564254837,0.0,-0.0036963421106396533,0.003116244824020089,0.0,2575.0
-0.09136930161677605,0.30948205443387755,0.0,-0.003684482518777599,0.003098276525242355,0.0,2575.22360479966
-0.09947365989261835,0.31620994578130174,0.0,-0.003563692825205548,0.002919724042368812,0.0,2577.459652796258
-0.10834770743741243,0.3233718938759427,0.0,-0.0034220616867076297,0.0027192375390821125,0.0,2580.0
-0.10834770743741243,0.3233718938759427,0.0,-0.0034220616867076297,0.0027192375390821125,0.0,2580.0
-0.10913475575548026,0.3239964164971974,0.0,-0.0034089682485544783,0.0027011903990848615,0.0,2580.2304330929956
-0.11683786624881083,0.3300137445425112,0.0,-0.003276282308760533,0.0025217381518717347,0.0,2582.534764022951
-0.12473638317386486,0.3359957684296157,0.0,-0.003131120364692154,0.0023316838241150438,0.0,2585.0
-0.12473638317386486,0.3359957684296157,0.0,-0.003131120364692154,0.0023316838241150438,0.0,2585.0
-0.12546830182463148,0.3365399321008686,0.0,-0.0031171305369880617,0.002313744327842774,0.0,2585.2342793704543
-0.13260609310322444,0.34175113346783054,0.0,-0.0029758686228904354,0.0021352220737808274,0.0,2587.577073074997
-0.13963699763287918,0.3467025332423266,0.0,-0.002827401497874036,0.001952151497613776,0.0,2590.0
-0.13963699763287918,0.3467025332423266,0.0,-0.002827401497874036,0.001952151497613776,0.0,2590.0
-0.14030059570938372,0.3471598119184324,0.0,-0.002812828033035862,0.0019344777342121242,0.0,2590.235308753607
-0.14674710638441724,0.3515044585395777,0.0,-0.0026660608552278946,0.0017584539168497455,0.0,2592.5883962896783
-0.1529934187520067,0.3555288891197028,0.0,-0.0025138760720807463,0.0015793004747884914,0.0,2595.0
-0.1529934187520067,0.3555288891197028,0.0,-0.0025138760720807463,0.0015793004747884914,0.0,2595.0
-0.1535793907278703,0.3558960886377995,0.0,-0.0024989999100785204,0.0015620230652968348,0.0,2595.233786631175
-0.1592472018904305,0.35934638753903686,0.0,-0.0023494815873687635,0.00138980685639698,0.0,2597.571652942925
-0.16476264673973381,0.36250513426643716,0.0,-0.002192862383902372,0.0012119114316504161,0.0,2600.0
-0.16476264673973381,0.36250513426643716,0.0,-0.002192862383902372,0.0012119114316504161,0.0,2600.0
-0.16526537415473838,0.36278199194920624,0.0,-0.0021779285505311194,0.0011951349039581389,0.0,2600.230039471991
-0.17010326867104045,0.36533864697646273,0.0,-0.002028058141478114,0.0010277842026737386,0.0,2602.5304341919004
-0.17491202685397886,0.3676557776397146,0.0,-0.0018662055387216664,0.0008488866381642342,0.0,2605.0
-0.17491202685397886,0.3676557776397146,0.0,-0.0018662055387216664,0.0008488866381642342,0.0,2605.0
-0.17532899644986405,0.3678443839926388,0.0,-0.0018514283593623157,0.0008326987273651029,0.0,2605.2243198119822
-0.1793160963769341,0.3695309576494946,0.0,-0.0017033037790015746,0.0006711085159571004,0.0,2607.4675179318047
-0.183417216078621,0.3710001234791614,0.0,-0.0015354030789864691,0.0004892394679803694,0.0,2610.0
-0.183417216078621,0.3710001234791614,0.0,-0.0015354030789864691,0.0004892394679803694,0.0,2610.0
-0.18374831309667294,0.37110444142855376,0.0,-0.0015209818781684232,0.00047372927578289803,0.0,2610.2166591889586
-0.18688727244940778,0.3719629384191662,0.0,-0.0013765575011382152,0.0003188100165977689,0.0,2612.3832510785446
-0.1902606806750019,0.3725527923659833,0.0,-0.0012016940921350543,0.00013208034219737248,0.0,2615.0
-0.1902606806750019,0.3725527923659833,0.0,-0.0012016940921350543,0.00013208034219737248,0.0,2615.0
-0.19050762324065773,0.3725785711592527,0.0,-0.00118784161719786,0.00011736808811608945,0.0,2615.206686619575
-0.19281949915172017,0.3726691849116978,0.0,-0.001049211897020755,-2.9658395014490606e-05,0.0,2617.2735528153257
-0.1954305738254828,0.37232416994432105,0.0,-0.0008661237306118768,-0.00022339779604124173,0.0,2620.0
-0.1954305738254828,0.37232416994432105,0.0,-0.0008661237306118768,-0.00022339779604124173,0.0,2620.0
-0.19560903058648774,0.3722762363032381,0.0,-0.0008521466762409931,-0.00023813103418608318,0.0,2620.207716722198
-0.19723389492958154,0.37162860678617343,0.0,-0.0007123463370036561,-0.0003854304369104907,0.0,2622.284883944176
-0.19891989080187142,0.37032078509480093,0.0,-0.0005295907722358986,-0.0005779330517207781,0.0,2625.0
-0.19891989080187142,0.37032078509480093,0.0,-0.0005295907722358986,-0.0005779330517207781,0.0,2625.0
-0.19903023585907206,0.37019714795263475,0.0,-0.0005153584831920311,-0.0005928899854513936,0.0,2625.2111969850253
-0.19996839238218486,0.3687870217398518,0.0,-0.0003730729375047284,-0.0007424851524104944,0.0,2627.323166835278
-0.20072583106269934,0.36654562330809437,0.0,-0.00019288356457756084,-0.0009322069135459318,0.0,2630.0
-0.20072583106269934,0.36654562330809437,0.0,-0.00019288356457756084,-0.0009322069135459318,0.0,2630.0
-0.20076455881779762,0.3663498493211801,0.0,-0.00017885253165391017,-0.0009469677110068769,0.0,2630.2083616995305
-0.20099110970727077,0.3642228966276431,0.0,-3.8636759480142934e-05,-0.001094653873677255,0.0,2632.291978694836
-0.20084931896071848,0.3609983811897832,0.0,0.00014329195873601455,-0.0012868555042860484,0.0,2635.0
-0.20084931896071848,0.3609983811897832,0.0,0.00014329195873601455,-0.0012868555042860484,0.0,2635.0
-0.2008179233047425,0.3607280363301917,0.0,0.00015731946103827486,-0.0013016834583175424,0.0,2635.208878368713
-0.20034292129543577,0.3578541471947564,0.0,0.00029744646303757246,-0.0014500911498834639,0.0,2637.2976620558447
-0.19929465004362984,0.3536756670130259,0.0,0.0004782896760362968,-0.001642479978935056,0.0,2640.0
-0.19929465004362984,0.3536756670130259,0.0,0.0004782896760362968,-0.001642479978935056,0.0,2640.0
-0.19918846074948401,0.3533147909937875,0.0,0.0004929077632195051,-0.0016580613417478821,0.0,2640.218676904963
-0.1979509169079218,0.3495184846003622,0.0,0.0006388720891704056,-0.0018140670891530592,0.0,2642.405445954594
-0.1960692412370392,0.34457115027823965,0.0,0.0008115040238741858,-0.0019996566143651987,0.0,2645.0
-0.1960692412370392,0.34457115027823965,0.0,0.0008115040238741858,-0.0019996566143651987,0.0,2645.0
-0.19588369002469047,0.34411628906453273,0.0,0.0008265517386081448,-0.0020158846982040284,0.0,2645.226550427236
-0.19384090602525106,0.33936526635591074,0.0,0.0009767407164910091,-0.0021784251654931768,0.0,2647.492054699595
-0.19118347263561428,0.3336756601343199,0.0,0.0011423523366604542,-0.0023589472939675588,0.0,2650.0
-0.19118347263561428,0.3336756601343199,0.0,0.0011423523366604542,-0.0023589472939675588,0.0,2650.0
-0.19091565235169095,0.3331243472816935,0.0,0.001157694317483528,-0.0023757431283196457,0.0,2650.232882371089
-0.1880412351547395,0.3273958214680934,0.0,0.0013107511885324533,-0.0025440317420096278,0.0,2652.56170608198
-0.184650616399453,0.3209772292929097,0.0,0.0014702573804413806,-0.0027209109907923917,0.0,2655.0
-0.184650616399453,0.3209772292929097,0.0,0.0014702573804413806,-0.0027209109907923917,0.0,2655.0
-0.18429922817211214,0.3203282938736626,0.0,0.0014857630377112026,-0.002738200800937298,0.0,2655.2377440088667
-0.18058296002859778,0.3136125255312984,0.0,0.0016403784233017687,-0.0029115028051566343,0.0,2657.6151840975335
-0.17648685716557483,0.30646107478051265,0.0,0.0017946278547811972,-0.0030861177942834274,0.0,2660.0
-0.17648685716557483,0.30646107478051265,0.0,0.0017946278547811972,-0.0030861177942834274,0.0,2660.0
-0.1760524321775617,0.3057151052052576,0.0,0.0018101595838900361,-0.0031038197134928857,0.0,2660.241026584073
-0.17150272546521247,0.29802034171205904,0.0,0.0019649534356630644,-0.0032813194314799377,0.0,2662.651292424804
-0.16671141940335507,0.29010949937689445,0.0,0.00211483458474305,-0.0034551670014273655,0.0,2665.0
-0.16671141940335507,0.29010949937689445,0.0,0.00211483458474305,-0.0034551670014273655,0.0,2665.0
-0.1661966346686808,0.28926932444790554,0.0,0.0021302421615342496,-0.003473184180895839,0.0,2665.2425324894584
-0.1608437764472101,0.28062676596267394,0.0,0.0022837072831769084,-0.0036539164333827877,0.0,2667.6678573840427
-0.15534683363360188,0.27190168546992416,0.0,0.002430177899170847,-0.003828712729185541,0.0,2670.0
-0.15534683363360188,0.27190168546992416,0.0,0.002430177899170847,-0.003828712729185541,0.0,2670.0
-0.1547567289633233,0.27097266216801696,0.0,0.002445298945862022,-0.0038469334474945135,0.0,2670.2420704423334
-0.14865495598669365,0.26143929781586817,0.0,0.0025958044131304237,-0.004029785607889481,0.0,2672.662774865668
-0.14241940167599834,0.25181333182833415,0.0,0.0027398390104750275,-0.004207502359183391,0.0,2675.0
-0.14241940167599834,0.25181333182833415,0.0,0.0027398390104750275,-0.004207502359183391,0.0,2675.0
-0.14176133958752293,0.25080326799359426,0.0,0.002754504209613987,-0.004225807088053786,0.0,2675.2395415706023
-0.13498818331965376,0.2404608546890945,0.0,0.0029003446556033355,-0.004409591945105945,0.0,2677.6349572766258
-0.12795997309338858,0.22981604537461595,0.0,0.003042800868030075,-0.004592438489182783,0.0,2680.0
-0.12795997309338858,0.22981604537461595,0.0,0.003042800868030075,-0.004592438489182783,0.0,2680.0
-0.127243353535138,0.22873480915636082,0.0,0.0030568393814970375,-0.004610710718622152,0.0,2680.2349709834607
-0.11989649996624194,0.21768561742516251,0.0,0.0031962834868720907,-0.004794278930868977,0.0,2682.5846808180677
-0.11200525160200542,0.205876323646864,0.0,0.0033377080278621674,-0.004984685786363213,0.0,2685.0
-0.11200525160200542,0.205876323646864,0.0,0.0033377080278621674,-0.004984685786363213,0.0,2685.0
-0.11124121796202333,0.2047354685315228,0.0,0.003350946375177762,-0.005002821431540632,0.0,2685.2284564945217
-0.10343542311166884,0.1930982606291813,0.0,0.003482214395220384,-0.005185163226061205,0.0,2687.513021439738
-0.09460009077539017,0.17995379937723474,0.0,0.0036225929352395906,-0.005385871148855893,0.0,2690.0
-0.09460009077539017,0.17995379937723474,0.0,0.0036225929352395906,-0.005385871148855893,0.0,2690.0
-0.09380158367824248,0.17876665678616188,0.0,0.0036348403101041167,-0.005403783201439079,0.0,2690.2200520851493
-0.08566933472215015,0.16667754079554156,0.0,0.0037559323545747897,-0.005584089959605941,0.0,2692.420572936642
-0.07580185166442344,0.15199802809127688,0.0,0.003894272504218677,-0.005798497628824183,0.0,2695.0
-0.07580185166442344,0.15199802809127688,0.0,0.003894272504218677,-0.005798497628824183,0.0,2695.0
-0.07498442097115537,0.15078076199819726,0.0,0.00390528139759393,-0.005816116928736879,0.0,2695.2096094606372
-0.0666845336069623,0.13840388277459367,0.0,0.00401351723479465,-0.005993823655549409,0.0,2697.3057040670096
-0.055689744659379856,0.12194203864444096,0.0,0.004146771026915893,-0.00622692199434781,0.0,2700.0
-0.055689744659379856,0.12194203864444096,0.0,0.004146771026915893,-0.00622692199434781,0.0,2700.0
-0.05487392305837798,0.12071666119815173,0.0,0.00415613583138137,-0.0062441983186002125,0.0,2700.1965145073177
-0.04661641422800179,0.10827472564096352,0.0,0.004246913784285457,-0.006419088173634468,0.0,2702.161659580495
-0.0343892253437497,0.08968744951961127,0.0,0.004365952181254702,-0.006680111481349985,0.0,2705.0
-0.0343892253437497,0.08968744951961127,0.0,0.004365952181254702,-0.006680111481349985,0.0,2705.0
-0.03360755743734254,0.08849088480324431,0.0,0.0043727655002224015,-0.006697010504397552,0.0,2705.178897308145
-0.025727385060446438,0.07635686867382863,0.0,0.0044350033883778514,-0.0068694323656897085,0.0,2706.9678703895975
-0.012163663755344827,0.055063404318509715,0.0,0.0044998558018588455,-0.00718033948824905,0.0,2710.0
-0.012163663755344827,0.055063404318509715,0.0,0.0044998558018588455,-0.00718033948824905,0.0,2710.0
-0.011494968371984583,0.05399530489123124,0.0,0.004500750257667335,-0.007196316502371638,0.0,2710.1485881364706
-0.0048110482119683605,0.0431821661659046,0.0,0.004488530031863894,-0.007358719302104928,0.0,2711.6344695011767
0.009951823450327482,0.017884264853273584,0.0,0.004228452291632339,-0.007624772927314032,0.0,2715.0
0.009951823450327482,0.017884264853273584,0.0,0.004228452291632339,-0.007624772927314032,0.0,2715.0
0.010527773291374774,0.01684352288403428,0.0,0.00421269580572278,-0.007628324373601304,0.0,2715.1364621813336
0.01616799629359162,0.006422599471465073,0.0,0.004053783258524226,-0.007637562570284593,0.0,2716.50108399467
0.02966810044027187,-0.020168141066936016,0.0,0.0036695625392854227,-0.007543651466890028,0.0,2720.0
0.02966810044027187,-0.020168141066936016,0.0,0.0036695625392854227,-0.007543651466890028,0.0,2720.0
0.03020889511860821,-0.021281775665044966,0.0,0.0036541656204731004,-0.007537740731877713,0.0,2720.147683087669
0.0354933466093461,-0.03236734966378705,0.0,0.003503175625763654,-0.007473450004649541,0.0,2721.6245139643597
0.04675801017386816,-0.057311264130466374,0.0,0.0031745820790837313,-0.00730123613973302,0.0,2725.0
0.04675801017386816,-0.057311264130466374,0.0,0.0031745820790837313,-0.00730123613973302,0.0,2725.0
0.047324956303476134,-0.05861778303488769,0.0,0.0031576899917464857,-0.007291361994562466,0.0,2725.1790658495656
0.05282962725350826,-0.07158373624545977,0.0,0.002991247083843602,-0.007189505877965595,0.0,2726.969724345222
0.06147823207598721,-0.09309548114480654,0.0,0.0027186418474542447,-0.007006353974968906,0.0,2730.0
0.06147823207598721,-0.09309548114480654,0.0,0.0027186418474542447,-0.007006353974968906,0.0,2730.0
0.06201136795492403,-0.09447263671718431,0.0,0.0027013172768797517,-0.006994042348513983,0.0,2730.1967308365706
0.06715677458577198,-0.10810934953770346,0.0,0.0025302368487359265,-0.006868588919456258,0.0,2732.164039202277
0.07399015271845404,-0.1273241796676705,0.0,0.002290070713580913,-0.006681017328815937,0.0,2735.0
0.07399015271845404,-0.1273241796676705,0.0,0.002290070713580913,-0.006681017328815937,0.0,2735.0
0.07446739758032386,-0.12872032074119363,0.0,0.002272664993381639,-0.006666870617586672,0.0,2735.209192709471
0.07904108578903597,-0.14251749869656274,0.0,0.00210065023397564,-0.006523416877143673,0.0,2737.3011198041827
0.08441682425096467,-0.15986815437825763,0.0,0.0018839949683846131,-0.006333358217460963,0.0,2740.0
0.08441682425096467,-0.15986815437825763,0.0,0.0018839949683846131,-0.006333358217460963,0.0,2740.0
0.0848257160249087,-0.1612473241312186,0.0,0.0018667718991862055,-0.006317748507571272,0.0,2740.218031382989
0.08870963248071748,-0.17485046105260185,0.0,0.0016965443018691826,-0.00615986226526219,0.0,2742.398345212879
0.09286420213516758,-0.19062687132726086,0.0,0.0014980786147622402,-0.0059674056394833355,0.0,2745.0
0.09286420213516758,-0.19062687132726086,0.0,0.0014980786147622402,-0.0059674056394833355,0.0,2745.0
0.09319721560687118,-0.19195899395493332,0.0,0.0014812881639848397,-0.005950647108500919,0.0,2745.2235469313955
0.09632247028991654,-0.2050728788078508,0.0,0.001315374182698258,-0.005781415237416768,0.0,2747.4590162453505
0.09942975958587044,-0.21951528227716058,0.0,0.0011311273957044206,-0.005585545533123222,0.0,2750.0
0.09942975958587044,-0.21951528227716058,0.0,0.0011311273957044206,-0.005585545533123222,0.0,2750.0
0.09968332937457745,-0.22077442142730205,0.0,0.0011150077245080051,-0.005567943776812621,0.0,2750.2257838042415
0.10202041251662732,-0.23314602849606902,0.0,0.0009557850046037911,-0.005390407999752684,0.0,2752.483621846656
0.1042066231515661,-0.24645808798064509,0.0,0.0007825371361513093,-0.005189379731308624,0.0,2755.0
0.1042066231515661,-0.24645808798064509,0.0,0.0007825371361513093,-0.005189379731308624,0.0,2755.0
0.10438091172939247,-0.2476232092311704,0.0,0.0007672965537060652,-0.005171233672511733,0.0,2755.224913473081
0.10593679405830378,-0.259048854586609,0.0,0.0006168292312442645,-0.004988384724007538,0.0,2757.4740482038906
0.10728581745491692,-0.2713868485458294,0.0,0.0004520420025862135,-0.004780091145034873,0.0,2760.0
0.10728581745491692,-0.2713868485458294,0.0,0.0004520420025862135,-0.004780091145034873,0.0,2760.0
0.10738426452068393,-0.2724424489284647,0.0,0.0004378460129263932,-0.004761683820451414,0.0,2760.2212586153496
0.10819743554225149,-0.2827734771620267,0.0,0.0002977648205680451,-0.004576357535813568,0.0,2762.4338447688456
0.10875760563903786,-0.2942383809951653,0.0,0.00013958767734497995,-0.004358620918367119,0.0,2765.0
0.10875760563903786,-0.2942383809951653,0.0,0.00013958767734497995,-0.004358620918367119,0.0,2765.0
0.108786226737348,-0.2951738474101947,0.0,0.00012656368755723378,-0.004340223962152803,0.0,2765.215078222977
0.10891972162326442,-0.3043100493754717,0.0,-1.8837914545635846e-06,-0.004155142250614034,0.0,2767.365860452746
0.10871235911619295,-0.314953810413531,0.0,-0.00015473698898461742,-0.003925763182234234,0.0,2770.0
0.10871235911619295,-0.314953810413531,0.0,-0.00015473698898461742,-0.003925763182234234,0.0,2770.0
0.10867730085523093,-0.31580689999822736,0.0,-0.00016713559640470522,-0.003906651852920418,0.0,2770.21783555211
0.10817959416948514,-0.3241080022679664,0.0,-0.0002892538172360754,-0.0037144632371709277,0.0,2772.3961910732105
0.10724116866531744,-0.3334779836145567,0.0,-0.00043073821722319734,-0.0034822198346306384,0.0,2775.0
0.10724116866531744,-0.3334779836145567,0.0,-0.00043073821722319734,-0.0034822198346306384,0.0,2775.0
0.10714195017511656,-0.3342666718150884,0.0,-0.00044282972382413604,-0.0034618218291131526,0.0,2775.2271552665106
0.10600034625601013,-0.3418978312647409,0.0,-0.0005616717007979492,-0.0032567382761271575,0.0,2777.498707931617
0.10443631039843425,-0.3497590990523853,0.0,-0.0006881386488550574,-0.0030286344172864737,0.0,2780.0
0.10443631039843425,-0.3497590990523853,0.0,-0.0006881386488550574,-0.0030286344172864737,0.0,2780.0
0.10427477226451047,-0.350461670315595,0.0,-0.0006996577502796671,-0.0030072781808961296,0.0,2780.2327969010544
0.10251371768923734,-0.35721304832561274,0.0,-0.0008126183530021754,-0.002792622364519091,0.0,2782.560765911598
0.10039163241157888,-0.3637484747267303,0.0,-0.0009265885266616248,-0.0025656145534073073,0.0,2785.0
0.10039163241157888,-0.3637484747267303,0.0,-0.0009265885266616248,-0.0025656145534073073,0.0,2785.0
0.10017297408936739,-0.3643478572294821,0.0,-0.0009373007850960705,-0.0025436634174720143,0.0,2785.234624982525
0.09785006511099505,-0.3700575557068394,0.0,-0.001042095628096956,-0.0023231063343813725,0.0,2787.580874807775
0.09520290268338942,-0.37540041096442667,0.0,-0.001145670453649974,-0.0020937480814444067,0.0,2790.0
0.09520290268338942,-0.37540041096442667,0.0,-0.001145670453649974,-0.0020937480814444067,0.0,2790.0
0.09493511500356494,-0.37588515333746747,0.0,-0.0011553862776216318,-0.002071575574255898,0.0,2790.2327511949097
0.09213478268654987,-0.3804479514384174,0.0,-0.0012501848190922182,-0.0018488853581395163,0.0,2792.560263144007
0.08896814511690607,-0.38467212432224834,0.0,-0.0013448996218083625,-0.001613615743608849,0.0,2795.0
0.08896814511690607,-0.38467212432224834,0.0,-0.0013448996218083625,-0.001613615743608849,0.0,2795.0
0.0886610130974552,-0.3850369396101753,0.0,-0.0013534877372744479,-0.001591568514267399,0.0,2795.227640571158
0.08548402223379634,-0.38840836826605124,0.0,-0.001437038119617836,-0.0013702354993070892,0.0,2797.50404628274
0.08178798357352872,-0.3915237401982686,0.0,-0.001523720522420447,-0.0011258022276557451,0.0,2800.0
0.08178798357352872,-0.3915237401982686,0.0,-0.001523720522420447,-0.0011258022276557451,0.0,2800.0
0.08145229991995637,-0.3917687862069281,0.0,-0.0015311030528383596,-0.001104193819593691,0.0,2800.2197723702784
0.07800795430355878,-0.3939574827923523,0.0,-0.001602679921466546,-0.0008873681772067055,0.0,2802.4174960730625
0.07376600933050288,-0.3959183394880729,0.0,-0.001681500933105127,-0.00063090692291128,0.0,2805.0
0.07376600933050288,-0.3959183394880729,0.0,-0.001681500933105127,-0.00063090692291128,0.0,2805.0
0.07341360976559498,-0.39604813977983816,0.0,-0.0016876349264625138,-0.0006100565257379822,0.0,2805.2091924537667
0.06982058408872928,-0.3971057957531911,0.0,-0.001746861543532286,-0.00040093895409758174,0.0,2807.301116991434
0.06500918571723326,-0.39782206014789373,0.0,-0.0018175230843818135,-0.00012955528374226618,0.0,2810.0
0.06500918571723326,-0.39782206014789373,0.0,-0.0018175230843818135,-0.00012955528374226618,0.0,2810.0
0.06465431865334219,-0.39784540392256174,0.0,-0.001822378326882011,-0.00010988268644681862,0.0,2810.1949868761994
0.06105488016088609,-0.39786753927711643,0.0,-0.0018690215951035992,8.73218677506815e-05,0.0,2812.144855638194
0.05562830310113979,-0.3972042593952833,0.0,-0.001930972341258871,0.000377588127676482,0.0,2815.0
0.05562830310113979,-0.3972042593952833,0.0,-0.001930972341258871,0.000377588127676482,0.0,2815.0
0.05524086463701799,-0.39712653009174004,0.0,-0.0019350399713611416,0.0003980278595070781,0.0,2815.2004327961104
0.05132311334065912,-0.3961236021002249,0.0,-0.0019736118070287456,0.000602866588009328,0.0,2817.204760757214
0.04573849716224762,-0.39403774734858815,0.0,-0.0020209231636929567,0.0008898039367576849,0.0,2820.0
0.04573849716224762,-0.39403774734858815,0.0,-0.0020209231636929567,0.0008898039367576849,0.0,2820.0
0.04532000398978815,-0.3938514299188145,0.0,-0.002024127821845004,0.00091109840364838,0.0,2820.2069157808237
0.041100298640258826,-0.39174562934006213,0.0,-0.002053827899021011,0.001124436922912091,0.0,2822.2760735890606
0.03545984503355828,-0.3882991083266547,0.0,-0.0020863219286175083,0.001406298380495771,0.0,2825.0
0.03545984503355828,-0.3882991083266547,0.0,-0.0020863219286175083,0.001406298380495771,0.0,2825.0
0.035030416109743084,-0.38800760482148766,0.0,-0.0020884732592015526,0.0014276280530950338,0.0,2825.205724185788
0.030713534204459773,-0.3848510068449911,0.0,-0.0021075529236961594,0.0016412287440145151,0.0,2827.2629660436664
0.024918055508194387,-0.37996913310798797,0.0,-0.002125966368592815,0.0019261782124095374,0.0,2830.0
0.024918055508194387,-0.37996913310798797,0.0,-0.002125966368592815,0.0019261782124095374,0.0,2830.0
0.02449953071111892,-0.37958801143300963,0.0,-0.002126984149408093,0.0019466976154376508,0.0,2830.1968158816453
0.02030487732573988,-0.3755545423738517,0.0,-0.002134817809883652,0.0021520803759809905,0.0,2832.1649746980984
0.014245271991179802,-0.36903339481490427,0.0,-0.0021384808768561,0.002448417939868972,0.0,2835.0
0.014245271991179802,-0.36903339481490427,0.0,-0.0021384808768561,0.002448417939868972,0.0,2835.0
0.013862326365222721,-0.36859326344769294,0.0,-0.0021384079867554254,0.002467151334207805,0.0,2835.1790764670113
0.010034870094036068,-0.36400739486138384,0.0,-0.0021356300385823044,0.0026545554208565404,0.0,2836.9698411371246
0.003581010575183087,-0.355483014058855,0.0,-0.002122286923206935,0.0029718162845060493,0.0,2840.0
0.003581010575183087,-0.355483014058855,0.0,-0.002122286923206935,0.0029718162845060493,0.0,2840.0
0.0032804728214660735,-0.35506103560958285,0.0,-0.0021213926162082478,0.0029866465185791414,0.0,2840.141640037245
0.00028273421832737634,-0.35072572918918604,0.0,-0.0021110918248526834,0.0031349297477495175,0.0,2841.558040409695
-0.006926739418219013,-0.33931567780145366,0.0,-0.002075567329788355,0.00349493732211369,0.0,2845.0
-0.006926739418219013,-0.33931567780145366,0.0,-0.002075567329788355,0.00349493732211369,0.0,2845.0
-0.00725590253867029,-0.3387598350699804,0.0,-0.002073560666345156,0.003511514565660051,0.0,2845.158665959145
-0.010529014838228783,-0.3330568116398092,0.0,-0.0020516766109728666,0.0036771627215814,0.0,2846.7453255505934
-0.017120217899426304,-0.3205370046257408,0.0,-0.0019962227358630647,0.004016029332196306,0.0,2850.0
-0.017120217899426304,-0.3205370046257408,0.0,-0.0019962227358630647,0.004016029332196306,0.0,2850.0
-0.017494955551668728,-0.319780579621491,0.0,-0.0019925690947051335,0.0040355440891731795,0.0,2850.1878949297998
-0.02120277985933651,-0.312014886494979,0.0,-0.0019532974986321877,0.0042303405253213775,0.0,2852.0668442277974
-0.026830354778610024,-0.299162393300829,0.0,-0.0018818178283983487,0.004532910252372353,0.0,2855.0
-0.026830354778610024,-0.299162393300829,0.0,-0.0018818178283983487,0.004532910252372353,0.0,2855.0
-0.02721636564279782,-0.2982290470249528,0.0,-0.0018763195290580044,0.00455401695659099,0.0,2855.2054261146063
-0.03101182231345952,-0.2886575976075517,0.0,-0.0018178084662798443,0.0047643972328212545,0.0,2857.2596872606696
-0.035874929942205175,-0.27521956368365547,0.0,-0.0017295139702489554,0.005042801213013329,0.0,2860.0
-0.035874929942205175,-0.27521956368365547,0.0,-0.0017295139702489554,0.005042801213013329,0.0,2860.0
-0.03625005233513672,-0.27412103451659336,0.0,-0.0017219715410084835,0.005064754188047219,0.0,2860.2173678527643
-0.03990785057509376,-0.2628741583589979,0.0,-0.0016422563104807196,0.005283125702807062,0.0,2862.391046380407
-0.04405635462049528,-0.2487521224309771,0.0,-0.0015359842725668428,0.005542075804013559,0.0,2865.0
-0.04405635462049528,-0.2487521224309771,0.0,-0.0015359842725668428,0.005542075804013559,0.0,2865.0
-0.04439980391708536,-0.24750649741378097,0.0,-0.0015262599602710604,0.005564148349196973,0.0,2865.2243110574673
-0.04771041533064127,-0.23477932142962765,0.0,-0.0014240164372002347,0.005783083689790137,0.0,2867.46742163214
-0.051158978475864626,-0.219824707156313,0.0,-0.00129730866826034,0.006025865904061105,0.0,2870.0
-0.051158978475864626,-0.219824707156313,0.0,-0.00129730866826034,0.006025865904061105,0.0,2870.0
-0.05145002344025138,-0.21846420190138796,0.0,-0.0012853971829618845,0.0060472009696451315,0.0,2870.225378428439
-0.054208446778293444,-0.20459669724949944,0.0,-0.0011607156673795445,0.0062579626079355905,0.0,2872.4791627128284
-0.05694583523881887,-0.18853067688438135,0.0,-0.0010088577466862612,0.006487411260234518,0.0,2875.0
-0.05694583523881887,-0.18853067688438135,0.0,-0.0010088577466862612,0.006487411260234518,0.0,2875.0
-0.057166514633691844,-0.18709957249086778,0.0,-0.0009949053189205871,0.006507082669457491,0.0,2875.2202630253078
-0.05919975211215236,-0.17255292192602076,0.0,-0.0008494804181349416,0.00670024067445026,0.0,2877.4228932783853
-0.06115487460515761,-0.15500412056603335,0.0,-0.0006652209851286567,0.0069169314301926015,0.0,2880.0
-0.06115487460515761,-0.15500412056603335,0.0,-0.0006652209851286567,0.0069169314301926015,0.0,2880.0
-0.06129290616848619,-0.1535499080724458,0.0,-0.0006494767670303419,0.006934059087465722,0.0,2880.209979361735
-0.062487035248262914,-0.13881340311171503,0.0,-0.0004860816857479992,0.007100605647168644,0.0,2882.309772979084
-0.06349534939802122,-0.11943953527446743,0.0,-0.00026040901945742945,0.007299588470775928,0.0,2885.0
-0.06349534939802122,-0.11943953527446743,0.0,-0.00026040901945742945,0.007299588470775928,0.0,2885.0
-0.06354458185604189,-0.11801116402990956,0.0,-0.00024324514929852364,0.007313298196721143,0.0,2885.1954945049283
-0.06384852865489901,-0.10358419941640232,0.0,-6.600048381307302e-05,0.0074442274837705795,0.0,2887.1504395542115
-0.06364740138224201,-0.08212544714778303,0.0,0.00021082543984600601,0.007611802348195265,0.0,2890.0
-0.06364740138224201,-0.08212544714778303,0.0,0.00021082543984600601,0.007611802348195265,0.0,2890.0
-0.06360680500829338,-0.08072097380515893,0.0,0.00022951034725427643,0.007621520573330718,0.0,2890.1843945819473
-0.06300816085264183,-0.06658307718475531,0.0,0.0004212708220315221,0.0077102181162749354,0.0,2892.028340401421
-0.0612761346441207,-0.04350188675087387,0.0,0.0007477574051362932,0.007815477269111722,0.0,2895.0
-0.0612761346441207,-0.04350188675087387,0.0,0.0007477574051362932,0.007815477269111722,0.0,2895.0
-0.06114755196953597,-0.04217463287775469,0.0,0.0007669859285321171,0.007819856210420426,0.0,2895.1697758726177
-0.059680563380184445,-0.02886761354958873,0.0,0.0009618942750672286,0.007852738523542404,0.0,2896.867534598795
-0.05609459684548313,-0.004244384923831123,0.0,0.0013280796502782855,0.007855172065581905,0.0,2900.0
-0.05609459684548313,-0.004244384923831123,0.0,0.0013280796502782855,0.007855172065581905,0.0,2900.0
-0.05594507125813175,-0.003364401277208897,0.0,0.0013411552889620528,0.007853724375415878,0.0,2900.1120362113556
-0.054369542854691026,0.005424128587459501,0.0,0.001471093251024845,0.007833150930378797,0.0,2901.232398324912
-0.048033242805731576,0.0346915182846889,0.0,0.0018844696243693786,0.0076826414028576635,0.0,2905.0
-0.048033242805731576,0.0346915182846889,0.0,0.0018844696243693786,0.0076826414028576635,0.0,2905.0
-0.04772242312375969,0.03595229996372636,0.0,0.0019012179322716453,0.007673342181288118,0.0,2905.1642068390797
-0.0444673083516157,0.04846962079326542,0.0,0.0020610322199156724,0.007569160374586348,0.0,2906.806275229877
-0.03744371663057018,0.0722565276110524,0.0,0.002327001326893342,0.007317431160429353,0.0,2910.0
-0.03744371663057018,0.0722565276110524,0.0,0.002327001326893342,0.007317431160429353,0.0,2910.0
-0.03700998008766948,0.07361496942786645,0.0,0.002340541095094793,0.0073011717898182485,0.0,2910.185850799674
-0.03254176920917539,0.08702830291567418,0.0,0.0024643652272560226,0.0071312736939150145,0.0,2912.0443587964137
-0.02501583955186151,0.10768135904563762,0.0,0.0026201914334448937,0.006840778565736732,0.0,2915.0
-0.02501583955186151,0.10768135904563762,0.0,0.0026201914334448937,0.006840778565736732,0.0,2915.0
-0.024528744420525585,0.10894932002533549,0.0,0.002628404077204573,0.006821946399117805,0.0,2915.1856086748076
-0.01958002582003512,0.12143494404216958,0.0,0.0027012735319222264,0.006631050014244614,0.0,2917.041695422883
-0.011454709191763899,0.14059350736854365,0.0,0.0027859450394979116,0.006320424082231997,0.0,2920.0
-0.011454709191763899,0.14059350736854365,0.0,0.0027859450394979116,0.006320424082231997,0.0,2920.0
-0.01099978296580489,0.14162350153891015,0.0,0.0027896021557810586,0.006303155438340734,0.0,2920.1631857340303
-0.006420721864228399,0.15176821491754172,0.0,0.0028209252706896137,0.006130079521768117,0.0,2921.7950430743335
0.0026869377910021678,0.1708691028481906,0.0,0.0028573857046939695,0.005789553074836227,0.0,2925.0
0.0026869377910021678,0.1708691028481906,0.0,0.0028573857046939695,0.005789553074836227,0.0,2925.0
0.0030521812793780877,0.1716081723964083,0.0,0.002858223800318652,0.005775987959790667,0.0,2925.1278054473682
0.006709434731804936,0.17890357935582052,0.0,0.0028642223185422902,0.005640486889669386,0.0,2926.4058599210507
0.017004972287926703,0.198494199264487,0.0,0.002859934852772418,0.005261534871378821,0.0,2930.0
0.017004972287926703,0.198494199264487,0.0,0.002859934852772418,0.005261534871378821,0.0,2930.0
0.01750495190529459,0.1994125743790925,0.0,0.002859014148668118,0.005243195153816706,0.0,2930.174849854931
0.02249382704869412,0.20842030362905312,0.0,0.002846455653346611,0.005060368876461735,0.0,2931.92334840424
0.031200627312889695,0.22349766406705793,0.0,0.002810713850551183,0.004741377493741911,0.0,2935.0
0.031200627312889695,0.22349766406705793,0.0,0.002810713850551183,0.004741377493741911,0.0,2935.0
0.03175102308860347,0.224424606257618,0.0,0.0028079129024202085,0.004721182643248745,0.0,2935.1959178957245
0.037222516595147984,0.23347698824607133,0.0,0.0027765991424234604,0.004520066438214138,0.0,2937.1550968529696
0.04504547796456267,0.2459238512348554,0.0,0.0027211553048218204,0.004230768444962131,0.0,2940.0
0.04504547796456267,0.2459238512348554,0.0,0.0027211553048218204,0.004230768444962131,0.0,2940.0
0.04561650086807699,0.24681016430444852,0.0,0.002716647740551157,0.004209534209589949,0.0,2940.210019336467
0.05127237803791076,0.25542873798795535,0.0,0.0026684852629764127,0.003998172744693622,0.0,2942.3102127011393
0.058358566065498274,0.26582175686674986,0.0,0.0025990871389538687,0.003730075336968043,0.0,2945.0
0.058358566065498274,0.26582175686674986,0.0,0.0025990871389538687,0.003730075336968043,0.0,2945.0
0.05893027323091946,0.266640787087246,0.0,0.0025930680103775387,0.003708245011287805,0.0,2945.2202192260274
0.06457223949775515,0.274567495847803,0.0,0.002530038582032917,0.003491000328240816,0.0,2947.422411486302
0.07099193539292696,0.28324071163038095,0.0,0.0024500484629980425,0.003239145222884376,0.0,2950.0
0.07099193539292696,0.28324071163038095,0.0,0.0024500484629980425,0.003239145222884376,0.0,2950.0
0.07154800548375882,0.28397446665872755,0.0,0.0024427136232454028,0.0032170490083542527,0.0,2950.227302766578
0.07701493891989666,0.291036644525084,0.0,0.0023667783141223774,0.0029971747951874775,0.0,2952.5003304323563
0.08282135071539129,0.29822871524448114,0.0,0.0022780895801015008,0.002757632564818494,0.0,2955.0
0.08282135071539129,0.29822871524448114,0.0,0.0022780895801015008,0.002757632564818494,0.0,2955.0
0.0833474757937677,0.2988642196973782,0.0,0.002269641569591016,0.0027355663750031982,0.0,2955.2313787798453
0.08849931710098052,0.304939329800844,0.0,0.002182825591782469,0.002515984670458076,0.0,2957.545166578298
0.09374018026552268,0.31083186324445794,0.0,0.002086264440463935,0.0022851355216131288,0.0,2960.0
0.09374018026552268,0.31083186324445794,0.0,0.002086264440463935,0.0022851355216131288,0.0,2960.0
0.09422402915110925,0.3113604947709607,0.0,0.002076915036795331,0.0022633773087912847,0.0,2960.232441642274
0.09894128850151022,0.31636949612938936,0.0,0.001981336304800639,0.002046837450565589,0.0,2962.556858065013
0.10365524830716918,0.3210942249561836,0.0,0.0018769418514436463,0.0018212512289254718,0.0,2965.0
0.10365524830716918,0.3210942249561836,0.0,0.0018769418514436463,0.0018212512289254718,0.0,2965.0
0.10408696990505244,0.3215118141992683,0.0,0.001866905964598123,0.0018000506444533517,0.0,2965.2306295375124
0.10827539592248472,0.3254195781071723,0.0,0.0017647109607864914,0.001589025409475032,0.0,2967.5369249126366
0.11248395058042439,0.3290578976449912,0.0,0.001652008335672758,0.001365595685157883,0.0,2970.0
0.11248395058042439,0.3290578976449912,0.0,0.001652008335672758,0.001365595685157883,0.0,2970.0
0.1128564839432628,0.3293645151135641,0.0,0.001641495761418263,0.0013451639940121503,0.0,2970.2262227685724
0.11644974975519845,0.33217718874709723,0.0,0.0015347751763759262,0.0011417488076570146,0.0,2972.488450454296
0.12015220504769147,0.33476311549055215,0.0,0.001413004568349867,0.0009178078587010291,0.0,2975.0
0.12015220504769147,0.33476311549055215,0.0,0.001413004568349867,0.0009178078587010291,0.0,2975.0
0.12046111133702227,0.33496239387620796,0.0,0.0014022194437328008,0.0008983251095560312,0.0,2975.219453818183
0.12341894676322457,0.3367206455992805,0.0,0.001293004196178963,0.0007043084626776122,0.0,2977.4139920000125
0.12659297300947084,0.3382483588671955,0.0,0.0011612201756164833,0.0004775466263614828,0.0,2980.0
0.12659297300947084,0.3382483588671955,0.0,0.0011612201756164833,0.0004775466263614828,0.0,2980.0
0.1268359780382746,0.33834683242099883,0.0,0.0011503748315258794,0.0004591905631722437,0.0,2980.210248472648
0.12913977243027633,0.3391198283249085,0.0,0.0010407783063731185,0.0002763404568811924,0.0,2982.312733199127
0.13174518255817239,0.33955043910982424,0.0,0.0008977617771065081,4.4484437425694885e-05,0.0,2985.0
0.13174518255817239,0.33955043910982424,0.0,0.0008977617771065081,4.4484437425694885e-05,0.0,2985.0
0.13192175088957422,0.33955755889894373,0.0,0.0008871144936260789,2.7489317730157147e-05,0.0,2985.197849064506
0.13357093006124188,0.3394442368856004,0.0,0.0007797150781718168,-0.00014186235833711538,0.0,2987.1763397095665
0.13555294632905412,0.33870454675518313,0.0,0.0006236038882769198,-0.00038170080031533593,0.0,2990.0
0.13555294632905412,0.33870454675518313,0.0,0.0006236038882769198,-0.00038170080031533593,0.0,2990.0
0.13568056296584927,0.3386239008510786,0.0,0.0006120642306492902,-0.00039916572376597987,0.0,2990.20655440107
0.13682496357126853,0.33761948068880615,0.0,0.0004957444922132928,-0.0005731951026535857,0.0,2992.2720984117723
0.137965003839228,0.33574425629617616,0.0,0.0003396286879088552,-0.0008013349692207875,0.0,2995.0
0.137965003839228,0.33574425629617616,0.0,0.0003396286879088552,-0.0008013349692207875,0.0,2995.0
0.13803537326505266,0.3355733381576219,0.0,0.0003274448431956872,-0.0008189041456372225,0.0,2995.210978663858
0.13859703745714047,0.33366073857343803,0.0,0.00020472807398508522,-0.0009939859030964956,0.0,2997.320765302438
0.13893434511789743,0.33070148116706666,0.0,4.665938596513328e-05,-0.0012147584512492526,0.0,3000.0
0.13893434511789743,0.33070148116706666,0.0,4.665938596513328e-05,-0.0012147584512492526,0.0,3000.0
0.1389427650448371,0.3304470015503575,0.0,3.428819702262167e-05,-0.0012318306664873015,0.0,3000.2080279342254
0.1388848530131934,0.32770727797343085,0.0,-9.019799831094348e-05,-0.0014019981040115136,0.0,3002.288307276479
0.13841799146235295,0.3236063711517178,0.0,-0.00025450977057494184,-0.0016223385651519832,0.0,3005.0
0.13841799146235295,0.3236063711517178,0.0,-0.00025450977057494184,-0.0016223385651519832,0.0,3005.0
0.13836191165704806,0.3232560048662821,0.0,-0.0002676202441871909,-0.0016397244868827984,0.0,3005.2148125894037
0.1376456589326424,0.3195473442642752,0.0,-0.00039946446849766214,-0.0018130381362665778,0.0,3007.3629384834403
0.13637692531433065,0.31448714075136913,0.0,-0.0005630833266669601,-0.0020244849420429766,0.0,3010.0
0.13637692531433065,0.31448714075136913,0.0,-0.0005630833266669601,-0.0020244849420429766,0.0,3010.0
0.13625007271312337,0.31403463947240623,0.0,-0.0005769771586861296,-0.0020422637047483607,0.0,3010.2225370372107
0.13481094697629253,0.3092924366412647,0.0,-0.0007166121120999122,-0.002219522475823058,0.0,3012.447907409318
0.13277617799126057,0.303369810647257,0.0,-0.0008782309994453642,-0.0024216692213155015,0.0,3015.0
0.13277617799126057,0.303369810647257,0.0,-0.0008782309994453642,-0.0024216692213155015,0.0,3015.0
0.13257364726708418,0.30281387007482813,0.0,-0.0008927916738208704,-0.0024397263686375837,0.0,3015.228716379408
0.13036467236385915,0.29702770932631295,0.0,-0.0010390221061352943,-0.002619809946441136,0.0,3017.5158801734888
0.12758510355498912,0.29027783507688193,0.0,-0.0011990459040514994,-0.002814451482915472,0.0,3020.0
0.12758510355498912,0.29027783507688193,0.0,-0.0011990459040514994,-0.002814451482915472,0.0,3020.0
0.12730360002448948,0.28961908401038133,0.0,-0.0012141402321734218,-0.002832680164447463,0.0,3020.233304606367
0.12429445274529088,0.28279801210919286,0.0,-0.0013655983191043584,-0.0030145489503360227,0.0,3022.566350670035
0.12077789686024543,0.27523157207353727,0.0,-0.0015244871209527501,-0.0032035174797178613,0.0,3025.0
0.12077789686024543,0.27523157207353727,0.0,-0.0015244871209527501,-0.0032035174797178613,0.0,3025.0
0.1204162342151897,0.27447325972012576,0.0,-0.0015399489551120853,-0.003221803189485515,0.0,3025.2360387202543
0.11659857592784809,0.266653011562489,0.0,-0.0016949278727860853,-0.0034043475834082534,0.0,3027.5964259227976
0.11233446151859482,0.25824752832995684,0.0,-0.0018532944126925864,-0.0035897329301043312,0.0,3030.0
0.11233446151859482,0.25824752832995684,0.0,-0.0018532944126925864,-0.0035897329301043312,0.0,3030.0
0.11189421821757642,0.2573962240823344,0.0,-0.001868913663732865,-0.0036079479818938295,0.0,3030.2365495745466
0.10728844423035874,0.24864634151947915,0.0,-0.0020252540192016006,-0.0037899343758646337,0.0,3032.602045320013
0.10224181985625475,0.2393372673928581,0.0,-0.0021838513838253366,-0.00397422632139352,0.0,3035.0
0.10224181985625475,0.2393372673928581,0.0,-0.0021838513838253366,-0.00397422632139352,0.0,3035.0
0.10172785920310413,0.23840314912507274,0.0,-0.0021993711478169573,-0.003992236594501627,0.0,3035.234512675781
0.09638818073840022,0.22882964438813388,0.0,-0.0023544265210820752,-0.004172375769711832,0.0,3037.5796394335903
0.09049642728830483,0.21850579264038472,0.0,-0.0025139493805327933,-0.004358520647751273,0.0,3040.0
0.09049642728830483,0.21850579264038472,0.0,-0.0025139493805327933,-0.004358520647751273,0.0,3040.0
0.08991704193412912,0.2175022726829886,0.0,-0.0025290684541544404,-0.004376202884544872,0.0,3040.2297771739823
0.08393253619429898,0.20724337878894813,0.0,-0.00267971792020816,-0.004553325061854729,0.0,3042.527548913805
0.07710811460692431,0.19574907520527182,0.0,-0.0028403467381419942,-0.004744752099531353,0.0,3045.0
0.07710811460692431,0.19574907520527182,0.0,-0.0028403467381419942,-0.004744752099531353,0.0,3045.0
0.07647496421488058,0.1946921579843459,0.0,-0.002854713246598331,-0.004762011740337925,0.0,3045.2223506194737
0.0699686086630041,0.18391142682841857,0.0,-0.002997267203966973,-0.0049352499255077295,0.0,3047.4458568142104
0.062107229367282156,0.17105013017155926,0.0,-0.003157863893507157,-0.005136047643571432,0.0,3050.0
0.062107229367282156,0.17105013017155926,0.0,-0.003157863893507157,-0.005136047643571432,0.0,3050.0
0.06143578704033188,0.169958569755117,0.0,-0.003171035047282938,-0.005152823403981476,0.0,3050.2121828003865
0.054569093318739756,0.15884640417705345,0.0,-0.0033007598407931303,-0.005321664603161624,0.0,3052.334010804251
0.04555878636112256,0.14437256466078716,0.0,-0.0034572896777064397,-0.005537180543085542,0.0,3055.0
0.04555878636112256,0.14437256466078716,0.0,-0.0034572896777064397,-0.005537180543085542,0.0,3055.0
0.044870587812081454,0.14327053986919563,0.0,-0.0034686151068535507,-0.005553415936362068,0.0,3055.198731465668
0.03786717153924127,0.13207172635981365,0.0,-0.0035783861510059363,-0.005717392830947189,0.0,3057.1860461223487
0.027594308193574075,0.11565002990180057,0.0,-0.0037197161456153367,-0.005955499761026073,0.0,3060.0
0.027594308193574075,0.11565002990180057,0.0,-0.0037197161456153367,-0.005955499761026073,0.0,3060.0
0.02692460019434456,0.11457759320442969,0.0,-0.0037280327192454016,-0.005970983848950196,0.0,3060.1798413108413
0.020149131272499485,0.10369882522650953,0.0,-0.003804862912124278,-0.006127812976891136,0.0,3061.9782544192544
0.00849709304945865,0.08477426081919398,0.0,-0.0038980884828491574,-0.006399275687537414,0.0,3065.0
0.00849709304945865,0.08477426081919398,0.0,-0.0038980884828491574,-0.006399275687537414,0.0,3065.0
0.007932911108399228,0.08384746988152407,0.0,-0.0039010018677658733,-0.006412466869382082,0.0,3065.144678376059
0.002273092326406694,0.07447448811624861,0.0,-0.003919632192997002,-0.006544458604996398,0.0,3066.591462136648
-0.011035497756848393,0.05165747540761682,0.0,-0.0038619637241012993,-0.006834063297643867,0.0,3070.0
-0.011035497756848393,0.05165747540761682,0.0,-0.0038619637241012993,-0.006834063297643867,0.0,3070.0
-0.011614987078509808,0.05063034076135924,0.0,-0.0038554236682421298,-0.0068449301140368615,0.0,3070.150176476529
-0.017346350956117893,0.04027734460914282,0.0,-0.0037722888936763334,-0.006937669410521577,0.0,3071.6519412418183
-0.02955904308158518,0.016863047014273283,0.0,-0.0035128056446290783,-0.007020652538785399,0.0,3075.0
-0.02955904308158518,0.016863047014273283,0.0,-0.0035128056446290783,-0.007020652538785399,0.0,3075.0
-0.030068221911344808,0.01584363884826502,0.0,-0.0035006012169040094,-0.007020594284748638,0.0,3075.1452015002365
-0.0350623350719112,0.005656749241961058,0.0,-0.003378327041856831,-0.007007076442639203,0.0,3076.597216502601
-0.046080291605251573,-0.018039069492423912,0.0,-0.003100355693843122,-0.006907381050877198,0.0,3080.0
-0.046080291605251573,-0.018039069492423912,0.0,-0.003100355693843122,-0.006907381050877198,0.0,3080.0
-0.046539100847071316,-0.0190627648128503,0.0,-0.003088646930646836,-0.006901492942602613,0.0,3080.1482661135597
-0.05103272305732044,-0.02924893429944731,0.0,-0.002973498841746691,-0.006837391985643645,0.0,3081.6309272491562
-0.060625876286856215,-0.052002358925374914,0.0,-0.002723967774150102,-0.006664517585182157,0.0,3085.0
-0.060625876286856215,-0.052002358925374914,0.0,-0.002723967774150102,-0.006664517585182157,0.0,3085.0
-0.06111869809071443,-0.053210081694352734,0.0,-0.0027109489981765682,-0.006654411714474718,0.0,3085.181354170596
-0.06591841803625378,-0.0651841580863855,0.0,-0.0025828755864602537,-0.006549722198864088,0.0,3086.9948958765563
-0.07337048676324254,-0.08459141763066041,0.0,-0.002378175507315659,-0.006364293752670652,0.0,3090.0
-0.07337048676324254,-0.08459141763066041,0.0,-0.002378175507315659,-0.006364293752670652,0.0,3090.0
-0.07384354878861366,-0.08585967781643501,0.0,-0.00236486255429361,-0.0063515764529180905,0.0,3090.19947661586
-0.0784293716084687,-0.09840098178997635,0.0,-0.002233519920626653,-0.006221904674883984,0.0,3092.1942427744602
-0.08444260195984192,-0.11559461663593042,0.0,-0.0020537293614189974,-0.0060328992075442955,0.0,3095.0
-0.08444260195984192,-0.11559461663593042,0.0,-0.0020537293614189974,-0.0060328992075442955,0.0,3095.0
-0.08487701223957525,-0.11687334866085636,0.0,-0.002040324035581477,-0.006018354833286681,0.0,3095.2122154916974
-0.08906576463928306,-0.12948952726231971,0.0,-0.0019077562116919398,-0.00587107621688736,0.0,3097.3343704086715
-0.09393305346040755,-0.1448884404141773,0.0,-0.0017447432008894288,-0.005681884186953256,0.0,3100.0
-0.09393305346040755,-0.1448884404141773,0.0,-0.0017447432008894288,-0.005681884186953256,0.0,3100.0
-0.0943181234213733,-0.14614552553970375,0.0,-0.0017313395815971553,-0.005665989474013019,0.0,3100.221554215852
-0.09800647571606308,-0.15852157650456175,0.0,-0.0015985591304975965,-0.005505620295245977,0.0,3102.4370963743713
-0.10190941885311809,-0.17239109801517835,0.0,-0.001447611930367011,-0.005317176683518959,0.0,3105.0
-0.10190941885311809,-0.17239109801517835,0.0,-0.001447611930367011,-0.005317176683518959,0.0,3105.0
-0.10223792901199938,-0.1736013877175873,0.0,-0.0014343012846755438,-0.005300286777370868,0.0,3105.227980872281
-0.10535700031416712,-0.1854915792136754,0.0,-0.0013022789154174587,-0.005130240931316912,0.0,3107.5077895950913
-0.1084249227834357,-0.19804328453010622,0.0,-0.0011600871156707841,-0.004942143754473914,0.0,3110.0
-0.1084249227834357,-0.19804328453010622,0.0,-0.0011600871156707841,-0.004942143754473914,0.0,3110.0
-0.10869202212782969,-0.1991856006969947,0.0,-0.0011469762211929744,-0.004924565506049454,0.0,3110.2315495049443
-0.11119682303209369,-0.21038412225240966,0.0,-0.0010168215280873284,-0.004747831454650696,0.0,3112.547044554387
-0.11352378583557188,-0.22179889386553142,0.0,-0.0008807533233456906,-0.004558830698812839,0.0,3115.0
-0.11352378583557188,-0.22179889386553142,0.0,-0.0008807533233456906,-0.004558830698812839,0.0,3115.0
-0.11372688898816471,-0.22285577233963763,0.0,-0.0008679587823790586,-0.004540845344515212,0.0,3115.2322891888043
-0.11559515622301404,-0.23319411850074953,0.0,-0.0007408680040939401,-0.004360185722288044,0.0,3117.5551810768475
-0.11724459038158466,-0.24362001211634932,0.0,-0.0006087353835424989,-0.004168534721301818,0.0,3120.0
-0.11724459038158466,-0.24362001211634932,0.0,-0.0006087353835424989,-0.004168534721301818,0.0,3120.0
-0.11738339787761419,-0.24457821166783475,0.0,-0.0005963714047387434,-0.00415039789646502,0.0,3120.2303659252457
-0.11861544812956927,-0.2539298495107378,0.0,-0.0004735092053814345,-0.003968336090745935,0.0,3122.5340251777025
-0.11962252294751417,-0.2634739877921527,0.0,-0.0003435294126555919,-0.0037720989421953463,0.0,3125.0
-0.11962252294751417,-0.2634739877921527,0.0,-0.0003435294126555919,-0.0037720989421953463,0.0,3125.0
-0.11969883570285512,-0.26432457583903424,0.0,-0.00033170030204436547,-0.0037540390194925385,0.0,3125.2260356750203
-0.12031547247300466,-0.27260545671980424,0.0,-0.00021412677782509733,-0.00357283596174718,0.0,3127.486392425223
-0.1206909587508371,-0.28133160606855084,0.0,-8.490234028011236e-05,-0.0033700753285183377,0.0,3130.0
-0.1206909587508371,-0.28133160606855084,0.0,-8.490234028011236e-05,-0.0033700753285183377,0.0,3130.0
-0.12070836322665766,-0.2820692822162341,0.0,-7.370520175152553e-05,-0.003352303317223459,0.0,3130.2194687353476
-0.12074776391114515,-0.2892311139310865,0.0,3.759674649494844e-05,-0.00317405361050343,0.0,3132.414156088824
-0.1204826513129642,-0.2971658935343621,0.0,0.00016716890857770288,-0.002962820981369809,0.0,3135.0
-0.1204826513129642,-0.2971658935343621,0.0,0.00016716890857770288,-0.002962820981369809,0.0,3135.0
-0.12044420785451292,-0.29782339113784256,0.0,0.00017823024869085695,-0.002944567605601073,0.0,3135.2226017191
-0.11992489376426538,-0.30417448445391904,0.0,0.00028814258874027855,-0.0027615148549134955,0.0,3137.4486189101012
-0.1190306840602649,-0.3109513046879612,0.0,0.0004125336024328064,-0.0025505580364140316,0.0,3140.0
-0.1190306840602649,-0.3109513046879612,0.0,0.0004125336024328064,-0.0025505580364140316,0.0,3140.0
-0.11893511670603271,-0.31153219060555104,0.0,0.00042357887118849166,-0.0025315869839153977,0.0,3140.22859864505
-0.11784118768387646,-0.3171021022305608,0.0,0.0005332601350771714,-0.002341344482496948,0.0,3142.514585095552
-0.11636928351692466,-0.322663151732546,0.0,0.0006508873781690689,-0.0021334129436009664,0.0,3145.0
-0.11636928351692466,-0.322663151732546,0.0,0.0006508873781690689,-0.0021334129436009664,0.0,3145.0
-0.11621749619204183,-0.3231543103073447,0.0,0.0006617269744093388,-0.002113995624890984,0.0,3145.231274377444
-0.11456242101753306,-0.3278184705595274,0.0,0.0007692819287159748,-0.0019192845498935617,0.0,3147.5440181518857
-0.1125345620718568,-0.33227719749721635,0.0,0.0008817807924107097,-0.001711443505021154,0.0,3150.0
-0.1125345620718568,-0.33227719749721635,0.0,0.0008817807924107097,-0.001711443505021154,0.0,3150.0
-0.1123300390103929,-0.3326695592187113,0.0,0.0008922299640165746,-0.001691862899241959,0.0,3150.2305766735794
-0.11015302316734714,-0.33634442938150894,0.0,0.0009958160430867272,-0.0014955221585728276,0.0,3152.536343409374
-0.10756524099372801,-0.33976936430927823,0.0,0.0011046189639852576,-0.0012846588818599776,0.0,3155.0
-0.10756524099372801,-0.33976936430927823,0.0,0.0011046189639852576,-0.0012846588818599776,0.0,3155.0
-0.10731380900685332,-0.34005826865830213,0.0,0.0011145064847249645,-0.0012651973754318985,0.0,3155.22660427998
-0.10467701761770144,-0.34270434596523475,0.0,0.0012124207972254285,-0.0010700614497376932,0.0,3157.492647079782
-0.10150339486087888,-0.3451155323661917,0.0,0.001318653492089033,-0.0008530358513763226,0.0,3160.0
-0.10150339486087888,-0.3451155323661917,0.0,0.001318653492089033,-0.0008530358513763226,0.0,3160.0
-0.10121290608900516,-0.345300705112173,0.0,0.0013278264038908394,-0.000833969343763327,0.0,3160.2195281700433
-0.09819803071039791,-0.3469218422566479,0.0,0.001418553489990539,-0.0006428088733722846,0.0,3162.4148098704763
-0.0943952545280383,-0.3482914154119058,0.0,0.0015229671342751015,-0.0004165338499410423,0.0,3165.0
-0.0943952545280383,-0.3482914154119058,0.0,0.0015229671342751015,-0.0004165338499410423,0.0,3165.0
-0.09407568846687656,-0.3483766563268106,0.0,0.0015312821950454374,-0.0003981547448536162,0.0,3165.209259761511
-0.09078507198253447,-0.3490172009200306,0.0,0.0016134116137049308,-0.00021390714833097331,0.0,3167.3018573766212
-0.08629210571313663,-0.34927251294053635,0.0,0.0017164508061549124,2.4889086256189283e-05,0.0,3170.0
-0.08629210571313663,-0.34927251294053635,0.0,0.0017164508061549124,2.4889086256189283e-05,0.0,3170.0
-0.08595379642849028,-0.3492659002719908,0.0,0.0017238153319669711,4.2356413411425196e-05,0.0,3170.196676055027
-0.08249173897817806,-0.34901054587731994,0.0,0.0017964407977702924,0.0002174372349877636,0.0,3172.163436605299
-0.07725132237387987,-0.34803414963450235,0.0,0.0018977725216675055,0.00047125693818944744,0.0,3175.0
-0.07725132237387987,-0.34803414963450235,0.0,0.0018977725216675055,0.00047125693818944744,0.0,3175.0
-0.0768544385017235,-0.3479338275815546,0.0,0.0019050483269953099,0.0004900009129067858,0.0,3175.2087310875136
-0.07280302511224129,-0.3467150865071735,0.0,0.0019764951387312647,0.0006779002463539631,0.0,3177.2960419626493
-0.06733757843989936,-0.3445516259599787,0.0,0.002065336920149484,0.0009225500607757651,0.0,3180.0
-0.06733757843989936,-0.3445516259599787,0.0,0.002065336920149484,0.0009225500607757651,0.0,3180.0
-0.06689199271784713,-0.34435081611408336,0.0,0.002072212366328778,0.0009421017899208604,0.0,3180.215386055476
-0.062355889232542205,-0.34211074026818566,0.0,0.002139363804775809,0.0011381001893295062,0.0,3182.3692466102343
-0.05662428751333249,-0.3388005209844276,0.0,0.0022172343442506998,0.0013786691549236667,0.0,3185.0
-0.05662428751333249,-0.3388005209844276,0.0,0.0022172343442506998,0.0013786691549236667,0.0,3185.0
-0.0561430920260568,-0.33849957892978866,0.0,0.002223425831626584,0.0013985467284234033,0.0,3185.216722229123
-0.05125874871340561,-0.33525287036741536,0.0,0.0022834681052104266,0.0015977864308722267,0.0,3187.3839445203553
-0.0451953264675804,-0.3307572125604222,0.0,0.0023511780537938116,0.0018393832211012922,0.0,3190.0
-0.0451953264675804,-0.3307572125604222,0.0,0.0023511780537938116,0.0018393832211012922,0.0,3190.0
-0.044695287671759364,-0.3303643676643915,0.0,0.0023564288662566977,0.0018590546068357997,0.0,3190.212438357063
-0.03963508974383368,-0.32620577599219447,0.0,0.002406852413824047,0.0020561698558915443,0.0,3192.336821927694
-0.033147103356013695,-0.32039971461833333,0.0,0.0024644293383196503,0.002304253131441166,0.0,3195.0
-0.033147103356013695,-0.32039971461833333,0.0,0.0024644293383196503,0.002304253131441166,0.0,3195.0
-0.03264809596815078,-0.319931618188428,0.0,0.002468529793225334,0.0023231414239254624,0.0,3195.2023153712316
-0.027613942247263976,-0.31504026737741675,0.0,0.0025073369526016566,0.002512317579386792,0.0,3197.225469083548
-0.020591027987306422,-0.30770898146199643,0.0,0.0025537118959503037,0.0027725189173765765,0.0,3200.0
-0.020591027987306422,-0.30770898146199643,0.0,0.0025537118959503037,0.0027725189173765765,0.0,3200.0
-0.020117697555929227,-0.3071937655826302,0.0,0.0025565102333341507,0.0027899189284274193,0.0,3200.185248245371
-0.015357265674814137,-0.30186422520366724,0.0,0.0025823484166179944,0.002964067501487882,0.0,3202.037730699081
-0.007656425692927326,-0.2926709005489777,0.0,0.002615121822987704,0.0032429338548202696,0.0,3205.0
-0.007656425692927326,-0.2926709005489777,0.0,0.002615121822987704,0.0032429338548202696,0.0,3205.0
-0.007252972188189032,-0.2921696045421378,0.0,0.002616525913684014,0.003257460087638366,0.0,3205.1542355783504
-0.00320745636221689,-0.2870334183687281,0.0,0.0026288365410873874,0.0034027200571708667,0.0,3206.696591361854
0.005506117954626106,-0.27527929381667293,0.0,0.0026440490526597037,0.0037135228211943004,0.0,3210.0
0.005506117954626106,-0.27527929381667293,0.0,0.0026440490526597037,0.0037135228211943004,0.0,3210.0
0.0058905887759794625,-0.2747383494276876,0.0,0.002644353083832358,0.0037271827999442635,0.0,3210.1454013605253
0.009736820294262871,-0.26921973883158823,0.0,0.0026456020388414348,0.003863634151818824,0.0,3211.599414965778
0.018721114115965973,-0.2555403720353668,0.0,0.0026351443756123557,0.0041812382998893585,0.0,3215.0
0.018721114115965973,-0.2555403720353668,0.0,0.0026351443756123557,0.0041812382998893585,0.0,3215.0
0.01919824386878579,-0.25478161837936075,0.0,0.0026340389693704186,0.0041980728515065,0.0,3215.1811016432925
0.023956489920382008,-0.24702676281414154,0.0,0.0026197501843466787,0.004365832004647035,0.0,3216.992118076218
0.03178460562467604,-0.23347921528312915,0.0,0.002582397977048629,0.004641491485386344,0.0,3220.0
0.03178460562467604,-0.23347921528312915,0.0,0.002582397977048629,0.004641491485386344,0.0,3220.0
0.03230048692584373,-0.23254962125447162,0.0,0.002579290345883561,0.004659650439403372,0.0,3220.199888069641
0.03742198983898863,-0.22305496668759886,0.0,0.0025436984750808267,0.004839895136453092,0.0,3222.198768766051
0.04446149930442942,-0.20914891105275507,0.0,0.002479443214384422,0.005087563434049048,0.0,3225.0
0.04446149930442942,-0.20914891105275507,0.0,0.002479443214384422,0.005087563434049048,0.0,3225.0
0.04498648858590015,-0.20806852196832495,0.0,0.002473877015487409,0.0051060307820749,0.0,3225.2119739731565
0.05016729273900304,-0.19705115605703938,0.0,0.0024125415533412806,0.005288197490731629,0.0,3227.331713704722
0.0564853196050376,-0.18264278875233492,0.0,0.002320252126745795,0.005509979643933598,0.0,3230.0
0.0564853196050376,-0.18264278875233492,0.0,0.002320252126745795,0.005509979643933598,0.0,3230.0
0.056991516654085146,-0.18143661229814195,0.0,0.002311933933457556,0.0055277207360753386,0.0,3230.218555522574
0.06194855995733899,-0.16916465145035955,0.0,0.002222286894988271,0.0057010690706987,0.0,3232.4041107483163
0.06756279526172056,-0.15410941077312162,0.0,0.0021003964802436344,0.005896090856253694,0.0,3235.0
0.06756279526172056,-0.15410941077312162,0.0,0.0021003964802436344,0.005896090856253694,0.0,3235.0
0.06802161132228582,-0.1528163253216479,0.0,0.0020893471344609247,0.005911940775184811,0.0,3235.2190176424665
0.07247166363665604,-0.13969892008032392,0.0,0.00197233066449281,0.006064660411478335,0.0,3237.4091940671315
0.0773862789528336,-0.12376821973456385,0.0,0.00181889743788264,0.00623032364371324,0.0,3240.0
0.0773862789528336,-0.12376821973456385,0.0,0.00181889743788264,0.00623032364371324,0.0,3240.0
0.07777283746472602,-0.12243789165101214,0.0,0.00180556213710941,0.00624317082230559,0.0,3240.2133044340017
0.08147774471093645,-0.10898921838267912,0.0,0.001666575699286974,0.006364443721126413,0.0,3242.346348774018
0.08565615901638289,-0.09192105107143896,0.0,0.0014802542910883649,0.0064956672102736805,0.0,3245.0
0.08565615901638289,-0.09192105107143896,0.0,0.0014802542910883649,0.0064956672102736805,0.0,3245.0
0.08595422349268837,-0.09060560933309285,0.0,0.0014654817218552815,0.0065047205165389916,0.0,3245.20236925454
0.0887676014926529,-0.0773559482033933,0.0,0.0013137922373048687,0.006587415890760007,0.0,3247.226061799939
0.09211186381598585,-0.05895255539718543,0.0,0.0010956466853329933,0.006676586237232098,0.0,3250.0
0.09211186381598585,-0.05895255539718543,0.0,0.0010956466853329933,0.006676586237232098,0.0,3250.0
0.0923144005898063,-0.05770938664761694,0.0,0.001080651567950287,0.006681529944098689,0.0,3250.1861290433358
0.09418493046609525,-0.045231871463858986,0.0,0.0009287066659545331,0.006723613102363466,0.0,3252.0474194766934
0.09656431433569898,-0.025313930230612295,0.0,0.0006821638291109092,0.006762553078060909,0.0,3255.0
0.09656431433569898,-0.025313930230612295,0.0,0.0006821638291109092,0.006762553078060909,0.0,3255.0
0.09667158510315273,-0.02423988847579975,0.0,0.0006687786167315688,0.006763670016533609,0.0,3255.1588086240727
0.09762717377767892,-0.013492749326702707,0.0,0.0005345870381582981,0.006769384006320362,0.0,3256.7468948647993
0.09891885172682485,0.008509091603185462,0.0,0.000259861952832778,0.00675051441386511,0.0,3260.0
0.09891885172682485,0.008509091603185462,0.0,0.000259861952832778,0.00675051441386511,0.0,3260.0
0.09895191992325902,0.00938644346803853,0.0,0.0002489456690219964,0.006748918086392157,0.0,3260.1299834165898
0.09920476554146472,0.01814697574104368,0.0,0.00014024836575573737,0.00672950229341052,0.0,3261.4298175824874
0.09918046718706881,0.042034958916711926,0.0,-0.00015206625468763867,0.006645004020698419,0.0,3265.0
0.09918046718706881,0.042034958916711926,0.0,-0.00015206625468763867,0.006645004020698419,0.0,3265.0
0.09915291629429018,0.04318584323716352,0.0,-0.000165951837405759,0.006639779657676082,0.0,3265.1732633224406
0.09874618604098519,0.0546416165053808,0.0,-0.0003029677109794559,0.006582145326014682,0.0,3266.905896546846
0.09744147935293311,0.07481985364444277,0.0,-0.000538229079260625,0.006456131432340431,0.0,3270.0
0.09744147935293311,0.07481985364444277,0.0,-0.000538229079260625,0.006456131432340431,0.0,3270.0
0.09733607484705296,0.07606681815570811,0.0,-0.0005524778627115981,0.006447324375296272,0.0,3270.1932757930695
0.09613263971459614,0.08843902903759852,0.0,-0.000691876040160031,0.006353653972461259,0.0,3272.126033723764
0.09385885736424464,0.10647859311698642,0.0,-0.0008882053896587545,0.00619678199674888,0.0,3275.0
0.09385885736424464,0.10647859311698642,0.0,-0.0008882053896587545,0.00619678199674888,0.0,3275.0
0.0936729979034038,0.1077641360424697,0.0,-0.0009018548783007245,0.006184680106531488,0.0,3275.2076558045032
0.0916614423687142,0.12047754421601939,0.0,-0.0010343070710934243,0.006058470447150641,0.0,3277.2842138495357
0.0886296801004477,0.13669223123543323,0.0,-0.0011962344367648075,0.005880241340590198,0.0,3280.0
0.0886296801004477,0.13669223123543323,0.0,-0.0011962344367648075,0.005880241340590198,0.0,3280.0
0.0883665284974831,0.1379774319375427,0.0,-0.0012087101896489695,0.0058652728742579945,0.0,3280.218840849115
0.08558841403245242,0.15064579692391317,0.0,-0.0013288155436796906,0.005711092003862308,0.0,3282.407249340267
0.08197027367248937,0.16520598410009868,0.0,-0.0014601809388823134,0.005518720245960238,0.0,3285.0
0.08197027367248937,0.16520598410009868,0.0,-0.0014601809388823134,0.005518720245960238,0.0,3285.0
0.08163770824727076,0.16645625415852536,0.0,-0.0014711082634437916,0.005501421050949835,0.0,3285.2269061169923
0.0781795942993932,0.17874010530882278,0.0,-0.0015754631917555173,0.005324744930471712,0.0,3287.495967286915
0.07410100252598872,0.1918219146772883,0.0,-0.0016803836285284883,0.0051226916929918275,0.0,3290.0
0.07410100252598872,0.1918219146772883,0.0,-0.0016803836285284883,0.0051226916929918275,0.0,3290.0
0.07371148838505054,0.1930039354415959,0.0,-0.0016895300982419552,0.0051036945359728665,0.0,3290.231170559841
0.0697039996865407,0.20458026694752796,0.0,-0.0017761315230081871,0.004910866681811324,0.0,3292.5428761582493
0.06523642842334543,0.21638975331719704,0.0,-0.001858686476023037,0.004700759046488803,0.0,3295.0
0.06523642842334543,0.21638975331719704,0.0,-0.001858686476023037,0.004700759046488803,0.0,3295.0
0.06480595481480715,0.2174740125239531,0.0,-0.0018659560776835991,0.004680745737321152,0.0,3295.2311480858207
0.06041248595111154,0.22806046040379224,0.0,-0.0019341088398761852,0.004478523738356342,0.0,3297.5426289440275
0.055579661166277425,0.23879784192938766,0.0,-0.001997731407225458,0.004259801683751441,0.0,3300.0
0.055579661166277425,0.23879784192938766,0.0,-0.001997731407225458,0.004259801683751441,0.0,3300.0
0.05512534208236254,0.239762962813748,0.0,-0.0020031619037416187,0.004239413383600544,0.0,3300.227108116204
0.05051754998021834,0.24915834400153944,0.0,-0.0020534158797380826,0.004034093249440823,0.0,3302.498189278243
0.0453196365815095,0.2589651323645249,0.0,-0.002100485780680756,0.0038052304117825887,0.0,3305.0
0.0453196365815095,0.2589651323645249,0.0,-0.002100485780680756,0.0038052304117825887,0.0,3305.0
0.044857675946563993,0.25979905234084333,0.0,-0.002104216421537915,0.0037850109129196614,0.0,3305.219734686671
0.040195669028844735,0.26789317012538955,0.0,-0.0021380425129174504,0.0035818926695751416,0.0,3307.417081553381
0.03463028454341651,0.27683453452377915,0.0,-0.002169948785468883,0.0033412618339328467,0.0,3310.0
0.03463028454341651,0.27683453452377915,0.0,-0.002169948785468883,0.0033412618339328467,0.0,3310.0
0.0341757744318018,0.277531974367763,0.0,-0.002172174851420893,0.0033216821737601905,0.0,3310.2093487981797
0.029607167220245388,0.2842805259719324,0.0,-0.002191544657154642,0.003125345219372787,0.0,3312.3028367799766
0.023670835204065984,0.292367587336756,0.0,-0.0022089814398527615,0.002871169150561785,0.0,3315.0
0.023670835204065984,0.292367587336756,0.0,-0.0022089814398527615,0.002871169150561785,0.0,3315.0
0.023239523809328724,0.2929262726752615,0.0,-0.002209925935279808,0.002852728595944122,0.0,3315.1952114718006
0.018917845010540137,0.29831494900979555,0.0,-0.0022170715956470054,0.002668054596331923,0.0,3317.1473261898063
0.012586757742795922,0.3055402898446743,0.0,-0.0022202175590463158,0.002397494521999682,0.0,3320.0
0.012586757742795922,0.3055402898446743,0.0,-0.0022202175590463158,0.002397494521999682,0.0,3320.0
0.012200485563043846,0.30595597438615857,0.0,-0.002220138148178331,0.0023809734446882166,0.0,3320.1739823380326
0.008339545438269225,0.30995467319666625,0.0,-0.0022176706131468962,0.0022156742339336944,0.0,3321.9138057183586
0.0015110083599962337,0.3163398927444532,0.0,-0.002206025028744527,0.0019222213998306198,0.0,3325.0
0.0015110083599962337,0.3163398927444532,0.0,-0.002206025028744527,0.0019222213998306198,0.0,3325.0
0.0012360662510362823,0.3165787606005634,0.0,-0.002205364808638425,0.0019103665352681618,0.0,3325.124650946148
-0.0015084829598845664,0.31888616597983904,0.0,-0.0021979720877818203,0.001791822159850752,0.0,3326.371160407628
-0.009434609401801984,0.3247624596197602,0.0,-0.0021684969758814674,0.0014469110701992923,0.0,3330.0
-0.009434609401801984,0.3247624596197602,0.0,-0.0021684969758814674,0.0014469110701992923,0.0,3330.0
-0.009793905451369586,0.325000981708604,0.0,-0.002166874285401158,0.0014311690775893557,0.0,3330.165750844665
-0.013371326901794342,0.32724274090607075,0.0,-0.0021493643406168906,0.0012738320168058984,0.0,3331.8232592913164
-0.02013808593266994,0.3308110339073473,0.0,-0.002109459589377205,0.0009728094787283764,0.0,3335.0
-0.02013808593266994,0.3308110339073473,0.0,-0.002109459589377205,0.0009728094787283764,0.0,3335.0
-0.02053570067760397,0.33099283112164757,0.0,-0.0021068312115144192,0.0009549635673667895,0.0,3335.1886085760025
-0.024483567354502085,0.3326257997482013,0.0,-0.0020790132497790223,0.0007766893043059701,0.0,3337.0746943360273
-0.030495909208315145,0.3344942785454381,0.0,-0.0020304882448823076,0.0005009304490137081,0.0,3340.0
-0.030495909208315145,0.3344942785454381,0.0,-0.0020304882448823076,0.0005009304490137081,0.0,3340.0
-0.03089472104122478,0.33459093397004547,0.0,-0.0020269920950205878,0.0004824362085300632,0.0,3340.196580800631
-0.03484397065411901,0.33535771369921785,0.0,-0.0019904814138813585,0.00029776361680521616,0.0,3342.162388806943
-0.04041185868445502,0.33582548420506614,0.0,-0.0019329268728257238,3.212072399563109e-05,0.0,3345.0
-0.04041185868445502,0.33582548420506614,0.0,-0.0019329268728257238,3.212072399563109e-05,0.0,3345.0
-0.04078209300742408,0.33582992639302295,0.0,-0.0019288267319715164,1.4214787968366459e-05,0.0,3345.191743936283
-0.04444026848633307,0.3356857222721215,0.0,-0.0018864455576699342,-0.00016453217165446744,0.0,3347.109183299111
-0.04979589719216156,0.3348218670428764,0.0,-0.001817907428378486,-0.0004328885884613657,0.0,3350.0
-0.04979589719216156,0.3348218670428764,0.0,-0.001817907428378486,-0.0004328885884613657,0.0,3350.0
-0.0501667330258569,0.33473150776958444,0.0,-0.0018128450458035589,-0.0004517942774764529,0.0,3350.204274665321
-0.053817157972717244,0.33361580061813045,0.0,-0.0017607459021985428,-0.0006404394689656399,0.0,3352.247021318531
-0.05856315651769774,0.33150409774154377,0.0,-0.0016863676794355565,-0.0008934403842759919,0.0,3355.0
-0.05856315651769774,0.33150409774154377,0.0,-0.0016863676794355565,-0.0008934403842759919,0.0,3355.0
-0.05892572560952272,0.3313095394722809,0.0,-0.0016803344505821776,-0.0009131672964957174,0.0,3355.2153850061804
-0.06247876908639339,0.32913065651359974,0.0,-0.0016184440545710446,-0.001109919377109052,0.0,3357.369235067985
-0.06663300530914,0.32589602087205716,0.0,-0.0015390662077709558,-0.0013489165850184438,0.0,3360.0
-0.06663300530914,0.32589602087205716,0.0,-0.0015390662077709558,-0.0013489165850184438,0.0,3360.0
-0.06697746731334546,0.325591153962409,0.0,-0.001532088723478885,-0.001369218844371173,0.0,3360.224320464233
-0.0703347274555635,0.32229249145878874,0.0,-0.0014606933038372966,-0.0015716171475248287,0.0,3362.467525106565
-0.0739281828939646,0.31802453852230106,0.0,-0.0013765936571454552,-0.0017987069655463306,0.0,3365.0
-0.0739281828939646,0.31802453852230106,0.0,-0.0013765936571454552,-0.0017987069655463306,0.0,3365.0
-0.07424575839847185,0.3176060011419982,0.0,-0.0013687053099708387,-0.0018193670159629566,0.0,3365.2313590760605
-0.07731978215392073,0.313158325834637,0.0,-0.0012881515660183504,-0.002025233053130601,0.0,3367.544949836665
-0.08037397911996767,0.30791964565697527,0.0,-0.001199379780699541,-0.0022421791838540647,0.0,3370.0
-0.08037397911996767,0.30791964565697527,0.0,-0.001199379780699541,-0.0022421791838540647,0.0,3370.0
-0.08065637895480329,0.3073873261652164,0.0,-0.001190632527287117,-0.0022629657546090406,0.0,3370.236316123257
-0.08336527217202169,0.3017946578933255,0.0,-0.0011014518774268953,-0.002469984449894951,0.0,3372.599477355827
-0.08589743664617994,0.29561461845637654,0.0,-0.0010076952215987383,-0.002678647034646889,0.0,3375.0
-0.08589743664617994,0.29561461845637654,0.0,-0.0010076952215987383,-0.002678647034646889,0.0,3375.0
-0.08613689880740684,0.2949725957886317,0.0,-0.0009981698883136296,-0.0026992947146815827,0.0,3375.238761353859
-0.08840498806268475,0.28828202480568144,0.0,-0.0009011852426184546,-0.0029048118718508,0.0,3377.626374892449
-0.09042654720288153,0.2811463728542011,0.0,-0.0008016471063035,-0.003107333429001658,0.0,3380.0
-0.09042654720288153,0.2811463728542011,0.0,-0.0008016471063035,-0.003107333429001658,0.0,3380.0
-0.09061634193789199,0.28040358140504085,0.0,-0.0007914567318198737,-0.003127545560523585,0.0,3380.238269602866
-0.09237929878177262,0.2727116779006006,0.0,-0.0006878163329053098,-0.003328597495419651,0.0,3382.6209656315236
-0.09388940665791355,0.2645560314167274,0.0,-0.0005811666549080595,-0.0035273230742337166,0.0,3385.0
-0.09388940665791355,0.2645560314167274,0.0,-0.0005811666549080595,-0.0035273230742337166,0.0,3385.0
-0.09402453085582556,0.26372599674984903,0.0,-0.0005704488304055435,-0.003546795653427467,0.0,3385.2346678900713
-0.09523602678684105,0.2551752823127587,0.0,-0.0004615468209713923,-0.003740346744112208,0.0,3387.5813467907838
-0.09621328339336997,0.24588976749318694,0.0,-0.0003459864220657112,-0.00393749730002125,0.0,3390.0
-0.09621328339336997,0.24588976749318694,0.0,-0.0003459864220657112,-0.00393749730002125,0.0,3390.0
-0.0962909269939069,0.2449896482260645,0.0,-0.0003348909948356883,-0.003955943651775407,0.0,3390.2280675415827
-0.09692683461140932,0.23575808281771735,0.0,-0.000222241394119544,-0.00413913038660719,0.0,3392.50874295741
-0.09732353955773536,0.22520004432161567,0.0,-9.560351413647955e-05,-0.004336438577883651,0.0,3395.0
-0.09732353955773536,0.22520004432161567,0.0,-9.560351413647955e-05,-0.004336438577883651,0.0,3395.0
-0.09734320178758138,0.22425026082132354,0.0,-8.429085917730152e-05,-0.004353589732265908,0.0,3395.2185914756733
-0.09740255628767598,0.2145472722974233,0.0,3.0488526638917124e-05,-0.004523723830261169,0.0,3397.404506232406
-0.09714232246412602,0.20254744978285324,0.0,0.00017077653554294428,-0.004722282976611094,0.0,3400.0
-0.09714232246412602,0.20254744978285324,0.0,0.00017077653554294428,-0.004722282976611094,0.0,3400.0
-0.0971038317312729,0.201517389429701,0.0,0.00018276355767784562,-0.00473874688931354,0.0,3400.2177479280917
-0.09657401566523947,0.19102085924019982,0.0,0.0003044122719975685,-0.0049017362813467726,0.0,3402.395227209009
-0.09558691342581062,0.17800347583339707,0.0,0.0004543218379776361,-0.005092480857404294,0.0,3405.0
-0.09558691342581062,0.17800347583339707,0.0,0.0004543218379776361,-0.005092480857404294,0.0,3405.0
-0.0954853754601282,0.17687953492186265,0.0,0.00046724095177745395,-0.005108380754048915,0.0,3405.220361823526
-0.09431186599077253,0.16544903177517767,0.0,0.000598452851241785,-0.0052652708421155586,0.0,3407.4239800587884
-0.09256758434688589,0.15165487502104957,0.0,0.0007566896670732101,-0.005443387412917166,0.0,3410.0
-0.09256758434688589,0.15165487502104957,0.0,0.0007566896670732101,-0.005443387412917166,0.0,3410.0
-0.09240009436568189,0.15045920012359087,0.0,0.000770419933623805,-0.005458263096621771,0.0,3410.219356515366
-0.09055780984134185,0.13832504387148697,0.0,0.0009099938919286475,-0.005604303539946722,0.0,3412.4129216690276
-0.0879847955381555,0.12361079641643609,0.0,0.0010801713664612676,-0.005769522331822637,0.0,3415.0
-0.0879847955381555,0.12361079641643609,0.0,0.0010801713664612676,-0.005769522331822637,0.0,3415.0
-0.08775167902832638,0.12237245329646178,0.0,0.001094555160251803,-0.005782838616759752,0.0,3415.2143876964005
-0.08524904139135005,0.1098346329280356,0.0,0.001240897587684722,-0.005912452786994533,0.0,3417.358264660406
-0.08172569012525745,0.09401512531837869,0.0,0.0014278074237029617,-0.006062143173057451,0.0,3420.0
-0.08172569012525745,0.09401512531837869,0.0,0.0014278074237029617,-0.006062143173057451,0.0,3420.0
-0.0814313106422269,0.0927705681690421,0.0,0.0014426316509330494,-0.006073253213200241,0.0,3420.2051116791426
-0.07831839277563798,0.08020300782809925,0.0,0.0015935170218992585,-0.0061796213923186755,0.0,3422.256228470569
-0.07366063583072983,0.0630692157446952,0.0,0.0018031489237609298,-0.006306317623669911,0.0,3425.0
-0.07366063583072983,0.0630692157446952,0.0,0.0018031489237609298,-0.006306317623669911,0.0,3425.0
-0.07331559155486908,0.061866651914302205,0.0,0.001818040096491676,-0.006314369189771004,0.0,3425.1905699930953
-0.06970743847428652,0.04976082540332097,0.0,0.0019693926418015185,-0.006388474697684368,0.0,3427.0962699240486
-0.06364446823419624,0.031076480449805863,0.0,0.002208130892082197,-0.0064747108692605,0.0,3430.0
-0.06364446823419624,0.031076480449805863,0.0,0.002208130892082197,-0.0064747108692605,0.0,3430.0
-0.06327552315241403,0.029997741741811922,0.0,0.002222084786700194,-0.006478523199487646,0.0,3430.166558677724
-0.05945751201602181,0.019180127874229874,0.0,0.0023628287629579112,-0.006508458770863382,0.0,3431.8321454549637
-0.05154492237543044,-0.0014690139288843981,0.0,0.002632322873775492,-0.006516283100984476,0.0,3435.0
-0.05154492237543044,-0.0014690139288843981,0.0,0.002632322873775492,-0.006516283100984476,0.0,3435.0
-0.05128115031112911,-0.002120887888708735,0.0,0.002640741789504413,-0.00651531419240003,0.0,3435.100045029978
-0.04859739799902996,-0.008632673405273062,0.0,0.0027240500208530662,-0.006500961907946569,0.0,3436.100495329758
-0.03738230975742964,-0.03375017927861327,0.0,0.003016574448790603,-0.006357814989436951,0.0,3440.0
-0.03738230975742964,-0.03375017927861327,0.0,0.003016574448790603,-0.006357814989436951,0.0,3440.0
-0.036875749800025226,-0.03481513942142667,0.0,0.003027316681183151,-0.006348513095114164,0.0,3440.1676261917823
-0.03171780963026904,-0.04537134176541903,0.0,0.003123124060858536,-0.006242680476364764,0.0,3441.843888109606
-0.021654950626219804,-0.06469520195440892,0.0,0.0032391682599867675,-0.005994096648035066,0.0,3445.0
-0.021654950626219804,-0.06469520195440892,0.0,0.0032391682599867675,-0.005994096648035066,0.0,3445.0
-0.021093847654499835,-0.06573160961414554,0.0,0.003243029494245705,-0.005979166619733148,0.0,3445.173120100574
-0.01545415471711523,-0.07595076631152985,0.0,0.003268411597354758,-0.005825539957300677,0.0,3446.9043211063154
-0.0053312520744273825,-0.09354551751946119,0.0,0.0032615927988087217,-0.005540636155462467,0.0,3450.0
-0.0053312520744273825,-0.09354551751946119,0.0,0.0032615927988087217,-0.005540636155462467,0.0,3450.0
-0.00487955008397793,-0.0943121468488846,0.0,0.0032599621006886184,-0.0055277852530242685,0.0,3450.1385255022597
-0.00037751799123338526,-0.10188055106754451,0.0,0.0032384401293433914,-0.005399349358553577,0.0,3451.523780524856
0.010738648816086563,-0.12009316482098295,0.0,0.0031498231325067217,-0.005080010297130789,0.0,3455.0
0.010738648816086563,-0.12009316482098295,0.0,0.0031498231325067217,-0.005080010297130789,0.0,3455.0
0.011234677313351137,-0.12089265629963113,0.0,0.0031448532533271977,-0.005065678864329685,0.0,3455.1576022396525
0.016149788858006563,-0.12876378717125853,0.0,0.003091416084879992,-0.004923170174506546,0.0,3456.733624636178
0.02604298497585953,-0.14436831422752236,0.0,0.0029625719027861685,-0.0046325187254306,0.0,3460.0
0.02604298497585953,-0.14436831422752236,0.0,0.0029625719027861685,-0.0046325187254306,0.0,3460.0
0.026596286254039685,-0.14523312542343772,0.0,0.0029546020835890456,-0.004616056621055915,0.0,3460.187015073076
0.03204531081188036,-0.1537125925534352,0.0,0.0028718803763153325,-0.004452469217668311,0.0,3462.0571658038366
0.040293879677285455,-0.16644087096252028,0.0,0.002732269609186519,-0.004198556575805937,0.0,3465.0
0.040293879677285455,-0.16644087096252028,0.0,0.002732269609186519,-0.004198556575805937,0.0,3465.0
0.04085182457584622,-0.1672980247402891,0.0,0.002722229224139094,-0.0041810378811356266,0.0,3465.204581279417
0.04631671087894749,-0.17567311194311871,0.0,0.0026196441145620686,-0.004006774847856006,0.0,3467.250394073589
0.05332405802986703,-0.18637085005014553,0.0,0.0024764252740265276,-0.0037749307272497688,0.0,3470.0
0.05332405802986703,-0.18637085005014553,0.0,0.0024764252740265276,-0.0037749307272497688,0.0,3470.0
0.0538601740009987,-0.18718800099103353,0.0,0.00246493098385198,-0.0037567217300066144,0.0,3470.216991210429
0.05908298691926041,-0.1951427495681188,0.0,0.002348477421253456,-0.003575351586082603,0.0,3472.3869033147203
0.06503314946278006,-0.20420178214343174,0.0,0.002205125879384911,-0.003358460546770555,0.0,3475.0
0.06503314946278006,-0.20420178214343174,0.0,0.002205125879384911,-0.003358460546770555,0.0,3475.0
0.06552942085486202,-0.20495765269866634,0.0,0.002192639472614678,-0.003339778893970111,0.0,3475.22569236198
0.07033634070932329,-0.21228486623582157,0.0,0.0020667836510724217,-0.0031534654763449863,0.0,3477.4826159817776
0.0753606293348344,-0.21996275037634255,0.0,0.0019246155457118875,-0.0029465676267040677,0.0,3480.0
0.0753606293348344,-0.21996275037634255,0.0,0.0019246155457118875,-0.0029465676267040677,0.0,3480.0
0.07580361570057613,-0.2206410832593761,0.0,0.0019115227452143478,-0.0029276098352367342,0.0,3480.230954207372
0.08006668218228952,-0.22718385153626203,0.0,0.0017800083757267416,-0.0027383338475178262,0.0,3482.540496281094
0.08427139874328662,-0.23367142355511128,0.0,0.0016390153519357487,-0.0025372471207665893,0.0,3485.0
0.08427139874328662,-0.23367142355511128,0.0,0.0016390153519357487,-0.0025372471207665893,0.0,3485.0
0.08465151068655845,-0.23426004063783104,0.0,0.0016256531816252239,-0.0025182120433179167,0.0,3485.232863966574
0.08828126530128383,-0.2399025286064055,0.0,0.0014917623253015615,-0.0023279888689146096,0.0,3487.5615036323125
0.09174759320346629,-0.24533661616745686,0.0,0.0013512013705039754,-0.002128942018189587,0.0,3490.0
0.09174759320346629,-0.24533661616745686,0.0,0.0013512013705039754,-0.002128942018189587,0.0,3490.0
0.09205915157425293,-0.24582774837616572,0.0,0.001337856270592016,-0.0021100161844743344,0.0,3490.2317230730464
0.09500462844047866,-0.25049785686954784,0.0,0.0012043810246849108,-0.001920742579340092,0.0,3492.5489538035104
0.09778366647557138,-0.25496023052623795,0.0,0.0010632832800480268,-0.001720428205352669,0.0,3495.0
0.09778366647557138,-0.25496023052623795,0.0,0.0010632832800480268,-0.001720428205352669,0.0,3495.0
0.0980246456518252,-0.25535043201260565,0.0,0.0010501854327827607,-0.001701769542316854,0.0,3495.2280414383263
0.10027028347790538,-0.2590183270127668,0.0,0.0009193675636855427,-0.001515056441030127,0.0,3497.508455821589
0.10238331141151615,-0.2625386895380697,0.0,0.0007768821057746483,-0.001310725867710678,0.0,3500.0
0.10238331141151615,-0.2625386895380697,0.0,0.0007768821057746483,-0.001310725867710678,0.0,3500.0
0.10255461292178074,-0.2628280495387146,0.0,0.0007642112700199617,-0.001292464473174497,0.0,3500.2223117765357
0.10411292635518238,-0.26549820490268333,0.0,0.0006377991771858726,-0.0011096418708128103,0.0,3502.4454295418923
0.10555747577077144,-0.26806398598786396,0.0,0.0004933010658050305,-0.0008990337625441248,0.0,3505.0
0.10555747577077144,-0.26806398598786396,0.0,0.0004933010658050305,-0.0008990337625441248,0.0,3505.0
0.10566213780062723,-0.26825519340502596,0.0,0.00048120352844583763,-0.000881289132848656,0.0,3505.2148007359187
0.10656612870172877,-0.26995743416637574,0.0,0.0003606198527397998,-0.0007035774508615705,0.0,3507.362808095106
0.10732306931267403,-0.2715244478416637,0.0,0.00021363678379411738,-0.0004846804272403165,0.0,3510.0
0.10732306931267403,-0.2715244478416637,0.0,0.00021363678379411738,-0.0004846804272403165,0.0,3510.0
0.10736578263386767,-0.2716222507706161,0.0,0.00020224872249616964,-0.000467590468194523,0.0,3510.2054096973297
0.10766458193169662,-0.2724069918310926,0.0,8.88208135984666e-05,-0.0002963914708580837,0.0,3512.259506670627
0.10770213519616385,-0.27290528998905506,0.0,-6.114310055530355e-05,-6.708682508683395e-05,0.0,3515.0
0.10770213519616385,-0.27290528998905506,0.0,-6.114310055530355e-05,-6.708682508683395e-05,0.0,3515.0
0.10768917868157453,-0.27291677664494657,0.0,-7.174645620002124e-05,-5.0727347697235374e-05,0.0,3515.1949946094323
0.10744622689860907,-0.2728559779391548,0.0,-0.0001772919829540343,0.00011318358869531333,0.0,3517.1449407037558
0.10672135694847609,-0.2721889997972632,0.0,-0.00033014143892831974,0.00035426331407715573,0.0,3520.0
0.10672135694847609,-0.2721889997972632,0.0,-0.00033014143892831974,0.00035426331407715573,0.0,3520.0
0.10665278997405467,-0.27211484554858384,0.0,-0.0003409988405142257,0.00037156893646466733,0.0,3520.204329220791
0.10584554749015665,-0.2711785388555613,0.0,-0.0004489489705080961,0.0005450208563127776,0.0,3522.2476214287
0.10441183011440992,-0.2693555874197921,0.0,-0.0005924829192430673,0.0007798483473328939,0.0,3525.0
0.10441183011440992,-0.2693555874197921,0.0,-0.0005924829192430673,0.0007798483473328939,0.0,3525.0
0.10428359935505076,-0.2691864031905738,0.0,-0.0006035727086808938,0.0007981999527305365,0.0,3525.2144223154796
0.10287109524798389,-0.26727777153153903,0.0,-0.0007136833519157594,0.0009822039315695117,0.0,3527.358645470276
0.10080906805839143,-0.2643827182938477,0.0,-0.0008472680209150099,0.001210131336876699,0.0,3530.0
0.10080906805839143,-0.2643827182938477,0.0,-0.0008472680209150099,0.001210131336876699,0.0,3530.0
0.10061936440079276,-0.2641113991741653,0.0,-0.0008584156670425276,0.0012293877997254985,0.0,3530.222436716139
0.09858669394250817,-0.26116217261177094,0.0,-0.0009689282654577785,0.0014225345325880284,0.0,3532.4468038775276
0.09595324388211772,-0.257245734124825,0.0,-0.0010935235422069303,0.0016455823701281202,0.0,3535.0
0.09595324388211772,-0.257245734124825,0.0,-0.0010935235422069303,0.0016455823701281202,0.0,3535.0
0.09570203159514391,-0.2568673088908105,0.0,-0.0011045650507831909,0.0016656171284739145,0.0,3535.2285730385925
0.09305202133022084,-0.25283064850305026,0.0,-0.0012138226487357045,0.0018666432887153427,0.0,3537.514303424517
0.08988970304165676,-0.24791755855083353,0.0,-0.0013301423944945467,0.002086702741006012,0.0,3540.0
0.08988970304165676,-0.24791755855083353,0.0,-0.0013301423944945467,0.002086702741006012,0.0,3540.0
0.08957900036670478,-0.24742969458537953,0.0,-0.001340903537709686,0.0021073704562447077,0.0,3540.23264459717
0.0863353899569896,-0.24228597253445852,0.0,-0.0014471438724427683,0.002314824026536959,0.0,3542.559090568868
0.08266982551101316,-0.23636847148384388,0.0,-0.0015558018102748666,0.0025340537733176817,0.0,3545.0
0.08266982551101316,-0.23636847148384388,0.0,-0.0015558018102748666,0.0025340537733176817,0.0,3545.0
0.08230414401506997,-0.23577234807764166,0.0,-0.0015660886733971844,0.002555172214195994,0.0,3545.2342689094207
0.07851609476477496,-0.22953829421755226,0.0,-0.0016673496529013697,0.002767230172100562,0.0,3547.576958003628
0.07435238453960882,-0.22256572122687565,0.0,-0.0017688426676175334,0.002988293546504157,0.0,3550.0
0.07435238453960882,-0.22256572122687565,0.0,-0.0017688426676175334,0.002988293546504157,0.0,3550.0
0.07393896992887651,-0.22186669935802983,0.0,-0.0017784427376273907,0.0030096442498694876,0.0,3550.2330875137236
0.06968326987373132,-0.21460198294182173,0.0,-0.00187257014030255,0.0032241190083370417,0.0,3552.5639626509596
0.06500566980781516,-0.20647292302146011,0.0,-0.0019670770302091297,0.0034502265121846426,0.0,3555.0
0.06500566980781516,-0.20647292302146011,0.0,-0.0019670770302091297,0.0034502265121846426,0.0,3555.0
0.0645542784928733,-0.20568049130457042,0.0,-0.0019757663599365605,0.0034715740295320585,0.0,3555.228967035851
0.05993267450718741,-0.19748649741731644,0.0,-0.0020604756004972418,0.003686107261851041,0.0,3557.51863739436
0.0547108785665583,-0.18804916437878952,0.0,-0.0021474579367172825,0.003920872235045484,0.0,3560.0
0.0547108785665583,-0.18804916437878952,0.0,-0.0021474579367172825,0.003920872235045484,0.0,3560.0
0.05423328190853291,-0.1871763458169917,0.0,-0.0021550016229397416,0.0039419858330752315,0.0,3560.222010604975
0.04936718400005183,-0.17818946633001942,0.0,-0.0022278627372333045,0.004154266731643868,0.0,3562.442116654724
0.04356778051501243,-0.1672477066422495,0.0,-0.002305464424674184,0.004401558183527691,0.0,3565.0
0.04356778051501243,-0.1672477066422495,0.0,-0.002305464424674184,0.004401558183527691,0.0,3565.0
0.04307764949365906,-0.16631100827573814,0.0,-0.0023115958170769526,0.004422211010069889,0.0,3565.212312613934
0.03810703156487521,-0.15670195324535005,0.0,-0.0023697907910220097,0.004629963519182273,0.0,3567.3354387532745
0.0317048418260405,-0.1440141881704513,0.0,-0.0024338406685461603,0.004894017864547347,0.0,3570.0
0.0317048418260405,-0.1440141881704513,0.0,-0.0024338406685461603,0.004894017864547347,0.0,3570.0
0.03121882429167621,-0.14303578536093464,0.0,-0.0024382073586288575,0.004913937630770405,0.0,3570.1995121582795
0.026313447701010333,-0.1330322949242605,0.0,-0.002477927411883568,0.005114400695334152,0.0,3572.1946337410745
0.019299124598002516,-0.11828460131798278,0.0,-0.002519673391746118,0.005400320508191277,0.0,3575.0
0.019299124598002516,-0.11828460131798278,0.0,-0.002519673391746118,0.005400320508191277,0.0,3575.0
0.018840800850128347,-0.11730099842553589,0.0,-0.0025217330310530295,0.005419014501823789,0.0,3575.1818232273445
0.01424026732478378,-0.10727730794242551,0.0,-0.0025370455735174383,0.00560707613450953,0.0,3577.000055500789
0.006620887447972893,-0.08998602980752289,0.0,-0.002536492490368878,0.005921386230907097,0.0,3580.0
0.006620887447972893,-0.08998602980752289,0.0,-0.002536492490368878,0.005921386230907097,0.0,3580.0
0.006238512475451348,-0.08909200039504483,0.0,-0.0025354224084816667,0.005937284177864597,0.0,3580.1507807303587
0.002427208873552335,-0.08001974300078937,0.0,-0.0025178114539409365,0.00609644925350509,0.0,3581.658588033946
-0.005848862901509072,-0.05906424099636664,0.0,-0.0024198816887892926,0.006443812135885868,0.0,3585.0
-0.005848862901509072,-0.05906424099636664,0.0,-0.0024198816887892926,0.006443812135885868,0.0,3585.0
-0.006207056378324098,-0.058107983213290505,0.0,-0.0024130715729353074,0.006458666247735039,0.0,3585.1482283833084
-0.009726039272996487,-0.04842722695646926,0.0,-0.0023304108732599264,0.00660118088290553,0.0,3586.630512216392
-0.017121636369175176,-0.025736279796294424,0.0,-0.0020352624565422505,0.006840449478486827,0.0,3590.0
-0.017121636369175176,-0.025736279796294424,0.0,-0.0020352624565422505,0.006840449478486827,0.0,3590.0
-0.017438866925265122,-0.02466512837478961,0.0,-0.0020183908067022208,0.006847026312132326,0.0,3590.156514654667
-0.020461468243171452,-0.013911293168557977,0.0,-0.0018422889197106508,0.006886771806307167,0.0,3591.721661201335
-0.02588883329803799,0.008628278932426734,0.0,-0.0014732127158277267,0.006838876900381927,0.0,3595.0
-0.02588883329803799,0.008628278932426734,0.0,-0.0014732127158277267,0.006838876900381927,0.0,3595.0
-0.026079383721106186,0.009516742978959165,0.0,-0.0014592960912400692,0.006834213875887988,0.0,3595.1299577827367
-0.027887169938815355,0.018364256238848332,0.0,-0.0013239947233778318,0.006779431362040124,0.0,3596.429535610104
-0.03199864913847884,0.042222300816835645,0.0,-0.0009871812262566108,0.0065737663345777405,0.0,3600.0
-0.03199864913847884,0.042222300816835645,0.0,-0.0009871812262566108,0.0065737663345777405,0.0,3600.0
-0.03217002039804273,0.043371397464480155,0.0,-0.0009718784362122962,0.006562193712371338,0.0,3600.1749540993555
-0.033739836584812145,0.05474752764719741,0.0,-0.0008242695838000955,0.0064409167244044085,0.0,3601.924495092911
-0.03590219270912116,0.0742044365380192,0.0,-0.0005861179069555657,0.006208384951924883,0.0,3605.0
-0.03590219270912116,0.0742044365380192,0.0,-0.0005861179069555657,0.006208384951924883,0.0,3605.0
-0.03601444548714907,0.07540657115803003,0.0,-0.0005719197147818778,0.006193069452436931,0.0,3605.193869763421
-0.03698886257264157,0.0872621976466942,0.0,-0.0004347304345080235,0.006036421988940143,0.0,3607.1325673976303
-0.03796158179701089,0.10422744501713639,0.0,-0.00024649026589278623,0.005794883552652748,0.0,3610.0
-0.03796158179701089,0.10422744501713639,0.0,-0.00024649026589278623,0.005794883552652748,0.0,3610.0
-0.038010423448289275,0.10540440154235582,0.0,-0.00023375139535928934,0.005777368834209269,0.0,3610.20340996819
-0.03835930717075711,0.1169762940910853,0.0,-0.00011052534272392066,0.005599831524473324,0.0,3612.2375096500905
-0.03844633101117237,0.13210576579832745,0.0,4.54145302103685e-05,0.005352590592544585,0.0,3615.0
-0.03844633101117237,0.13210576579832745,0.0,4.54145302103685e-05,0.005352590592544585,0.0,3615.0
-0.03843568665186065,0.13321982743825111,0.0,5.6676540171470403e-05,0.005333674817387363,0.0,3615.2085033489143
-0.03820281085434177,0.1441422368897189,0.0,0.0001655920477859411,0.005142774303098403,0.0,3617.293536838057
-0.03757396739827869,0.15772088448953964,0.0,0.00029734302565589,0.004890716442849072,0.0,3620.0
-0.03757396739827869,0.15772088448953964,0.0,0.00029734302565589,0.004890716442849072,0.0,3620.0
-0.037507227125923824,0.15879768063583474,0.0,0.000307617583365463,0.004869974194353839,0.0,3620.2206392323246
-0.03671799544687131,0.16931280964167833,0.0,0.0004066809013208955,0.00466111432902037,0.0,3622.427031555571
-0.03553169341359013,0.18098914851539497,0.0,0.0005140051819633975,0.004414540148419834,0.0,3625.0
-0.03553169341359013,0.18098914851539497,0.0,0.0005140051819633975,0.004414540148419834,0.0,3625.0
-0.03541318789697556,0.18199546425880542,0.0,0.0005231160899557428,0.004392494557851375,0.0,3625.228525344455
-0.034116523185120824,0.19178058467137393,0.0,0.0006106044393884661,0.004170865211915677,0.0,3627.513778789007
-0.0324876325577847,0.20184822621360055,0.0,0.0006984806479043165,0.003927521140352083,0.0,3630.0
-0.0324876325577847,0.20184822621360055,0.0,0.0006984806479043165,0.003927521140352083,0.0,3630.0
-0.032325245838393156,0.20275362249532913,0.0,0.0007062666407982614,0.003904782588754956,0.0,3630.2311953099284
-0.030605188850309415,0.21151769154270914,0.0,0.0007806557576030777,0.003676472215664026,0.0,3632.543148409212
-0.02859705517504006,0.22025045595558532,0.0,0.0008529125341665812,0.0034321618505539953,0.0,3635.0
-0.02859705517504006,0.22025045595558532,0.0,0.0008529125341665812,0.0034321618505539953,0.0,3635.0
-0.028401456655745335,0.22103201965196928,0.0,0.0008592757781040158,0.0034093596906827066,0.0,3635.228476499467
-0.026368090610238936,0.22856056081880632,0.0,0.0009196862915517752,0.003180646490575355,0.0,3637.5132414941368
-0.02400605759842178,0.2361591845567061,0.0,0.000978872183841772,0.0029304100366974077,0.0,3640.0
-0.02400605759842178,0.2361591845567061,0.0,0.000978872183841772,0.0029304100366974077,0.0,3640.0
-0.023788775480580376,0.23680554096372708,0.0,0.0009838093067238234,0.0029080692509337513,0.0,3640.2214125304
-0.02155808655794624,0.24299666543689463,0.0,0.0010302746132493967,0.0026841763320396323,0.0,3642.435537834399
-0.018853866085430222,0.24954656652144339,0.0,0.001077562344972503,0.002423866477021385,0.0,3645.0
-0.018853866085430222,0.24954656652144339,0.0,0.001077562344972503,0.002423866477021385,0.0,3645.0
-0.01862604820172307,0.2500559025512463,0.0,0.0010811419078088874,0.002402398996493467,0.0,3645.2110683413703
-0.01630820463298566,0.25489981817670804,0.0,0.0011143824642249444,0.002187412097595571,0.0,3647.321751755073
-0.013274357644331384,0.2603921467507173,0.0,0.0011499357658513567,0.0019139014252616906,0.0,3650.0
-0.013274357644331384,0.2603921467507173,0.0,0.0011499357658513567,0.0019139014252616906,0.0,3650.0
-0.013047170324278089,0.26076789215920637,0.0,0.0011522630691276298,0.0018937186324837528,0.0,3650.197364940354
-0.01075153682459632,0.26430613878692877,0.0,0.0011733624759037485,0.0016917177075426622,0.0,3652.1710143438936
-0.007397116124454243,0.26868189734994813,0.0,0.0011967668271924354,0.0014017247665408876,0.0,3655.0
-0.007397116124454243,0.26868189734994813,0.0,0.0011967668271924354,0.0014017247665408876,0.0,3655.0
-0.007184226039472368,0.2689294996546378,0.0,0.001197969931984676,0.00138348520924502,0.0,3655.1777979300837
-0.005044633514985651,0.2712271171489242,0.0,0.0012082772438162437,0.0012010227809558492,0.0,3656.9557772309204
-0.0013482043039042342,0.2744075366695312,0.0,0.0012186958299082737,0.000888431237972533,0.0,3660.0
-0.0013482043039042342,0.2744075366695312,0.0,0.0012186958299082737,0.000888431237972533,0.0,3660.0
-0.0011795708493056777,0.27452947455165483,0.0,0.0012189541019350337,0.0008742216578636234,0.0,3660.1383572246527
0.0005082330874823723,0.2756407231206256,0.0,0.0012205130547513438,0.0007321261103690747,0.0,3661.52192947118
0.004749240331398348,0.27756603605614055,0.0,0.001216256524958961,0.0003750316237036109,0.0,3665.0
0.004749240331398348,0.27756603605614055,0.0,0.001216256524958961,0.0003750316237036109,0.0,3665.0
0.004948430622764208,0.27762609154999496,0.0,0.0012157702661352205,0.00035822127154399994,0.0,3665.1638057125438
0.006935143700734855,0.27807522862000916,0.0,0.0012094972253721664,0.0001901749206161476,0.0,3666.8018628379814
0.010774518656975221,0.27815926053110085,0.0,0.0011898928530478916,-0.00013752410449051474,0.0,3670.0
0.010774518656975221,0.27815926053110085,0.0,0.0011898928530478916,-0.00013752410449051474,0.0,3670.0
0.010990026639044855,0.2781326573471933,0.0,0.0011884938352413274,-0.00015607389437444802,0.0,3670.1812215945633
0.013130082331720461,0.2776818213611366,0.0,0.0011728017939771622,-0.00034143557777818983,0.0,3671.9934375401967
0.016608946801583514,0.27619371264055964,0.0,0.0011399681343423913,-0.0006483281777990375,0.0,3675.0
0.016608946801583514,0.27619371264055964,0.0,0.0011399681343423913,-0.0006483281777990375,0.0,3675.0
0.01683299457504413,0.2760641822100058,0.0,0.001137527209670291,-0.0006683801911994123,0.0,3675.196748750399
0.019045692456921795,0.27455205252125137,0.0,0.0011111346648239777,-0.0008686638001599723,0.0,3677.164236254388
0.022135463820877783,0.27168036298347703,0.0,0.0010667683778778653,-0.0011564986241837266,0.0,3680.0
0.022135463820877783,0.27168036298347703,0.0,0.0010667683778778653,-0.0011564986241837266,0.0,3680.0
0.02235796306439621,0.2714365351044126,0.0,0.0010632078301941095,-0.0011776620886770441,0.0,3680.208921151315
0.024540420325794378,0.26875532874167346,0.0,0.001025384468550553,-0.00138894533787413,0.0,3682.298132664463
0.027238242431058983,0.2646345610732697,0.0,0.0009705002069704328,-0.001661163239119118,0.0,3685.0
0.027238242431058983,0.2646345610732697,0.0,0.0009705002069704328,-0.001661163239119118,0.0,3685.0
0.02745019957442561,0.264268467759802,0.0,0.0009657612276368914,-0.0016831673388164438,0.0,3685.218933595589
0.02951084959982723,0.26034294044086,0.0,0.0009159472639176935,-0.0019027285565884724,0.0,3687.40826955148
0.0318022749901285,0.2550760291203692,0.0,0.0008512828674264137,-0.0021614421095476066,0.0,3690.0
0.0318022749901285,0.2550760291203692,0.0,0.0008512828674264137,-0.0021614421095476066,0.0,3690.0
0.03199475300956443,0.25458304487969957,0.0,0.0008453303196496192,-0.002184026020841803,0.0,3690.2268957077567
0.03384318292919321,0.2493718605159405,0.0,0.0007832018938976198,-0.002409245551538289,0.0,3692.495852785324
0.03571290146153781,0.24302895143224695,0.0,0.0007091326099366861,-0.0026564263750565673,0.0,3695.0
0.03571290146153781,0.24302895143224695,0.0,0.0007091326099366861,-0.0026564263750565673,0.0,3695.0
0.03587670248003182,0.24240958892909192,0.0,0.0007019746835485284,-0.002679265176935183,0.0,3695.232158187922
0.037421089810122696,0.23592495954310128,0.0,0.0006276555542928726,-0.002906888314022917,0.0,3697.5537400671406
0.0388552332209682,0.22852218643960406,0.0,0.0005439358525996758,-0.0031451496540999793,0.0,3700.0
0.0388552332209682,0.22852218643960406,0.0,0.0005439358525996758,-0.0031451496540999793,0.0,3700.0
0.03898132993728977,0.22778483207281572,0.0,0.000535650732001904,-0.0031678125751209646,0.0,3700.233600021001
0.040133553680836945,0.22012084994966397,0.0,0.00044998895405552833,-0.0033935373334001368,0.0,3702.569600231013
0.041113401646469504,0.21158965197866172,0.0,0.00035540441808818937,-0.00362654593161917,0.0,3705.0
0.041113401646469504,0.21158965197866172,0.0,0.00035540441808818937,-0.00362654593161917,0.0,3705.0
0.041194214586470934,0.2107516335342807,0.0,0.00034614757531068054,-0.0036485308068991734,0.0,3705.2303805513657
0.04188279659229382,0.20209370257773077,0.0,0.0002507794605985015,-0.0038673531326062693,0.0,3707.5341860650224
0.04236951264317711,0.19227097797730966,0.0,0.0001429996749730962,-0.004099381953812197,0.0,3710.0
0.04236951264317711,0.19227097797730966,0.0,0.0001429996749730962,-0.004099381953812197,0.0,3710.0
0.04240023064721629,0.1913561029626116,0.0,0.00013297477414021285,-0.004120211581251318,0.0,3710.222608244679
0.04258255668692126,0.1819531989397036,0.0,3.000625275092739e-05,-0.0043273800698724165,0.0,3712.4486906914703
0.04250209319370205,0.17061260853852808,0.0,-9.420110361030953e-05,-0.004562139050552252,0.0,3715.0
0.04250209319370205,0.17061260853852808,0.0,-9.420110361030953e-05,-0.004562139050552252,0.0,3715.0
0.04248050756934564,0.1696220136872587,0.0,-0.00010506176218883966,-0.00458193480112433,0.0,3715.2166637011305
0.04213315442267743,0.15948113620546225,0.0,-0.0002164143403374349,-0.004778606837212769,0.0,3717.383300712436
0.04138361275254857,0.14666973120536095,0.0,-0.0003577557045842347,-0.005012785713001125,0.0,3720.0
0.04138361275254857,0.14666973120536095,0.0,-0.0003577557045842347,-0.005012785713001125,0.0,3720.0
0.041304903631336945,0.14558303411308463,0.0,-0.00036979223574209433,-0.005031972058588021,0.0,3720.2163708890157
0.04037228532390934,0.1344889457625371,0.0,-0.0004931936438545551,-0.005222224478658508,0.0,3722.380079779173
0.03887618501667309,0.12050990247048364,0.0,-0.0006503715772187835,-0.005448284933552942,0.0,3725.0
0.03887618501667309,0.12050990247048364,0.0,-0.0006503715772187835,-0.005448284933552942,0.0,3725.0
0.03873703633663271,0.11935393119536962,0.0,-0.0006634735361948374,-0.005466333075639766,0.0,3725.2118206310847
0.03719037853553488,0.107585488807972,0.0,-0.0007979360080887339,-0.005644716455104927,0.0,3727.330026941932
0.03482327870038938,0.09222068614931761,0.0,-0.0009771022172718777,-0.005863338145627119,0.0,3730.0
0.03482327870038938,0.09222068614931761,0.0,-0.0009771022172718777,-0.005863338145627119,0.0,3730.0
0.034624088089939484,0.09103228463317133,0.0,-0.0009911680537857837,-0.005879582013544341,0.0,3730.2024029195436
0.032472683893947224,0.078969535992232,0.0,-0.0011359978125274842,-0.006038998004292232,0.0,3732.2264321149796
0.029031196196314016,0.06192900970977783,0.0,-0.0013486731121512936,-0.0062462820413606065,0.0,3735.0
0.029031196196314016,0.06192900970977783,0.0,-0.0013486731121512936,-0.0062462820413606065,0.0,3735.0
0.028777098088581737,0.06075744295970682,0.0,-0.0013637344864897167,-0.006259689772754006,0.0,3735.187360948715
0.026077164977034786,0.04890713269174092,0.0,-0.0015201910232764838,-0.006388197643283712,0.0,3737.060970435867
0.0212179741326593,0.029869461167887548,0.0,-0.0017930624062126586,-0.006558320542054525,0.0,3740.0
0.0212179741326593,0.029869461167887548,0.0,-0.0017930624062126586,-0.006558320542054525,0.0,3740.0
0.020924427923716033,0.02880003456807923,0.0,-0.0018094505131168582,-0.006565960964322018,0.0,3740.1629686262636
0.01783706376726964,0.018047066553545765,0.0,-0.0019821706900498464,-0.00662407735801741,0.0,3741.7926548888995
0.010906091319253835,-0.0031620453378624833,0.0,-0.0023258372046164114,-0.006543918450230584,0.0,3745.0
0.010906091319253835,-0.0031620453378624833,0.0,-0.0023258372046164114,-0.006543918450230584,0.0,3745.0
0.010647898716842599,-0.0038865992496958054,0.0,-0.002334769076104856,-0.006535038678736428,0.0,3745.1107964495986
0.00801914400945878,-0.01107255756067248,0.0,-0.002404667322487991,-0.006433143466890458,0.0,3746.218760945585
-0.001249439502122399,-0.03465514561628446,0.0,-0.002465804631090392,-0.006038680384543761,0.0,3750.0
-0.001249439502122399,-0.03465514561628446,0.0,-0.002465804631090392,-0.006038680384543761,0.0,3750.0
-0.0015428055235721238,-0.03537293709441674,0.0,-0.002465226471245717,-0.006026330858133139,0.0,3750.118987315422
-0.004470678086276302,-0.042470433025688266,0.0,-0.00245476367422496,-0.0059037974722947455,0.0,3751.3088604696436
-0.01341689957849302,-0.0635751705884043,0.0,-0.002385225415226422,-0.005533930380216191,0.0,3755.0
-0.01341689957849302,-0.0635751705884043,0.0,-0.002385225415226422,-0.005533930380216191,0.0,3755.0
-0.01382171873109394,-0.06451378593213879,0.0,-0.002381064367287199,-0.005517237964439005,0.0,3755.1698672335788
-0.01782904385618651,-0.07374476901587622,0.0,-0.002336177881759635,-0.005351610060111832,0.0,3756.8685395693665
-0.02499925773176623,-0.09003173250104854,0.0,-0.0022409568140615175,-0.005051577515195547,0.0,3760.0
-0.02499925773176623,-0.09003173250104854,0.0,-0.0022409568140615175,-0.005051577515195547,0.0,3760.0
-0.025426597698325663,-0.09099465990070267,0.0,-0.0022347080937732532,-0.005033481331618865,0.0,3760.1909612496
-0.02963286283211064,-0.10043458383730285,0.0,-0.0021700051392071575,-0.004853571145705477,0.0,3762.1005737456017
-0.03577435447822502,-0.11411497837988031,0.0,-0.0020651379548680495,-0.004583653745225999,0.0,3765.0
-0.03577435447822502,-0.11411497837988031,0.0,-0.0020651379548680495,-0.004583653745225999,0.0,3765.0
-0.03619834961175845,-0.11505585806656399,0.0,-0.002057417624372005,-0.004564647048160898,0.0,3765.2056950226697
-0.0403497323511243,-0.12425026068907308,0.0,-0.0019785316020126224,-0.004375449882950898,0.0,3767.262645249367
-0.045617203321409616,-0.1358853247933394,0.0,-0.001869302276074855,-0.004125904000702268,0.0,3770.0
-0.045617203321409616,-0.1358853247933394,0.0,-0.001869302276074855,-0.004125904000702268,0.0,3770.0
-0.04602177398855867,-0.13677827527755557,0.0,-0.0018604426703635714,-0.0041062359465533,0.0,3770.216942555021
-0.04996072159370199,-0.1454736715363438,0.0,-0.0017704810191622286,-0.003910296070821372,0.0,3772.3863681052308
-0.054443200320712516,-0.15538704937495557,0.0,-0.0016590770581968461,-0.0036758921156322248,0.0,3775.0
-0.054443200320712516,-0.15538704937495557,0.0,-0.0016590770581968461,-0.0036758921156322248,0.0,3775.0
-0.0548158835466139,-0.15621294401107236,0.0,-0.0016493173762090112,-0.0036557738681666256,0.0,3775.2252952775725
-0.058420871475244565,-0.16422310819021685,0.0,-0.0015505771376930438,-0.003455230208552685,0.0,3777.4782480532976
-0.062189284613449476,-0.1726546632450343,0.0,-0.0014377663417236377,-0.0032320473683045826,0.0,3780.0
-0.062189284613449476,-0.1726546632450343,0.0,-0.0014377663417236377,-0.0032320473683045826,0.0,3780.0
-0.06251969613119746,-0.17339777695834116,0.0,-0.0014273233844638072,-0.003211705829970097,0.0,3780.2306462982447
-0.06569055253366328,-0.1805713167295561,0.0,-0.0013219304402393485,-0.0030088388667468702,0.0,3782.5371092806913
-0.06880587385601747,-0.18771605835562738,0.0,-0.0012075817902894297,-0.002793246329107274,0.0,3785.0
-0.06880587385601747,-0.18771605835562738,0.0,-0.0012075817902894297,-0.002793246329107274,0.0,3785.0
-0.06908571263769589,-0.18836392203985644,0.0,-0.001196672892438424,-0.002772927579748049,0.0,3785.2327860619275
-0.0717437729583949,-0.19458279212583454,0.0,-0.001086782406927406,-0.0025702015607026512,0.0,3787.560646681203
-0.07425287401476235,-0.20059418136706336,0.0,-0.0009701650731757976,-0.002358610372933402,0.0,3790.0
-0.07425287401476235,-0.20059418136706336,0.0,-0.0009701650731757976,-0.002358610372933402,0.0,3790.0
-0.07447645062685734,-0.20113854790083344,0.0,-0.0009590028057476522,-0.0023385526761188534,0.0,3790.2317852986694
-0.07656938721918703,-0.20632682114357928,0.0,-0.0008467313212012215,-0.0021383513047085545,0.0,3792.549638285363
-0.07849754195815634,-0.21130796023577217,0.0,-0.0007268457385188031,-0.0019273970439340892,0.0,3795.0
-0.07849754195815634,-0.21130796023577217,0.0,-0.0007268457385188031,-0.0019273970439340892,0.0,3795.0
-0.07866202650297068,-0.21174528674185975,0.0,-0.0007156232884442313,-0.0019078008713908114,0.0,3795.2280594745653
-0.08016569993622723,-0.2158729866481143,0.0,-0.0006028952338401278,-0.001712130666892233,0.0,3797.508654220218
-0.08151331723521123,-0.21987281162795053,0.0,-0.00047878584721835116,-0.0014989357795561272,0.0,3800.0
-0.08151331723521123,-0.21987281162795053,0.0,-0.00047878584721835116,-0.0014989357795561272,0.0,3800.0
-0.0816184362036148,-0.22020366404287856,0.0,-0.00046767101826368106,-0.0014799556528394364,0.0,3800.222131283947
-0.08253354553968763,-0.22328046965102655,0.0,-0.00035615660166246003,-0.0012903651316760443,0.0,3802.4434441234166
-0.0832792291048252,-0.22630088913498542,0.0,-0.0002270719187790907,-0.0010725860360522384,0.0,3805.0
-0.0832792291048252,-0.22630088913498542,0.0,-0.0002270719187790907,-0.0010725860360522384,0.0,3805.0
-0.0833267386187961,-0.22652884399954573,0.0,-0.00021621465528490804,-0.0010543463994394202,0.0,3805.214350872174
-0.08367365359722002,-0.22859346279104015,0.0,-0.00010740527256911873,-0.0008720844743527258,0.0,3807.3578595939116
-0.08377969352607592,-0.2306011543549874,0.0,2.7217782098844625e-05,-0.0006477070369185485,0.0,3810.0
-0.08377969352607592,-0.2306011543549874,0.0,2.7217782098844625e-05,-0.0006477070369185485,0.0,3810.0
-0.08377301020121315,-0.23073267043257267,0.0,3.7724690995536716e-05,-0.000630238950497285,0.0,3810.2058241924174
-0.08358714839656556,-0.23185013460619375,0.0,0.00014291049005462334,-0.0004556223340124877,0.0,3812.264066116591
-0.0830046179398352,-0.23277931306130958,0.0,0.00028295548052908635,-0.00022363334544524637,0.0,3815.0
-0.0830046179398352,-0.23277931306130958,0.0,0.00028295548052908635,-0.00022363334544524637,0.0,3815.0
-0.08294662067623783,-0.23282261323513667,0.0,0.00029326418949827634,-0.0002065664476294084,0.0,3815.2013026374
-0.0822525082136007,-0.23306665765275514,0.0,0.0003963549112970184,-3.589701922764244e-05,0.0,3817.2143290114022
-0.08094979223725565,-0.23283763656546075,0.0,0.0005389057131801086,0.0002003470620802191,0.0,3820.0
-0.08094979223725565,-0.23283763656546075,0.0,0.0005389057131801086,0.0002003470620802191,0.0,3820.0
-0.08083980855191711,-0.2327954030336909,0.0,0.0005492374850847885,0.00021749821415489455,0.0,3820.2021492278964
-0.07962518421135731,-0.23218233010752476,0.0,0.0006524325600865816,0.00038907955104180617,0.0,3822.22364150686
-0.07761758917682503,-0.23077467549571665,0.0,0.0007936582433922463,0.0006250141692872791,0.0,3825.0
-0.07761758917682503,-0.23077467549571665,0.0,0.0007936582433922463,0.0006250141692872791,0.0,3825.0
-0.07744742315940462,-0.23063964449149904,0.0,0.0008044558891621337,0.0006431306177308226,0.0,3825.2129584167064
-0.07561951580443348,-0.229077021367353,0.0,0.0009121267451054925,0.000824460019835351,0.0,3827.342542583771
-0.073018043897323,-0.22658486474658865,0.0,0.001045541602042864,0.0010512381935918506,0.0,3830.0
-0.073018043897323,-0.22658486474658865,0.0,0.001045541602042864,0.0010512381935918506,0.0,3830.0
-0.07278607839635874,-0.22635077639109105,0.0,0.001056560464261273,0.0010701038443997957,0.0,3830.220698445047
-0.07033309203796873,-0.22378067782972677,0.0,0.0011661952497895869,0.0012590443296866826,0.0,3832.4276828955194
-0.06717044034781902,-0.22025801537504358,0.0,0.001292503924592971,0.0014800024058599023,0.0,3835.0
-0.06717044034781902,-0.22025801537504358,0.0,0.001292503924592971,0.0014800024058599023,0.0,3835.0
-0.06687777069016906,-0.21992211826650937,0.0,0.0013034825651497854,0.0014994166446338634,0.0,3835.2254783501976
-0.06381560802985119,-0.21632205498913398,0.0,0.00141238917707403,0.0016939829024056959,0.0,3837.4802618521735
-0.06010561984449392,-0.21177869418293185,0.0,0.0015319386016382046,0.0019124245535981548,0.0,3840.0
-0.06010561984449392,-0.21177869418293185,0.0,0.0015319386016382046,0.0019124245535981548,0.0,3840.0
-0.05975696603447927,-0.21134271420268713,0.0,0.0015425662282841674,0.0019321476572984457,0.0,3840.2268029551733
-0.05613886952428679,-0.20673643365729186,0.0,0.0016475482610674643,0.0021299537649040463,0.0,3842.4948325069063
-0.05186937149602,-0.20112551408224452,0.0,0.0017604178476286197,0.002349769047049634,0.0,3845.0
-0.05186937149602,-0.20112551408224452,0.0,0.0017604178476286197,0.002349769047049634,0.0,3845.0
-0.05147377395620681,-0.20059675039089628,0.0,0.0017703293203283784,0.002369508195611734,0.0,3845.224086824871
-0.04739703626507749,-0.19506527473228838,0.0,0.0018676406219301483,0.002567617800782424,0.0,3847.4649550735803
-0.04252751215604285,-0.18827042719110645,0.0,0.0019732689736972633,0.0027934279412915254,0.0,3850.0
-0.04252751215604285,-0.18827042719110645,0.0,0.0019732689736972633,0.0027934279412915254,0.0,3850.0
-0.042098246776167955,-0.1876619878306344,0.0,0.0019820594593170553,0.002812853998837515,0.0,3850.217056377073
-0.03770245714697508,-0.18134506433069106,0.0,0.002067553520208665,0.0030079355866272106,0.0,3852.387620147801
-0.03217370778428684,-0.17317830198196066,0.0,0.0021638754767176775,0.0032448106292288018,0.0,3855.0
-0.03217370778428684,-0.17317830198196066,0.0,0.0021638754767176775,0.0032448106292288018,0.0,3855.0
-0.03172807822110898,-0.17250925361933533,0.0,0.0021711073271960487,0.0032635552213574263,0.0,3855.205596499789
-0.02719221468922377,-0.16560621251829286,0.0,0.002240313677230186,0.0034518329216557853,0.0,3857.2615614976785
-0.020941892109654123,-0.1558075863084054,0.0,0.002322490841454285,0.0037049759555212846,0.0,3860.0
-0.020941892109654123,-0.1558075863084054,0.0,0.002322490841454285,0.0037049759555212846,0.0,3860.0
-0.020503121420275692,-0.15510675983793928,0.0,0.00232767389834487,0.0037225192101345275,0.0,3860.1887114428655
-0.016064120299260277,-0.14791597204018847,0.0,0.002375665735350727,0.0038986112244334624,0.0,3862.0758258715205
-0.009026530523193329,-0.13611431834401552,0.0,0.0024342182467219126,0.004173535880454204,0.0,3865.0
-0.009026530523193329,-0.13611431834401552,0.0,0.0024342182467219126,0.004173535880454204,0.0,3865.0
-0.008634675874932125,-0.135441609437131,0.0,0.0024368038674519974,0.00418871868440045,0.0,3865.1608917692247
-0.004695559168478419,-0.12858005629567418,0.0,0.002458508564014497,0.00434072675239823,0.0,3866.7698094614716
0.003284178506794041,-0.11406589507035605,0.0,0.0024758462015002395,0.004645501439398671,0.0,3870.0
0.003284178506794041,-0.11406589507035605,0.0,0.0024758462015002395,0.004645501439398671,0.0,3870.0
0.00361960985977386,-0.11343563752928089,0.0,0.002475703840966615,0.004658218302285428,0.0,3870.1354850435496
0.006970804283237342,-0.10703858090975868,0.0,0.002469898881642963,0.004784764182609019,0.0,3871.4903354790454
0.015558317141168605,-0.08968203858457248,0.0,0.002412919891207562,0.005102809773091311,0.0,3875.0
0.015558317141168605,-0.08968203858457248,0.0,0.002412919891207562,0.005102809773091311,0.0,3875.0
0.015982382870592046,-0.08878302482811436,0.0,0.0024083012271135713,0.005118167069255888,0.0,3875.175915214403
0.020172091256970955,-0.07964710327231694,0.0,0.002351882036949401,0.005267024672346077,0.0,3876.935067358435
0.027174071344204832,-0.06313948119498138,0.0,0.0022073293412565548,0.005497562918999966,0.0,3880.0
0.027174071344204832,-0.06313948119498138,0.0,0.0022073293412565548,0.005497562918999966,0.0,3880.0
0.027584287416043116,-0.062114167983818906,0.0,0.002196664367646957,0.005510038353591222,0.0,3880.186291273299
0.031569828432281594,-0.05174099619558491,0.0,0.002078878853456992,0.005622641302686261,0.0,3882.0492040062895
0.03738630675478465,-0.03494651562737168,0.0,0.0018573537540883531,0.005749037528399405,0.0,3885.0
0.03738630675478465,-0.03494651562737168,0.0,0.0018573537540883531,0.005749037528399405,0.0,3885.0
0.03770687256074964,-0.03395005669981286,0.0,0.00184333017224234,0.005754314735287234,0.0,3885.173246089179
0.040776271067662934,-0.02394333625096121,0.0,0.0016989461258688258,0.005793658502212168,0.0,3886.9057069809687
0.04562077152048175,-0.005979076916626386,0.0,0.0014314059839286761,0.005805632070550916,0.0,3890.0
0.04562077152048175,-0.005979076916626386,0.0,0.0014314059839286761,0.005805632070550916,0.0,3890.0
0.04580043499889638,-0.005247645469058595,0.0,0.0014204629139935657,0.005804644901854903,0.0,3890.1259970478764
0.04752141239975,0.0020572640996222606,0.0,0.0013114715005799625,0.005789005001891279,0.0,3891.38596752664
0.05170762945787695,0.022826277150891826,0.0,0.0010080166084643085,0.0056929072557265785,0.0,3895.0
0.05170762945787695,0.022826277150891826,0.0,0.0010080166084643085,0.0056929072557265785,0.0,3895.0
0.05186905326007521,0.023743434949246182,0.0,0.000994920537441664,0.005687073828849049,0.0,3895.1611876526817
0.05336853106706139,0.03285978354898137,0.0,0.0008663530541899599,0.005622587822737837,0.0,3896.773064179499
0.05576610234447107,0.050757782750654984,0.0,0.00062274061911715,0.005464427865940769,0.0,3900.0
0.05576610234447107,0.050757782750654984,0.0,0.00062274061911715,0.005464427865940769,0.0,3900.0
0.055881332058146695,0.05177906919673569,0.0,0.0006092014222111356,0.005454222991273971,0.0,3900.1870716220587
0.05689658913579541,0.06188342841722338,0.0,0.00047726097002278206,0.00534688983154194,0.0,3902.057787842646
0.05801010965765062,0.07734645680451169,0.0,0.00028214261642653176,0.005161118751193375,0.0,3905.0
0.05801010965765062,0.07734645680451169,0.0,0.00028214261642653176,0.005161118751193375,0.0,3905.0
0.05806517452025516,0.0783756228866378,0.0,0.0002694435389234274,0.005147845564270356,0.0,3905.1996640544953
0.05847888157594805,0.08851869144633295,0.0,0.0001460347833183386,0.00501111334011858,0.0,3907.1963045994485
0.05865738992469218,0.1022866618434544,0.0,-1.669898096825863e-05,0.004808242765330414,0.0,3910.0
0.05865738992469218,0.1022866618434544,0.0,-1.669898096825863e-05,0.004808242765330414,0.0,3910.0
0.0586527958371208,0.10327056179502082,0.0,-2.812134066321223e-05,0.004792962767589635,0.0,3910.2049532198994
0.05848049686870677,0.11293518588427977,0.0,-0.00013901487120152273,0.004637224884577953,0.0,3912.254485418893
0.057905082942005755,0.12537187831192295,0.0,-0.00027846281352917105,0.0044210883197111995,0.0,3915.0
0.057905082942005755,0.12537187831192295,0.0,-0.00027846281352917105,0.0044210883197111995,0.0,3915.0
0.05784330832195759,0.12633238939099764,0.0,-0.0002890821986661073,0.0044036140610175445,0.0,3915.2176867182825
0.057100959023087934,0.13572643522446567,0.0,-0.0003919565436432586,0.004226471094109601,0.0,3917.3945539011074
0.0559275288860019,0.14645644342166833,0.0,-0.0005074428030756539,0.004009245065563121,0.0,3920.0
0.0559275288860019,0.14645644342166833,0.0,-0.0005074428030756539,0.004009245065563121,0.0,3920.0
0.05581111696083263,0.14736531772734007,0.0,-0.0005171268651936719,0.003990050456780574,0.0,3920.2272384110406
0.0545285520169145,0.15621259062796142,0.0,-0.0006107279987693395,0.0037961467828094516,0.0,3922.499622521447
0.05287957227722376,0.16543371823844877,0.0,-0.0007071313774530213,0.003579024538370232,0.0,3925.0
0.05287957227722376,0.16543371823844877,0.0,-0.0007071313774530213,0.003579024538370232,0.0,3925.0
0.05271369833026133,0.16626577488086466,0.0,-0.0007157736105300054,0.0035585921779741785,0.0,3925.2331467474
0.05094668113558902,0.1743230330132175,0.0,-0.0007990911739045143,0.0033526885132373328,0.0,3927.5646142214005
0.04890055915470845,0.18222333375202407,0.0,-0.0008802546901871619,0.003134784068016449,0.0,3930.0
0.04890055915470845,0.18222333375202407,0.0,-0.0008802546901871619,0.003134784068016449,0.0,3930.0
0.048692919361096,0.18295715437602691,0.0,-0.0008877698729939003,0.0031136262636973027,0.0,3930.234882193199
0.04652184154780826,0.19002099571353448,0.0,-0.0009600041888138021,0.0029007988343593004,0.0,3932.5837041251907
0.044117864934286245,0.19676344888732392,0.0,-0.0010288968676347285,0.0026796697766227518,0.0,3935.0
0.044117864934286245,0.19676344888732392,0.0,-0.0010288968676347285,0.0026796697766227518,0.0,3935.0
0.043877806907667835,0.1973842460352642,0.0,-0.001035242901339318,0.0026582748888608334,0.0,3935.232597688623
0.041398238823543126,0.20331772495332223,0.0,-0.001096011313089069,0.0024433644860885305,0.0,3937.558574574855
0.03864980005788269,0.20900587467770115,0.0,-0.0011546179827635335,0.002216051816617755,0.0,3940.0
0.03864980005788269,0.20900587467770115,0.0,-0.0011546179827635335,0.002216051816617755,0.0,3940.0
0.03838697617207046,0.2095067685362283,0.0,-0.0011598044158806086,0.0021948224547517384,0.0,3940.227117605661
0.035695903112602914,0.21424994524163202,0.0,-0.0012092169129280116,0.0019818114524622144,0.0,3942.498293662272
0.032607987956268916,0.21891291487420023,0.0,-0.001258546391712537,0.0017457921005220587,0.0,3945.0
0.032607987956268916,0.21891291487420023,0.0,-0.001258546391712537,0.0017457921005220587,0.0,3945.0
0.032331541307367956,0.2192934917943934,0.0,-0.0012626196804281212,0.0017250393884527951,0.0,3945.219300039787
0.029519646729174308,0.22284855284320265,0.0,-0.0013011373695141371,0.001516997612688622,0.0,3947.4123004376565
0.026099346424779884,0.22645528783783303,0.0,-0.0013414456788537828,0.0012704178444813857,0.0,3950.0
0.026099346424779884,0.22645528783783303,0.0,-0.0013414456788537828,0.0012704178444813857,0.0,3950.0
0.02581793835852603,0.22671939833263252,0.0,-0.0013444693660471989,0.0012504041160011183,0.0,3950.2095430642316
0.02297046764505802,0.22912958966968897,0.0,-0.0013727197237300395,0.0010499193376336071,0.0,3952.304973706548
0.019227788424321775,0.23161076842943312,0.0,-0.0014037607454269367,0.0007912409231105892,0.0,3955.0
0.019227788424321775,0.23161076842943312,0.0,-0.0014037607454269367,0.0007912409231105892,0.0,3955.0
0.018950252193863815,0.2317652135636572,0.0,-0.0014058042401115798,0.0007722460321091993,0.0,3955.19756489418
0.016153899948457087,0.2331031178340965,0.0,-0.0014244823276317133,0.0005820875450121458,0.0,3957.1732138359775
0.012095734758183652,0.2343633413060177,0.0,-0.001445647610833638,0.0003094459762131685,0.0,3960.0
0.012095734758183652,0.2343633413060177,0.0,-0.001445647610833638,0.0003094459762131685,0.0,3960.0
0.01183263697877422,0.23441803840149197,0.0,-0.0014467863557124788,0.0002918814082867459,0.0,3960.181921087597
0.009191220122508718,0.23478920090458014,0.0,-0.0014566736293023857,0.00011613884559078628,0.0,3962.0011319635664
0.004805511586164171,0.2347027469290859,0.0,-0.0014669901157752369,-0.00017383875384046788,0.0,3965.0
0.004805511586164171,0.2347027469290859,0.0,-0.0014669901157752369,-0.00017383875384046788,0.0,3965.0
0.004573195164292029,0.23467400788517143,0.0,-0.0014673268904935436,-0.00018915572802716176,0.0,3965.158344271795
0.0022477392491396537,0.23425321538776067,0.0,-0.001469536825388612,-0.0003423372551822156,0.0,3966.7417869897467
-0.0025393078113296764,0.23262435884680385,0.0,-0.0014674057672344235,-0.0006574784082196766,0.0,3970.0
-0.0025393078113296764,0.23262435884680385,0.0,-0.0014674057672344235,-0.0006574784082196766,0.0,3970.0
-0.0027514540865933583,0.23252828524726166,0.0,-0.0014670999446791905,-0.0006714574383105203,0.0,3970.1445872517656
-0.004869981904513423,0.23145640598482053,0.0,-0.0014630470102229673,-0.0008112024687567316,0.0,3971.590459769422
-0.00983256596553685,0.228129371921863,0.0,-0.0014462418570554984,-0.00114026899440744,0.0,3975.0
-0.00983256596553685,0.228129371921863,0.0,-0.0014462418570554984,-0.00114026899440744,0.0,3975.0
-0.010092416534833072,0.22792285650580213,0.0,-0.0014450664855273217,-0.0011575925128391358,0.0,3975.1797457095763
-0.01267829464844893,0.22568654599663254,0.0,-0.0014317084654678655,-0.0013306588106902202,0.0,3976.9772028053394
-0.01696414136612086,0.22122531615692415,0.0,-0.0014025621598007102,-0.0016208684458755551,0.0,3980.0
-0.01696414136612086,0.22122531615692415,0.0,-0.0014025621598007102,-0.0016208684458755551,0.0,3980.0
-0.017241822937991147,0.22090228088070504,0.0,-0.0014003478479527945,-0.001639846796796507,0.0,3980.198137620148
-0.019993084657745255,0.21746534516264673,0.0,-0.0013761481793428249,-0.0018292863353864311,0.0,3982.179513821627
-0.023818477607927765,0.2119269474616086,0.0,-0.0013351236146052362,-0.002097713227565765,0.0,3985.0
-0.023818477607927765,0.2119269474616086,0.0,-0.0013351236146052362,-0.002097713227565765,0.0,3985.0
-0.024100015565058704,0.2114819253582559,0.0,-0.0013317256074327898,-0.00211773863541646,0.0,3985.2111384219666
-0.026874099522766957,0.20679958086129244,0.0,-0.001295254993151891,-0.0023174113832141194,0.0,3987.322522641632
-0.030272968454958426,0.2002576134086729,0.0,-0.001242341651694625,-0.0025689094399113967,0.0,3990.0
-0.030272968454958426,0.2002576134086729,0.0,-0.001242341651694625,-0.0025689094399113967,0.0,3990.0
-0.03054701867849887,0.19968757296590106,0.0,-0.0012376194025270778,-0.0025895698722149195,0.0,3990.22101093052
-0.03322785032065043,0.19373671568356293,0.0,-0.0011874548943292948,-0.0027952744880101075,0.0,3992.4311202357217
-0.036196137115969515,0.1862512607025339,0.0,-0.0011222421001424808,-0.003032081338031917,0.0,3995.0
-0.036196137115969515,0.1862512607025339,0.0,-0.0011222421001424808,-0.003032081338031917,0.0,3995.0
-0.036451221448952416,0.18555779587425142,0.0,-0.0011160705294502489,-0.0030529539871685563,0.0,3995.2279245255077
-0.03892198855281358,0.1783625314165545,0.0,-0.0010509449882830585,-0.003260359885886511,0.0,3997.5071697805843
-0.041445536989756795,0.1699553621612816,0.0,-0.0009723975558350272,-0.003484148677968106,0.0,4000.0
-0.041445536989756795,0.1699553621612816,0.0,-0.0009723975558350272,-0.003484148677968106,0.0,4000.0
-0.041669283244881984,0.16914811282385672,0.0,-0.0009646997706926899,-0.003504699555108342,0.0,4000.231010516176
-0.04380583492588076,0.16081599307394598,0.0,-0.0008838645149426686,-0.0037083485106429704,0.0,4002.5411156779355
-0.04586529560150873,0.1514352326512958,0.0,-0.000789848920539302,-0.003920982428810589,0.0,4005.0
-0.04586529560150873,0.1514352326512958,0.0,-0.000789848920539302,-0.003920982428810589,0.0,4005.0
-0.04604529070717991,0.15053421650688095,0.0,-0.0007806310176471321,-0.003940552442292802,0.0,4005.22922122155
-0.047725657887933544,0.1412793296764109,0.0,-0.0006842298081129081,-0.004133729886670809,0.0,4007.5214334370476
-0.04928324947304323,0.13078055028243066,0.0,-0.0005710244210922759,-0.004336845817388182,0.0,4010.0
-0.04928324947304323,0.13078055028243066,0.0,-0.0005710244210922759,-0.004336845817388182,0.0,4010.0
-0.049409077684221835,0.12981392920909476,0.0,-0.0005603748207243139,-0.004354734073854436,0.0,4010.2224267683596
-0.05053363041321549,0.11993143256897582,0.0,-0.0004494299054210403,-0.004530295979052514,0.0,4012.4466944519554
-0.05150776174733204,0.10811554939227916,0.0,-0.00031170989486332447,-0.004723444540463464,0.0,4015.0
-0.05150776174733204,0.10811554939227916,0.0,-0.00031170989486332447,-0.004723444540463464,0.0,4015.0
-0.05157241947672364,0.1071150242368442,0.0,-0.00029977512685425747,-0.00473897801204891,0.0,4015.2114730871112
-0.052076871179320014,0.09693223683734781,0.0,-0.00017593488276338552,-0.004890017116112983,0.0,4017.3262039582237
-0.05232486264531331,0.08361558321402972,0.0,-7.263329153568091e-06,-0.005068255342706488,0.0,4020.0
-0.05232486264531331,0.08361558321402972,0.0,-7.263329153568091e-06,-0.005068255342706488,0.0,4020.0
-0.05232501593450291,0.0826159356912512,0.0,5.719798930269291e-06,-0.005080740517425443,0.0,4020.1969940647346
-0.05218296095625226,0.0724879216667282,0.0,0.0001397939669440021,-0.0052000975162214795,0.0,4022.16693471208
-0.051498232693533534,0.05753496023241613,0.0,0.0003462802186330853,-0.005351580848969102,0.0,4025.0
-0.051498232693533534,0.05753496023241613,0.0,0.0003462802186330853,-0.005351580848969102,0.0,4025.0
-0.051431193490731254,0.05651911472695514,0.0,0.0003606771306418869,-0.005360746785006909,0.0,4025.189658763583
-0.05060805449731933,0.04627010860496128,0.0,0.0005084979445752007,-0.005444670018476351,0.0,4027.0862463994117
-0.04878062397873129,0.030253764683142458,0.0,0.0007481980450765505,-0.005541934706335507,0.0,4030.0
-0.04878062397873129,0.030253764683142458,0.0,0.0007481980450765505,-0.005541934706335507,0.0,4030.0
-0.04865194345187182,0.02930934494456568,0.0,0.0007626194813281559,-0.005546271156225043,0.0,4030.170346301556
-0.04722883858367463,0.01983004152114843,0.0,0.0009087502992576983,-0.005580266029126355,0.0,4031.8738093171164
-0.04396206345940399,0.0023474787178136385,0.0,0.00118136694139321,-0.005592808919790852,0.0,4035.0
-0.04396206345940399,0.0023474787178136385,0.0,0.00118136694139321,-0.005592808919790852,0.0,4035.0
-0.043832039123879174,0.0017344372117106105,0.0,0.001190893910527671,-0.005591969203990083,0.0,4035.109620532432
-0.042474604308383346,-0.004388956087321658,0.0,0.0012854748442442593,-0.005578450428532452,0.0,4036.205825856752
-0.03700205273312191,-0.025362277411168872,0.0,0.0015921183449475397,-0.005458075906298398,0.0,4040.0
-0.03700205273312191,-0.025362277411168872,0.0,0.0015921183449475397,-0.005458075906298398,0.0,4040.0
-0.03673759442985731,-0.02626476947043514,0.0,0.0016043585372073205,-0.00545027518402352,0.0,4040.165467581963
-0.033985664168190224,-0.03521235885955762,0.0,0.0017196475785846896,-0.005361433890732319,0.0,4041.820143401595
-0.028216301717685834,-0.05192845174187878,0.0,0.0018992783625937162,-0.005143072857622754,0.0,4045.0
-0.028216301717685834,-0.05192845174187878,0.0,0.0018992783625937162,-0.005143072857622754,0.0,4045.0
-0.02786213693545418,-0.05288397385190441,0.0,0.001907936664449084,-0.00512870618277784,0.0,4045.186047578123
-0.024239281264389994,-0.062287277233943714,0.0,0.001983203047352884,-0.004977707483829027,0.0,4047.046523359355
-0.01825328841301211,-0.07660980894512083,0.0,0.0020624716384442126,-0.004717811068595384,0.0,4050.0
-0.01825328841301211,-0.07660980894512083,0.0,0.0020624716384442126,-0.004717811068595384,0.0,4050.0
-0.017872807139718342,-0.07747786902614376,0.0,0.002065891195018296,-0.004701017673686667,0.0,4050.184324253249
-0.014039092228502838,-0.0859865973754391,0.0,0.002091247244061678,-0.004530669049143298,0.0,4052.02756678574
-0.00779853590445507,-0.09903796513381818,0.0,0.002102006672275908,-0.004250127927925781,0.0,4055.0
-0.00779853590445507,-0.09903796513381818,0.0,0.002102006672275908,-0.004250127927925781,0.0,4055.0
-0.007459793114737409,-0.09972170345471817,0.0,0.002101648189762656,-0.004234804359546103,0.0,4055.161165276135
-0.004078205612669394,-0.10642308740345592,0.0,0.002093394823115963,-0.004081293146054717,0.0,4056.7728180374834
0.0026220979469510014,-0.11909768748577752,0.0,0.0020544544421523445,-0.0037737256077009186,0.0,4060.0
0.0026220979469510014,-0.11909768748577752,0.0,0.0020544544421523445,-0.0037737256077009186,0.0,4060.0
0.002901375156340479,-0.11961007366201437,0.0,0.0020522406283891436,-0.003760786616548266,0.0,4060.1360104530568
0.005676506190842568,-0.12463723077661015,0.0,0.0020278536592569715,-0.003631582938723959,0.0,4061.4961149836245
0.01264915832233188,-0.13678128403873396,0.0,0.0019484227939113006,-0.003300702818911315,0.0,4065.0
0.01264915832233188,-0.13678128403873396,0.0,0.0019484227939113006,-0.003300702818911315,0.0,4065.0
0.01299623709063273,-0.137368447560251,0.0,0.0019438262288290192,-0.0032839465683789843,0.0,4065.178343179082
0.016420294513467923,-0.14307602844251066,0.0,0.0018952580537846553,-0.003116875066980283,0.0,4066.9617749699
0.022040979367685568,-0.1521159258820373,0.0,0.0018028478355923523,-0.0028343375406663517,0.0,4070.0
0.022040979367685568,-0.1521159258820373,0.0,0.0018028478355923523,-0.0028343375406663517,0.0,4070.0
0.02239914770080466,-0.15267818782931594,0.0,0.001796431156026793,-0.002815917087921693,0.0,4070.199021872987
0.0259090109788868,-0.1580995902542378,0.0,0.0017300208012175381,-0.00263230904671684,0.0,4072.1892406028574
0.03063272896068495,-0.1651359764819945,0.0,0.0016300300660728622,-0.002374778103731992,0.0,4075.0
0.03063272896068495,-0.1651359764819945,0.0,0.0016300300660728622,-0.002374778103731992,0.0,4075.0
0.030977755032152304,-0.16563779153448258,0.0,0.0016222354897126234,-0.002355413159483971,0.0,4075.212175456437
0.034335704704841145,-0.17043039654932388,0.0,0.0015424929222654965,-0.0021623477854253934,0.0,4077.3339300208054
0.038309951938381076,-0.17587353206506762,0.0,0.0014381489124438986,-0.001921168399959715,0.0,4080.0
0.038309951938381076,-0.17587353206506762,0.0,0.0014381489124438986,-0.001921168399959715,0.0,4080.0
0.03862488719432231,-0.17629335129201393,0.0,0.00142938474408693,-0.0019013572572770564,0.0,4080.219655505117
0.041667294518506606,-0.18025259846396263,0.0,0.0013403757160960618,-0.0017037543962788982,0.0,4082.4162105562855
0.04499221617827858,-0.1843556299655627,0.0,0.0012328301418292691,-0.0014724120291752314,0.0,4085.0
0.04499221617827858,-0.1843556299655627,0.0,0.0012328301418292691,-0.0014724120291752314,0.0,4085.0
0.04526446928476109,-0.18467983210151553,0.0,0.0012234909899457803,-0.0014526084965572398,0.0,4085.2216752151357
0.04787236218099071,-0.18768072256999474,0.0,0.001129115372746678,-0.0012549769212406516,0.0,4087.438427366493
0.05062287447078011,-0.19060383029097247,0.0,0.0010180784502752602,-0.0010274385169660512,0.0,4090.0
0.05062287447078011,-0.19060383029097247,0.0,0.0010180784502752602,-0.0010274385169660512,0.0,4090.0
0.05084445985812017,-0.1908263862754962,0.0,0.0010085256484009273,-0.0010080456615661078,0.0,4090.2186763117797
0.052944906159340145,-0.19281893163126143,0.0,0.0009123356934304519,-0.0008144104083478904,0.0,4092.405439429577
0.05516247559738729,-0.19463459569079417,0.0,0.0007968385652165888,-0.0005852858402587604,0.0,4095.0
0.05516247559738729,-0.19463459569079417,0.0,0.0007968385652165888,-0.0005852858402587604,0.0,4095.0
0.05532993059414862,-0.19475635603049105,0.0,0.0007873814936123841,-0.0005666381984317039,0.0,4095.211403531616
0.05689421563796947,-0.19575728415267268,0.0,0.0006924045705112176,-0.00038035421493572846,0.0,4097.325438847774
0.058584399565275495,-0.19645988569578748,0.0,0.0005713430584919408,-0.0001451147594650483,0.0,4100.0
0.058584399565275495,-0.19645988569578748,0.0,0.0005713430584919408,-0.0001451147594650483,0.0,4100.0
0.05869778947248992,-0.19648715743561032,0.0,0.0005622615018820122,-0.00012753232805723364,0.0,4100.200051836068
0.05973161308844123,-0.19656649529814296,0.0,0.0004712330034662225,4.8183650425280864e-05,0.0,4102.200570196751
0.060871893607001376,-0.19608775092817216,0.0,0.00034333562114086287,0.0002938013551598373,0.0,4105.0
0.060871893607001376,-0.19608775092817216,0.0,0.00034333562114086287,0.0002938013551598373,0.0,4105.0
0.060940766944062516,-0.1960261912985716,0.0,0.00033403222438550774,0.0003116364361258118,0.0,4105.2033556932165
0.061525378268046424,-0.19521115644292603,0.0,0.00024090744673933243,0.0004899343916973905,0.0,4107.236912625382
0.062016024392783066,-0.19352285227814484,0.0,0.00011422045790719017,0.0007320947796534687,0.0,4110.0
0.062016024392783066,-0.19352285227814484,0.0,0.00011422045790719017,0.0007320947796534687,0.0,4110.0
0.06203896136734415,-0.19336745510405198,0.0,0.00010460892082412325,0.0007504662491140574,0.0,4110.209633423049
0.06215752341368991,-0.1916016645552619,0.0,8.51356268317015e-06,0.0009341811936931442,0.0,4112.30596765354
0.06201425636851674,-0.18876688245066645,0.0,-0.00011483294441481027,0.0011703237100039125,0.0,4115.0
0.06201425636851674,-0.18876688245066645,0.0,-0.00011483294441481027,0.0011703237100039125,0.0,4115.0
0.061988542051810334,-0.1885135400558237,0.0,-0.00012465399360010593,0.0011891511922743653,0.0,4115.2147447381485
0.06161549656862459,-0.18575770592616994,0.0,-0.00022273595019840905,0.0013774805916250972,0.0,4117.362192119634
0.060869482666677494,-0.18181888450370767,0.0,-0.00034281113744265507,0.0016089931455911311,0.0,4120.0
0.060869482666677494,-0.18181888450370767,0.0,-0.00034281113744265507,0.0016089931455911311,0.0,4120.0
0.06079218769545618,-0.18145919469457572,0.0,-0.0003529050013858711,0.0016285043830456176,0.0,4120.2222023902195
0.059896066249795286,-0.1776237603316598,0.0,-0.00045359949708485966,0.0018237306028010675,0.0,4122.444226292415
0.058589410863572194,-0.17267546365772118,0.0,-0.0005687916056691746,0.002048576937718141,0.0,4125.0
0.058589410863572194,-0.17267546365772118,0.0,-0.0005687916056691746,0.002048576937718141,0.0,4125.0
0.05845884955780107,-0.17220714088661218,0.0,-0.0005790152339518293,0.0020686049212003503,0.0,4125.227496790294
0.057025602462492817,-0.16727317730416566,0.0,-0.0006808862239226841,0.002269062029080723,0.0,4127.502464693234
0.05518626352392996,-0.16133088115761038,0.0,-0.0007918800886766032,0.0024895434753758683,0.0,4130.0
0.05518626352392996,-0.16133088115761038,0.0,-0.0007918800886766032,0.0024895434753758683,0.0,4130.0
0.05500291708956879,-0.16075581502710684,0.0,-0.0008020650251238612,0.002509870905371667,0.0,4130.230053429531
0.05304097526818704,-0.15474775736045818,0.0,-0.0009034225339777263,0.0027133896689485928,0.0,4132.53058772484
0.05067681199074758,-0.14777700144905143,0.0,-0.0010111372580902881,0.0029323898068524734,0.0,4135.0
0.05067681199074758,-0.14777700144905143,0.0,-0.0010111372580902881,0.0029323898068524734,0.0,4135.0
0.05044388767122253,-0.14710247500017035,0.0,-0.0010210871009857824,0.0029527428599699325,0.0,4135.229230704635
0.047989696519659834,-0.14010035487811806,0.0,-0.0011199603046914341,0.003156589164492599,0.0,4137.52153775098
0.045082847527684045,-0.13200302781655635,0.0,-0.0012254717824765303,0.0033776946218353424,0.0,4140.0
0.045082847527684045,-0.13200302781655635,0.0,-0.0012254717824765303,0.0033776946218353424,0.0,4140.0
0.04480637478994575,-0.1312416908558851,0.0,-0.0012349766210148516,0.003397773918492515,0.0,4140.224733414338
0.04192476651216673,-0.12337982712869369,0.0,-0.0013292511085825904,0.003598961860347393,0.0,4142.472067557714
0.03843236698824928,-0.11399488049938535,0.0,-0.0014334483332649887,0.0038262144629546795,0.0,4145.0
0.03843236698824928,-0.11399488049938535,0.0,-0.0014334483332649887,0.0038262144629546795,0.0,4145.0
0.03812071258193117,-0.11316344611938059,0.0,-0.0014422997164193,0.0038457404492495844,0.0,4145.21674646007
0.03489937377771325,-0.10461596135444974,0.0,-0.0015298478006146065,0.00404149522729701,0.0,4147.3842110607675
0.03076219208537085,-0.0937338639787072,0.0,-0.0016328662337524549,0.004279089952410941,0.0,4150.0
0.03076219208537085,-0.0937338639787072,0.0,-0.0016328662337524549,0.004279089952410941,0.0,4150.0
0.030425734560243355,-0.09285236777709574,0.0,-0.0016408428085667919,0.00429782002200131,0.0,4150.20555104209
0.026971886696633862,-0.0838251961180995,0.0,-0.0017193281680017766,0.004485771594125614,0.0,4152.261061462986
0.022124171213123916,-0.07119363088143466,0.0,-0.0018195887627104849,0.004738387665505574,0.0,4155.0
0.022124171213123916,-0.07119363088143466,0.0,-0.0018195887627104849,0.004738387665505574,0.0,4155.0
0.021776259718147204,-0.0702876340668754,0.0,-0.0018263749484850956,0.004756088437461778,0.0,4155.190847195953
0.01822720892982552,-0.06104123424691312,0.0,-0.0018922426276772907,0.004934068509480194,0.0,4157.099319155485
0.012603566651619262,-0.04633185613899252,0.0,-0.0019828420274802605,0.0052090277611498365,0.0,4160.0
0.012603566651619262,-0.04633185613899252,0.0,-0.0019828420274802605,0.0052090277611498365,0.0,4160.0
0.012265048719910817,-0.04544224456549763,0.0,-0.0019876883730126403,0.005225403621032706,0.0,4160.170514707351
0.008837141463865796,-0.03639143121964694,0.0,-0.002031334140582452,0.005391115243408243,0.0,4161.8756617808585
0.0024187144895777227,-0.019056859037494503,0.0,-0.0020568702967138164,0.005708867105221811,0.0,4165.0
0.0024187144895777227,-0.019056859037494503,0.0,-0.0020568702967138164,0.005708867105221811,0.0,4165.0
0.0021478666021842235,-0.018303656178696268,0.0,-0.0020536901794471485,0.005722556790133839,0.0,4165.131777440674
-0.0005108435882243759,-0.010683508529161685,0.0,-0.0019609755707179215,0.0058254160845561025,0.0,4166.449551847418
-0.005696817219252676,0.005818788431583653,0.0,-0.0016886013949396093,0.0056962687594634435,0.0,4169.304749178753
-0.006851844246210882,0.009761851301993522,0.0,-0.001634471883930532,0.005646187116226633,0.0,4170.0
-0.006851844246210882,0.009761851301993522,0.0,-0.001634471883930532,0.005646187116226633,0.0,4170.0
-0.007073696419237885,0.010529964625522177,0.0,-0.0016241835215414302,0.005636113401951736,0.0,4170.1361623926105
-0.00921718396014871,0.018134061228688814,0.0,-0.0015253707914681665,0.005532184684916605,0.0,4171.497786318715
-0.01414609469232056,0.03701807060827615,0.0,-0.0012936078911695284,0.005249050350651608,0.0,4175.0
-0.01414609469232056,0.03701807060827615,0.0,-0.0012936078911695284,0.005249050350651608,0.0,4175.0
-0.014370420792622267,0.03793091990678198,0.0,-0.0012826790565588924,0.005234587401444042,0.0,4175.174147353309
-0.016510489849270737,0.046919986488888815,0.0,-0.0011757899759139122,0.00508851254840477,0.0,4176.915620886402
-0.01985659627685876,0.06220922251670543,0.0,-0.0009957369074323316,0.004824448425238359,0.0,4180.0
-0.01985659627685876,0.06220922251670543,0.0,-0.0009957369074323316,0.004824448425238359,0.0,4180.0
-0.020048989837211123,0.06314493248308224,0.0,-0.0009847432563434002,0.004807621529753233,0.0,4180.194290454135
-0.02185688167218395,0.07232145250706902,0.0,-0.0008769009525868525,0.004638235127142952,0.0,4182.137194995482
-0.024147391139645282,0.08523863062441148,0.0,-0.0007245388038048775,0.004385272589215609,0.0,4185.0
-0.024147391139645282,0.08523863062441148,0.0,-0.0007245388038048775,0.004385272589215609,0.0,4185.0
-0.02429704373945257,0.08614927439466277,0.0,-0.0007137491523183658,0.004366741700060296,0.0,4185.208099167728
-0.02567159419441186,0.09504288101908366,0.0,-0.0006079285882532032,0.0041804281060621225,0.0,4187.289090845004
-0.02713887059291377,0.10604378628687887,0.0,-0.0004755939874348168,0.003935127638547547,0.0,4190.0
-0.02713887059291377,0.10604378628687887,0.0,-0.0004755939874348168,0.003935127638547547,0.0,4190.0
-0.02724095778208808,0.10689560731614905,0.0,-0.00046526237619526784,0.0039153719274626665,0.0,4190.217010575826
-0.028140128943771728,0.1151773081094351,0.0,-0.0003640670554151162,0.003716879928725778,0.0,4192.3871163340855
-0.028937631701401376,0.12457452827752727,0.0,-0.00024728854401536116,0.0034757247018481325,0.0,4195.0
-0.028937631701401376,0.12457452827752727,0.0,-0.00024728854401536116,0.0034757247018481325,0.0,4195.0
-0.028991282259704362,0.12534133207733816,0.0,-0.0002376504501190862,0.003455198638299506,0.0,4195.2212702313755
-0.029412162396664557,0.13275889946952868,0.0,-0.00014342356001933597,0.003249074887245432,0.0,4197.43397254513
-0.029645147854903953,0.14078741700028685,0.0,-3.9043928769713046e-05,0.003008139714433887,0.0,4200.0
-0.029645147854903953,0.14078741700028685,0.0,-3.9043928769713046e-05,0.003008139714433887,0.0,4200.0
-0.029652825088051536,0.141451434139708,0.0,-3.0280100475936956e-05,0.002987248823287414,0.0,4200.221509204755
-0.029624496609130673,0.14783648467448499,0.0,5.520502151031023e-05,0.0027775599930018563,0.0,4202.43660125231
-0.029361342535054298,0.15464364871084946,0.0,0.0001492337557481897,0.0025331865758700853,0.0,4205.0
-0.029361342535054298,0.15464364871084946,0.0,0.0001492337557481897,0.0025331865758700853,0.0,4205.0
-0.02932665481347978,0.15521453685467343,0.0,0.00015728107301002871,0.002511524147277416,0.0,4205.226331267967
-0.028881399887061936,0.16065317389520295,0.0,0.00023548434191769652,0.00229416339638056,0.0,4207.489643947637
-0.02818639676292272,0.16610815946726096,0.0,0.00031737021493234333,0.002051563032542592,0.0,4210.0
-0.02818639676292272,0.16610815946726096,0.0,0.00031737021493234333,0.002051563032542592,0.0,4210.0
-0.028113254119698103,0.16657316307332862,0.0,0.00032454722258339465,0.002029463411360651,0.0,4210.2278854970455
-0.027293739883583603,0.17094567020519033,0.0,0.00039397491438245816,0.001807794507939219,0.0,4212.5067404675
-0.02622181910869675,0.17514923440429228,0.0,0.0004650192655894838,0.0015639191420927043,0.0,4215.0
-0.02622181910869675,0.17514923440429228,0.0,0.0004650192655894838,0.0015639191420927043,0.0,4215.0
-0.026116892043943078,0.1754973389704294,0.0,0.0004711504526647956,0.0015419258922498048,0.0,4215.224160807372
-0.024993849443034444,0.17870677568640875,0.0,0.0005301420344515405,0.0013214129423217166,0.0,4217.46576888109
-0.02357118022109546,0.18173837099517245,0.0,0.0005917070287111565,0.0010708947296928732,0.0,4220.0
-0.02357118022109546,0.18173837099517245,0.0,0.0005917070287111565,0.0010708947296928732,0.0,4220.0
-0.023442627842894498,0.181967730782968,0.0,0.0005967056946434892,0.0010494506353330114,0.0,4220.216341764815
-0.022099307122229732,0.18400580909781497,0.0,0.0006444694559820011,0.00083453602432292,0.0,4222.379759412968
-0.020340700073301507,0.18585029151107288,0.0,0.0006968491356578014,0.0005731434427840895,0.0,4225.0
-0.020340700073301507,0.18585029151107288,0.0,0.0006968491356578014,0.0005731434427840895,0.0,4225.0
-0.020197173239537795,0.18596590452214898,0.0,0.0007006968520828324,0.0005526046471596416,0.0,4225.205397452653
-0.018719923735001528,0.18688974766426722,0.0,0.0007371043571292503,0.00034685313216622636,0.0,4227.259371979188
-0.016639793303685774,0.18746306024401288,0.0,0.0007797512375336619,7.135153896801935e-05,0.0,4230.0
-0.016639793303685774,0.18746306024401288,0.0,0.0007797512375336619,7.135153896801935e-05,0.0,4230.0
-0.01649063233389224,0.18747484906006867,0.0,0.000782465146971744,5.211660682820383e-05,0.0,4230.190960019569
-0.014971757723805294,0.1873905444455934,0.0,0.0008077483252603466,-0.00014048813718957939,0.0,4232.1005602152545
-0.012581645892957143,0.18655829141922706,0.0,0.0008395961488543468,-0.00043374399380232255,0.0,4235.0
-0.012581645892957143,0.18655829141922706,0.0,0.0008395961488543468,-0.00043374399380232255,0.0,4235.0
-0.012417818400879507,0.1864718257559324,0.0,0.0008414487625022586,-0.00045348982584139034,0.0,4235.194910794936
-0.010761057358903283,0.1853953554525657,0.0,0.0008579575010842144,-0.0006511457595261464,0.0,4237.144018744294
-0.00828388962004488,0.18312145371601374,0.0,0.0008754172286777452,-0.0009413343015060689,0.0,4240.0
-0.00828388962004488,0.18312145371601374,0.0,0.0008754172286777452,-0.0009413343015060689,0.0,4240.0
-0.008117839106247261,0.18294116133953403,0.0,0.0008762876097906953,-0.0009606181261786928,0.0,4240.189586668589
-0.006449585234275395,0.18093708236232953,0.0,0.0008829880887138504,-0.0011535707485177626,0.0,4242.08545335448
-0.0038694510201746067,0.17714229652164543,0.0,0.0008860542115883417,-0.0014505102781079361,0.0,4245.0
-0.0038694510201746067,0.17714229652164543,0.0,0.0008860542115883417,-0.0014505102781079361,0.0,4245.0
-0.0037189092998370214,0.17689436891301882,0.0,0.0008859570852163943,-0.001467828946560219,0.0,4245.169910074345
-0.0022154095178642586,0.1742532327363859,0.0,0.000883284665209671,-0.001641040648271397,0.0,4246.869010817799
0.0005323184472046695,0.16861544889162078,0.0,0.0008700829345427644,-0.001960220475445274,0.0,4250.0
0.0005323184472046695,0.16861544889162078,0.0,0.0008700829345427644,-0.001960220475445274,0.0,4250.0
0.0006505804381079822,0.16834794735969444,0.0,0.0008692610581091341,-0.0019740791646738237,0.0,4250.135984317599
0.0018265008760374754,0.16556929687482808,0.0,0.0008598792828987783,-0.0021126313070530525,0.0,4251.495827493586
0.004784063629664882,0.15754128586959731,0.0,0.0008257023867557988,-0.0024692035811960133,0.0,4255.0
0.004784063629664882,0.15754128586959731,0.0,0.0008257023867557988,-0.0024692035811960133,0.0,4255.0
0.004931120548733203,0.157099339462558,0.0,0.0008235677063348519,-0.0024873248631370193,0.0,4255.178328993146
0.006379397817400899,0.15250224825188302,0.0,0.000800043969479415,-0.0026683603377904543,0.0,4256.96161892461
0.008738112556547651,0.1439272414212419,0.0,0.0007505463051811795,-0.0029758716387399725,0.0,4260.0
0.008738112556547651,0.1439272414212419,0.0,0.0007505463051811795,-0.0029758716387399725,0.0,4260.0
0.008887254994689169,0.1433324505241915,0.0,0.0007468733674341035,-0.002995981706869263,0.0,4260.199198053304
0.01033634325649331,0.137164503379722,0.0,0.000707125249782563,-0.0031966645927703537,0.0,4262.191178586343
0.01223290193470913,0.12778992937756528,0.0,0.0006413506812499007,-0.0034780903279177204,0.0,4265.0
0.01223290193470913,0.12778992937756528,0.0,0.0006413506812499007,-0.0034780903279177204,0.0,4265.0
0.01236829309226536,0.1270503272131743,0.0,0.0006359051047431826,-0.003499244441436214,0.0,4265.212001272724
0.013655814439421973,0.11940823137794174,0.0,0.0005775249944639118,-0.003709982622389453,0.0,4267.3320139999605
0.01508708713988702,0.10915887182330208,0.0,0.0004933214632311378,-0.003972720229797266,0.0,4270.0
0.01508708713988702,0.10915887182330208,0.0,0.0004933214632311378,-0.003972720229797266,0.0,4270.0
0.015192923338307332,0.10829788027553956,0.0,0.0004859459850453757,-0.003993864059128369,0.0,4270.216150634186
0.016159913632876506,0.09943764530292973,0.0,0.00040727164738745377,-0.004203891784682662,0.0,4272.377656976049
0.017089012493508415,0.08808384260198861,0.0,0.00029880898124338214,-0.004454517935605585,0.0,4275.0
0.017089012493508415,0.08808384260198861,0.0,0.00029880898124338214,-0.004454517935605585,0.0,4275.0
0.017150724507710966,0.08714720024653438,0.0,0.0002894638758829452,-0.00447433062835626,0.0,4275.209801219903
0.01765562682143274,0.0775538859123974,0.0,0.00018996901617769857,-0.004670040961838663,0.0,4277.307813418934
0.01797577173325978,0.06465184081416386,0.0,4.416384357511802e-05,-0.004912942010172312,0.0,4280.0
0.01797577173325978,0.06465184081416386,0.0,4.416384357511802e-05,-0.004912942010172312,0.0,4280.0
0.01798325835389231,0.06369376628676551,0.0,3.272988543953749e-05,-0.004930048154884598,0.0,4280.194671200153
0.017930553562743746,0.05393284990048974,0.0,-8.929506651036677e-05,-0.005096581227036209,0.0,4282.14138320168
0.01738566823302082,0.03903702971262255,0.0,-0.00029866949139135545,-0.005319748785966661,0.0,4285.0
0.01738566823302082,0.03903702971262255,0.0,-0.00029866949139135545,-0.005319748785966661,0.0,4285.0
0.017331217165082635,0.03808890057910558,0.0,-0.0003131185250917605,-0.005332440524475592,0.0,4285.178015323971
0.016638549759120595,0.02849039633577809,0.0,-0.0004685160396094059,-0.005447494922719839,0.0,4286.958168563677
0.01474964169118876,0.0117134206655903,0.0,-0.0007832147847128336,-0.0055590694732541735,0.0,4290.0
0.01474964169118876,0.0117134206655903,0.0,-0.0007832147847128336,-0.0055590694732541735,0.0,4290.0
0.014636605143136958,0.010919129171311631,0.0,-0.0007991923873369645,-0.005560144940531895,0.0,4290.142867248507
0.013380711170245776,0.002981730280265991,0.0,-0.0009579971243861423,-0.005542597115597059,0.0,4291.571539733579
0.009545168343860396,-0.015687412157093975,0.0,-0.0012503394687995047,-0.005313910616099217,0.0,4295.0
0.009545168343860396,-0.015687412157093975,0.0,-0.0012503394687995047,-0.005313910616099217,0.0,4295.0
0.009356157746882754,-0.016486844021550113,0.0,-0.0012591096713491258,-0.005300155241996881,0.0,4295.150635912524
0.007402055743914825,-0.024363216795299035,0.0,-0.001330769035776864,-0.00515554395056068,0.0,4296.656995037766
0.0027913148678023287,-0.0410325948800188,0.0,-0.0014136530189552234,-0.004815066001209678,0.0,4300.0
0.0027913148678023287,-0.0410325948800188,0.0,-0.0014136530189552234,-0.004815066001209678,0.0,4300.0
0.002583907957864638,-0.041737455931174026,0.0,-0.0014155670803412755,-0.004799948784682741,0.0,4300.146616729498
0.0004974609515064256,-0.048664129792832335,0.0,-0.0014288737000025232,-0.004648746920961508,0.0,4301.612784024483
-0.00435152067240804,-0.06382082410825146,0.0,-0.0014279260450353918,-0.004301200516158875,0.0,4305.0
-0.00435152067240804,-0.06382082410825146,0.0,-0.0014279260450353918,-0.004301200516158875,0.0,4305.0
-0.004575915916224778,-0.06449569742837942,0.0,-0.001427028170374152,-0.004285167164537033,0.0,4305.1571964931345
-0.006810234307179914,-0.07110610011554237,0.0,-0.0014146994723425574,-0.0041253641406472944,0.0,4306.72916142448
-0.011374031412149273,-0.08405969419581495,0.0,-0.0013725636623147268,-0.0037959960451398,0.0,4310.0
-0.011374031412149273,-0.08405969419581495,0.0,-0.0013725636623147268,-0.0037959960451398,0.0,4310.0
-0.011627907663822325,-0.08476086117218372,0.0,-0.0013696048939146799,-0.0037774772445097232,0.0,4310.1851639671295
-0.0141346547540411,-0.09158439934858419,0.0,-0.0013371478403808,-0.003593002676578389,0.0,4312.036803638424
-0.018008398724611723,-0.1017968460099907,0.0,-0.0012756060681086963,-0.003300369537459255,0.0,4315.0
-0.018008398724611723,-0.1017968460099907,0.0,-0.0012756060681086963,-0.003300369537459255,0.0,4315.0
-0.01826575031376318,-0.10246188216796491,0.0,-0.0012710184788893846,-0.0032805226253310167,0.0,4315.202111316356
-0.02078654885536697,-0.10889214824952086,0.0,-0.0012227350378691939,-0.003082792080264824,0.0,4317.223224479921
-0.02408232867488401,-0.1170775570454464,0.0,-0.0011499081139677357,-0.002813218399114257,0.0,4320.0
-0.02408232867488401,-0.1170775570454464,0.0,-0.0011499081139677357,-0.002813218399114257,0.0,4320.0
-0.024327774464385908,-0.11767736459606168,0.0,-0.0011440037974688928,-0.002792541231043713,0.0,4320.213996969926
-0.026711188137625696,-0.12343261172547221,0.0,-0.0010829080278112442,-0.002586484587198745,0.0,4322.353966669181
-0.02947144203431655,-0.12994131493191804,0.0,-0.0010025917778239822,-0.0023334139348923587,0.0,4325.0
-0.02947144203431655,-0.12994131493191804,0.0,-0.0010025917778239822,-0.0023334139348923587,0.0,4325.0
-0.0296927527506234,-0.13045584296110938,0.0,-0.0009956395006263975,-0.0023123135568454633,0.0,4325.221506000212
-0.03181979250565045,-0.1353445796647651,0.0,-0.0009243651662068534,-0.0021019752834733067,0.0,4327.4365660023295
-0.03407967244333103,-0.14042238897831902,0.0,-0.0008381678008401832,-0.001859998706191412,0.0,4330.0
-0.03407967244333103,-0.14042238897831902,0.0,-0.0008381678008401832,-0.001859998706191412,0.0,4330.0
-0.03426676948005583,-0.14083713586199448,0.0,-0.0008304434773128478,-0.001838903134348891,0.0,4330.224254174839
-0.03604130728342408,-0.14472488132785255,0.0,-0.000751732296939202,-0.001628541663435227,0.0,4332.466795923231
-0.03782980985923465,-0.14855063322915457,0.0,-0.0006598062123316063,-0.0013921549818692355,0.0,4335.0
-0.03782980985923465,-0.14855063322915457,0.0,-0.0006598062123316063,-0.0013921549818692355,0.0,4335.0
-0.03797552413051324,-0.14885770956256913,0.0,-0.0006515931788727042,-0.0013714802039064987,0.0,4335.222226514817
-0.03933134975769225,-0.1516761722166693,0.0,-0.0005682713346364819,-0.0011652385201042933,0.0,4337.444491662983
-0.040658477615540055,-0.15435204967143054,0.0,-0.00046994155625973487,-0.0009291510037737077,0.0,4340.0
-0.040658477615540055,-0.15435204967143054,0.0,-0.00046994155625973487,-0.0009291510037737077,0.0,4340.0
-0.04075912996940586,-0.15455070555849273,0.0,-0.00046150545520956185,-0.0009092375568243836,0.0,4340.216119735187
-0.041664669999564405,-0.15630087289824443,0.0,-0.0003762168586057165,-0.0007105120408514175,0.0,4342.377317087057
-0.042513352826410306,-0.15784909633096392,0.0,-0.0002706025689345727,-0.00047029367886611615,0.0,4345.0
-0.042513352826410306,-0.15784909633096392,0.0,-0.0002706025689345727,-0.00047029367886611615,0.0,4345.0
-0.0425683935006309,-0.15794431417696028,0.0,-0.0002621869631533128,-0.00045141247969563374,0.0,4345.206612367773
-0.04302267068778348,-0.15868215834624322,0.0,-0.00017734918106601996,-0.0002629100674824856,0.0,4347.272736045506
-0.043351686208049606,-0.15906077727083004,0.0,-6.361838641232663e-05,-1.488808903756043e-05,0.0,4350.0
-0.043351686208049606,-0.15906077727083004,0.0,-6.361838641232663e-05,-1.488808903756043e-05,0.0,4350.0
-0.04336320281018406,-0.15906195901940381,0.0,-5.548201071268778e-05,2.666072306071193e-06,0.0,4350.1933908448955
-0.043391515454732625,-0.15888720640960136,0.0,2.6335962220882783e-05,0.00017799609704291782,0.0,4352.12729929385
-0.04313969872525341,-0.15800253893937227,0.0,0.00014922867149978872,0.0004378002331220317,0.0,4355.0
-0.04313969872525341,-0.15800253893937227,0.0,0.00014922867149978872,0.0004378002331220317,0.0,4355.0
-0.04310821865795333,-0.15791093951921986,0.0,0.00015805037449665024,0.0004563041314650247,0.0,4355.204896363569
-0.04269375819534455,-0.15678653715621796,0.0,0.00024660293684815483,0.0006411817534439812,0.0,4357.253859999258
-0.041852694645023815,-0.15468597553387756,0.0,0.00036606374459165235,0.0008885847569112399,0.0,4360.0
-0.041852694645023815,-0.15468597553387756,0.0,0.00036606374459165235,0.0008885847569112399,0.0,4360.0
-0.04177317744198224,-0.15449332093876134,0.0,0.0003754237909729993,0.0009078925461333191,0.0,4360.214480376392
-0.040867472056577564,-0.15233907515324666,0.0,0.00046917278594560185,0.0011008905409171533,0.0,4362.359284140314
-0.039475905386805135,-0.14911832268946526,0.0,0.0005847608457898573,0.0013384040455532331,0.0,4365.0
-0.039475905386805135,-0.14911832268946526,0.0,0.0005847608457898573,0.0013384040455532331,0.0,4365.0
-0.03934566386289624,-0.14882047455811928,0.0,0.0005944275569197909,0.0013582715669931038,0.0,4365.2209002343225
-0.037925892927325094,-0.1456005866383508,0.0,0.000690965350013993,0.001556985616291525,0.0,4367.429902577547
-0.036006254985930464,-0.1413016924500987,0.0,0.0008027244923959242,0.0017883801741972697,0.0,4370.0
-0.036006254985930464,-0.1413016924500987,0.0,0.0008027244923959242,0.0017883801741972697,0.0,4370.0
-0.03582575638629677,-0.14089972060417663,0.0,0.0008124003981022232,0.0018085196220949521,0.0,4370.22351020377
-0.03390221821547207,-0.13663227854201304,0.0,0.0009086371343574448,0.0020101104185978043,0.0,4372.458612241473
-0.031455499551056594,-0.13123197289134383,0.0,0.0010165427844214684,0.002239895425370719,0.0,4375.0
-0.031455499551056594,-0.13123197289134383,0.0,0.0010165427844214684,0.002239895425370719,0.0,4375.0
-0.031229505370328283,-0.13073405710748476,0.0,0.0010258412945391804,0.0022599414816675168,0.0,4375.22130397716
-0.02885718466122109,-0.12551061194651736,0.0,0.0011177671219041662,0.002460788090945127,0.0,4377.434343748755
-0.025855694953704274,-0.11889729106536297,0.0,0.0012213686227737469,0.002694689654460105,0.0,4380.0
-0.025855694953704274,-0.11889729106536297,0.0,0.0012213686227737469,0.002694689654460105,0.0,4380.0
-0.0255936339969435,-0.11831901524406631,0.0,0.0012298265855824376,0.002714243595160277,0.0,4380.213822568231
-0.02287486252521629,-0.1123058655037523,0.0,0.0013126223123510715,0.002910370471863132,0.0,4382.352048250542
-0.019269067743641517,-0.10427597867139737,0.0,0.0014096919069157621,0.0031549513661155095,0.0,4385.0
-0.019269067743641517,-0.10427597867139737,0.0,0.0014096919069157621,0.0031549513661155095,0.0,4385.0
-0.018984765297358507,-0.10363941447585365,0.0,0.0014167674153400642,0.0031736201661468986,0.0,4385.201171595003
-0.01606537637386867,-0.09706668938361153,0.0,0.0014847333478103539,0.003361059557498522,0.0,4387.212887545033
-0.011807205836470677,-0.08733441476328152,0.0,0.0015685995033447653,0.0036232095895966307,0.0,4390.0
-0.011807205836470677,-0.08733441476328152,0.0,0.0015685995033447653,0.0036232095895966307,0.0,4390.0
-0.011520710473869029,-0.08667213450037908,0.0,0.0015735768485978985,0.003640467465053536,0.0,4390.182354049949
-0.008608474558489095,-0.07987578118404755,0.0,0.0016191251509316753,0.003813769656646049,0.0,4392.005894549439
-0.0036726918889747094,-0.06802786028168561,0.0,0.0016727770378980008,0.004100826560469152,0.0,4395.0
-0.0036726918889747094,-0.06802786028168561,0.0,0.0016727770378980008,0.004100826560469152,0.0,4395.0
-0.003423745649782502,-0.0674168336086141,0.0,0.0016745804233215494,0.00411514191060944,0.0,4395.148741248291
-0.000922418504423738,-0.06118943691340715,0.0,0.0016869478900246007,0.004258295168020277,0.0,4396.636153731202
0.0047378549358305724,-0.04632572543292598,0.0,0.0016647568133393929,0.004576649035772553,0.0,4400.0
0.0047378549358305724,-0.04632572543292598,0.0,0.0016647568133393929,0.004576649035772553,0.0,4400.0
0.004993834934006424,-0.04562025472138741,0.0,0.001661592021359357,0.004590726875741044,0.0,4400.153908770616
0.007519836954085912,-0.038449014089493964,0.0,0.001616701817225249,0.004726278301944918,0.0,4401.692996476776
0.012589078048482543,-0.02241200278684792,0.0,0.001427570596730004,0.004951820752320106,0.0,4405.0
0.012589078048482543,-0.02241200278684792,0.0,0.001427570596730004,0.004951820752320106,0.0,4405.0
0.0128191100100275,-0.021610029478306914,0.0,0.0014151973964040964,0.004959147351669754,0.0,4405.161834336333
0.01500296152038805,-0.01353910745704801,0.0,0.0012809842418038122,0.005007450364452683,0.0,4406.780177699668
0.018670755653455776,0.0025727393495647583,0.0,0.0009990622578332998,0.004974821704712455,0.0,4410.0
0.018670755653455776,0.0025727393495647583,0.0,0.0009990622578332998,0.004974821704712455,0.0,4410.0
0.018783777926778884,0.0031380306424694483,0.0,0.0009895004510565206,0.004971095852164732,0.0,4410.113672759121
0.019855265150214924,0.008764719308554523,0.0,0.0008965407706641794,0.0049266208685364195,0.0,4411.250400350332
0.02269266822770136,0.026862879647718215,0.0,0.0006259405559373662,0.004712980691741941,0.0,4415.0
0.02269266822770136,0.026862879647718215,0.0,0.0006259405559373662,0.004712980691741941,0.0,4415.0
0.022799315008043983,0.027672102750469538,0.0,0.0006147968427778077,0.004701440594442774,0.0,4415.171911031918
0.023763633813250525,0.03565167498128277,0.0,0.0005086399618147491,0.004580299055134839,0.0,4416.8910213511
0.02507317483847968,0.04952541111561347,0.0,0.00033795338384998944,0.0043410449167860425,0.0,4420.0
0.02507317483847968,0.04952541111561347,0.0,0.00033795338384998944,0.0043410449167860425,0.0,4420.0
0.02513780991670814,0.05036644367685811,0.0,0.00032809907171955536,0.004325443699503086,0.0,4420.194088180382
0.02568202557749312,0.058607945626015095,0.0,0.0002340005670520775,0.004166144972133805,0.0,4422.134969984203
0.02616878219300149,0.07019670912017845,0.0,0.0001081913617741848,0.003922128445546776,0.0,4425.0
0.02616878219300149,0.07019670912017845,0.0,0.0001081913617741848,0.003922128445546776,0.0,4425.0
0.02619032971540029,0.07100819484206508,0.0,9.963208968717254e-05,0.003904127038630716,0.0,4425.207375041409
0.02631080872050699,0.07891621952907145,0.0,1.7620308171897395e-05,0.0037220639290634983,0.0,4427.281125455502
0.02622256745109668,0.08870613375284596,0.0,-8.094127212736202e-05,0.0034785735527324653,0.0,4430.0
0.02622256745109668,0.08870613375284596,0.0,-8.094127212736202e-05,0.0034785735527324653,0.0,4430.0
0.02620413860652131,0.08946096967758126,0.0,-8.842304625860014e-05,0.0034588826236667263,0.0,4430.217611589591
0.025932608181076795,0.09677257344410452,0.0,-0.00016024181607816122,0.0032605753069547025,0.0,4432.3937274855
0.02541006455668268,0.10495783783242033,0.0,-0.00023959704819236972,0.003020145218003074,0.0,4435.0
0.02541006455668268,0.10495783783242033,0.0,-0.00023959704819236972,0.003020145218003074,0.0,4435.0
0.025355078636587272,0.10563917681589445,0.0,-0.00024616682347940573,0.002999127818781743,0.0,4435.22638568127
0.024725514212009667,0.11219005568629915,0.0,-0.00030923753481052667,0.002787934764316619,0.0,4437.490242493966
0.023867161677759208,0.11889125652306447,0.0,-0.00037388554886071275,0.002551871546871486,0.0,4440.0
0.023867161677759208,0.11889125652306447,0.0,-0.00037388554886071275,0.002551871546871486,0.0,4440.0
0.02378061536966252,0.11947502888509148,0.0,-0.00037953842981678634,0.0025301714750887074,0.0,4440.229739136633
0.022845589672376276,0.1250379486615261,0.0,-0.00043376000540178584,0.002312422472617269,0.0,4442.527130502961
0.02170541973545352,0.13046504606898332,0.0,-0.0004876279869909578,0.002076668564790553,0.0,4445.0
0.02170541973545352,0.13046504606898332,0.0,-0.0004876279869909578,0.002076668564790553,0.0,4445.0
0.021593875226083054,0.13093530786768556,0.0,-0.0004923605615244612,0.0020549010721181648,0.0,4445.227643072181
0.020420792058299886,0.13536495099910212,0.0,-0.0005376661971499803,0.0018366829041333672,0.0,4447.504073793994
0.019021068568865755,0.13964951105385515,0.0,-0.0005832384100223709,0.001596391548263192,0.0,4450.0
0.019021068568865755,0.13964951105385515,0.0,-0.0005832384100223709,0.001596391548263192,0.0,4450.0
0.018891542739437106,0.14000050991732144,0.0,-0.0005870781491193205,0.0015750340042618113,0.0,4450.221350759943
0.0175509138451571,0.14325018285648725,0.0,-0.0006237039394616605,0.0013610720652606832,0.0,4452.434858359369
0.015900769712054102,0.14642265551274775,0.0,-0.0006621851676273353,0.0011123205472222694,0.0,4455.0
0.015900769712054102,0.14642265551274775,0.0,-0.0006621851676273353,0.0011123205472222694,0.0,4455.0
0.015759927384163507,0.14665651655704606,0.0,-0.0006651814259556042,0.0010917067284416623,0.0,4455.212212396317
0.014317696229482322,0.148754329214493,0.0,-0.0006935788173259431,0.000885302479224168,0.0,4457.3343363594895
0.012425660944428919,0.1507680015578505,0.0,-0.000725239026120629,0.0006254137153226205,0.0,4460.0
0.012425660944428919,0.1507680015578505,0.0,-0.000725239026120629,0.0006254137153226205,0.0,4460.0
0.012279842023347264,0.15089159090861404,0.0,-0.0007274440040698074,0.0006058160329150253,0.0,4460.200757488351
0.010798283630380663,0.15191097149847874,0.0,-0.0007481022430754142,0.00040966793494353606,0.0,4462.208332371861
0.008674483407426012,0.15267338240313943,0.0,-0.0007726023692960915,0.00013645709034999575,0.0,4465.0
0.008674483407426012,0.15267338240313943,0.0,-0.0007726023692960915,0.00013645709034999575,0.0,4465.0
0.008530336261845121,0.1526971159841916,0.0,-0.0007740625601870627,0.00011819894936739147,0.0,4465.186396933771
0.0070746958690272,0.15274720988527649,0.0,-0.000787435554408754,-6.447651235472269e-05,0.0,4467.050366271481
0.00472626244051888,0.15213035231363017,0.0,-0.0008039631905405818,-0.0003538318927837883,0.0,4470.0
0.00472626244051888,0.15213035231363017,0.0,-0.0008039631905405818,-0.0003538318927837883,0.0,4470.0
0.0045849416904140345,0.15206667211007546,0.0,-0.0008047656472410605,-0.0003710752242732917,0.0,4470.175692065256
0.00316468682661758,0.15126322494461544,0.0,-0.0008116383267410555,-0.0005435422023383554,0.0,4471.9326127178165
0.0006628646467624275,0.14913406520045822,0.0,-0.0008184921812933046,-0.0008447164213065016,0.0,4475.0
0.0006628646467624275,0.14913406520045822,0.0,-0.0008184921812933046,-0.0008447164213065016,0.0,4475.0
0.0005484126807804569,0.14901499766202544,0.0,-0.0008186442151608958,-0.0008584441833638293,0.0,4475.139819504786
-0.0005968903212668499,0.14771876150914537,0.0,-0.0008193743119747134,-0.0009957070485711443,0.0,4476.538014552645
-0.003428296855960061,0.14368360134791677,0.0,-0.0008147856774659692,-0.0013353453920681797,0.0,4480.0
-0.003428296855960061,0.14368360134791677,0.0,-0.0008147856774659692,-0.0013353453920681797,0.0,4480.0
-0.0035663854701324105,0.14345581585616266,0.0,-0.0008143169998335233,-0.001351963814856589,0.0,4480.16952680362
-0.004942132533243524,0.14102306549856714,0.0,-0.0008083290873921681,-0.0015180540385272912,0.0,4481.864794839821
-0.007451116896331059,0.13578283641955224,0.0,-0.000790743484134472,-0.001824626437597835,0.0,4485.0
-0.007451116896331059,0.13578283641955224,0.0,-0.000790743484134472,-0.001824626437597835,0.0,4485.0
-0.0076030160462418565,0.13543022510071415,0.0,-0.0007893741498411383,-0.0018433945958134237,0.0,4485.192262393338
-0.009106235301188847,0.13170581555300265,0.0,-0.000773750173185408,-0.002030823777234589,0.0,4487.114886326716
-0.011296824692616681,0.12544210414732643,0.0,-0.0007433530490938132,-0.00231102641787312,0.0,4490.0
-0.011296824692616681,0.12544210414732643,0.0,-0.0007433530490938132,-0.00231102641787312,0.0,4490.0
-0.011450293585048708,0.12496210209968546,0.0,-0.0007408302972751487,-0.0023310516719510796,0.0,4490.206804748604
-0.012954377634112096,0.119934680881339,0.0,-0.0007129450794203198,-0.0025307800449977033,0.0,4492.27485223464
-0.014838584817221372,0.11268119207261919,0.0,-0.0006683216582922526,-0.0027922184626720187,0.0,4495.0
-0.014838584817221372,0.11268119207261919,0.0,-0.0006683216582922526,-0.0027922184626720187,0.0,4495.0
-0.014982653027620968,0.1120752673446339,0.0,-0.0006643639972418718,-0.0028128566737302208,0.0,4495.216205640269
-0.016373589681037318,0.10577133921149656,0.0,-0.0006212099517891086,-0.003018247240167396,0.0,4497.378262042964
-0.01792365832952123,0.09753483355472284,0.0,-0.0005594420454497375,-0.0032643901410555256,0.0,4500.0
-0.01792365832952123,0.09753483355472284,0.0,-0.0005594420454497375,-0.0032643901410555256,0.0,4500.0
-0.018045722415669253,0.09681671320014539,0.0,-0.0005537584789312167,-0.003284802327126961,0.0,4500.219300261585
-0.019194230336056654,0.08939065235630075,0.0,-0.0004922084356613299,-0.003487131209456999,0.0,4502.412302877435
-0.020361299628446062,0.08006338905139218,0.0,-0.00040747211903376595,-0.0037207344184153417,0.0,4505.0
-0.020361299628446062,0.08006338905139218,0.0,-0.00040747211903376595,-0.0037207344184153417,0.0,4505.0
-0.020447707946081594,0.07926486199273176,0.0,-0.00039980776489126064,-0.003739750472203853,0.0,4505.214068157998
-0.021217104497885497,0.07105801622212309,0.0,-0.0003171545874331613,-0.003926739998815717,0.0,4507.354749737974
-0.02190312562676311,0.06037564965087373,0.0,-0.00019818369081502465,-0.004147726281424204,0.0,4510.0
-0.02190312562676311,0.06037564965087373,0.0,-0.00019818369081502465,-0.004147726281424204,0.0,4510.0
-0.021941938451362886,0.05954098646938606,0.0,-0.00018829751803912644,-0.004163926429929749,0.0,4510.200841315545
-0.022215768035308045,0.05101929437851394,0.0,-8.210260016710461e-05,-0.004320230308928036,0.0,4512.209254470999
-0.022211709162931116,0.03868397789843607,0.0,9.012534196876531e-05,-0.004514624368446338,0.0,4515.0
-0.022211709162931116,0.03868397789843607,0.0,9.012534196876531e-05,-0.004514624368446338,0.0,4515.0
-0.022194116478342202,0.037858164135445994,0.0,0.00010249816485476063,-0.004526133728248196,0.0,4515.182686248129
-0.021888840136805233,0.02949113008822658,0.0,0.00023411763026397924,-0.0046303543860368715,0.0,4517.009548729423
-0.020830438914952426,0.01545441074213167,0.0,0.00047939946726437843,-0.004742925328219781,0.0,4520.0
-0.020830438914952426,0.01545441074213167,0.0,0.00047939946726437843,-0.004742925328219781,0.0,4520.0
-0.020755048278559386,0.014718663249068186,0.0,0.0004929482816080088,-0.004746202019753406,0.0,4520.155070885387
-0.019884217357226352,0.0073424832879402805,0.0,0.0006306605411517057,-0.004761677506685597,0.0,4521.705779739262
-0.01733511976195653,-0.008250941107071919,0.0,0.0009094461140556707,-0.004678873437967856,0.0,4525.0
-0.01733511976195653,-0.008250941107071919,0.0,0.0009094461140556707,-0.004678873437967856,0.0,4525.0
-0.017207974115333972,-0.00890084705671193,0.0,0.0009199142403849699,-0.004672001408462176,0.0,4525.139003694417
-0.01586071018861871,-0.015341104051828803,0.0,0.0010157751372449296,-0.004590677455727586,0.0,4526.529040638584
-0.012019732749446933,-0.030822226080679527,0.0,0.001179728295145794,-0.0043170434970878115,0.0,4530.0
-0.012019732749446933,-0.030822226080679527,0.0,0.001179728295145794,-0.0043170434970878115,0.0,4530.0
-0.01181366797555636,-0.03157316960849295,0.0,0.001185271547490912,-0.004301638774468985,0.0,4530.174259116753
-0.009707329929088133,-0.038931876710440946,0.0,0.0012287156591290396,-0.004142776216203987,0.0,4531.916850284284
-0.005855772194166672,-0.051254886166090884,0.0,0.0012615944748999707,-0.003849325386352049,0.0,4535.0
-0.005855772194166672,-0.051254886166090884,0.0,0.0012615944748999707,-0.003849325386352049,0.0,4535.0
-0.005644106752016444,-0.051899225210266624,0.0,0.0012620739975081395,-0.0038331296729081305,0.0,4535.1677429528845
-0.0035266219154892996,-0.05819283259816206,0.0,0.001260856176575557,-0.0036705984414068128,0.0,4536.84517248173
0.0004164446442247345,-0.0692892864717051,0.0,0.001234197237523532,-0.0033639839806048383,0.0,4540.0
0.0004164446442247345,-0.0692892864717051,0.0,0.001234197237523532,-0.0033639839806048383,0.0,4540.0
0.00057040795669153,-0.06970844906941127,0.0,0.001232604560395288,-0.003351860179448661,0.0,4540.124827975459
0.0020982697561470797,-0.07381688366374167,0.0,0.0012147850960611535,-0.0032307288243627946,0.0,4541.37310773005
0.006387093204696315,-0.0848980997627535,0.0,0.001146570156578382,-0.002880263333693113,0.0,4545.0
0.006387093204696315,-0.0848980997627535,0.0,0.001146570156578382,-0.002880263333693113,0.0,4545.0
0.006587450616263027,-0.08540077220977038,0.0,0.001142762458356635,-0.002863413123434689,0.0,4545.17503511553
0.008553015312645065,-0.09026548703039407,0.0,0.0011025092286683184,-0.0026952474459920397,0.0,4546.9253862708265
0.011823914943650331,-0.09809998439899478,0.0,0.0010236070577422196,-0.0024013005110838535,0.0,4550.0
0.011823914943650331,-0.09809998439899478,0.0,0.0010236070577422196,-0.0024013005110838535,0.0,4550.0
0.012025110238814349,-0.0985713581526686,0.0,0.0010182525851600436,-0.0023825184541673232,0.0,4550.197070111197
0.01397783285816591,-0.10308177725502224,0.0,0.0009630037470612627,-0.0021950683856836995,0.0,4552.167771223165
0.01658739468355135,-0.10891846971094798,0.0,0.0008789332279278984,-0.001926757221834861,0.0,4555.0
0.01658739468355135,-0.10891846971094798,0.0,0.0008789332279278984,-0.001926757221834861,0.0,4555.0
0.016771674317761064,-0.10932182751949585,0.0,0.0008725067205187218,-0.0019068663736835322,0.0,4555.210431673479
0.018539181890441216,-0.11312542987640481,0.0,0.0008070270132024084,-0.001708274168271914,0.0,4557.314748408274
0.02059099866104421,-0.1173731586343277,0.0,0.0007207281036160907,-0.0014556004569805426,0.0,4560.0
0.02059099866104421,-0.1173731586343277,0.0,0.0007207281036160907,-0.0014556004569805426,0.0,4560.0
0.020746298740665706,-0.11768614782022144,0.0,0.0007136635695684139,-0.0014352544370519905,0.0,4560.216537513393
0.022214561697921967,-0.12057390182368947,0.0,0.0006422392002516108,-0.0012320204482044851,0.0,4562.38191264732
0.023781218555196486,-0.12347829114399367,0.0,0.0005543056838550666,-0.00098676615673339,0.0,4565.0
0.023781218555196486,-0.12347829114399367,0.0,0.0005543056838550666,-0.00098676615673339,0.0,4565.0
0.02389982790664889,-0.12368866370509846,0.0,0.0005470156564111595,-0.0009666054368389409,0.0,4565.215394355542
0.024999235336010728,-0.12555365186924672,0.0,0.00047369775989150153,-0.0007651280606128035,0.0,4567.3693379109645
0.0261267011058317,-0.1272430638041301,0.0,0.00038335746573429783,-0.0005193099233613775,0.0,4570.0
0.0261267011058317,-0.1272430638041301,0.0,0.00038335746573429783,-0.0005193099233613775,0.0,4570.0
0.02620569776349633,-0.127349064027621,0.0,0.0003761927233999718,-0.0004998795178894564,0.0,4570.2080089076435
0.026913586476151417,-0.12818680816224504,0.0,0.0003044025797600581,-0.0003056213345034501,0.0,4572.288097984078
0.027611933586972278,-0.12867229153514806,0.0,0.00021060745740043363,-5.242176438853671e-05,0.0,4575.0
0.027611933586972278,-0.12867229153514806,0.0,0.00021060745740043363,-5.242176438853671e-05,0.0,4575.0
0.027652373811305385,-0.12868074341733446,0.0,0.0002038610893418943,-3.420083885839142e-05,0.0,4575.195142585199
0.027984396907163516,-0.12856968958874815,0.0,0.0001364446635543112,0.00014802540889887107,0.0,4577.146568437193
0.028233427455462624,-0.12776703230370814,0.0,3.818929875543254e-05,0.00041459559649669115,0.0,4580.0
0.028233427455462624,-0.12776703230370814,0.0,3.818929875543254e-05,0.00041459559649669115,0.0,4580.0
0.028240519814941613,-0.127680289799929,0.0,3.117155640158133e-05,0.0004337094918953211,0.0,4580.20450785003
0.02823265927097384,-0.12659781999432623,0.0,-3.878943714085435e-05,0.000624924417808526,0.0,4582.249586350325
0.02799740473160584,-0.12452507565123544,0.0,-0.00013211388926717604,0.000882357428068444,0.0,4585.0
0.02799740473160584,-0.12452507565123544,0.0,-0.00013211388926717604,0.000882357428068444,0.0,4585.0
0.02796832491573628,-0.12433387917785113,0.0,-0.00013933963033011342,0.0009024264634904118,0.0,4585.214251728319
0.02759267753567594,-0.12218531909238717,0.0,-0.00021119379457023844,0.0011032589400525345,0.0,4587.356769011511
0.02691849965314018,-0.11894126958862633,0.0,-0.0002986941965803457,0.0013514307726595182,0.0,4590.0
0.02691849965314018,-0.11894126958862633,0.0,-0.0002986941965803457,0.0013514307726595182,0.0,4590.0
0.02685157747458191,-0.11863981906160344,0.0,-0.0003059593517278773,0.0013722358148127326,0.0,4590.2213564589
0.02609437074120834,-0.11537185671609211,0.0,-0.00037800294118664837,0.001580500276462534,0.0,4592.434921047901
0.025019274745133328,-0.11100766829903103,0.0,-0.00045996132068555845,0.0018223731245842363,0.0,4595.0
0.025019274745133328,-0.11100766829903103,0.0,-0.00045996132068555845,0.0018223731245842363,0.0,4595.0
0.024915279204359833,-0.11059641122233188,0.0,-0.00046704868947551435,0.001843558135197333,0.0,4595.224367093639
0.023788508280445066,-0.10622218845857444,0.0,-0.0005370933554941778,0.002055697660669467,0.0,4597.468038030025
0.02233057806620224,-0.10071345875360367,0.0,-0.0006141542355723848,0.0022957841280131586,0.0,4600.0
0.02233057806620224,-0.10071345875360367,0.0,-0.0006141542355723848,0.0022957841280131586,0.0,4600.0
0.02219332905311772,-0.10020082740961628,0.0,-0.0006208152349780683,0.0023168960051298043,0.0,4600.222270544612
0.0207402321877928,-0.0948161411983768,0.0,-0.000686354979163373,0.0025283818324349744,0.0,4602.444975990732
0.01889307571394699,-0.0880445616896006,0.0,-0.0007590392829992801,0.0027723887593502088,0.0,4605.0
0.01889307571394699,-0.0880445616896006,0.0,-0.0007590392829992801,0.0027723887593502088,0.0,4605.0
0.018729254005922038,-0.08744634125652877,0.0,-0.0007650196150134041,0.0027929648384557903,0.0,4605.214980257178
0.01702133699312096,-0.0812205107471171,0.0,-0.0008234612366692929,0.002999177906650906,0.0,4607.364782828953
0.014760974481521496,-0.07298264866200957,0.0,-0.0008912767693900466,0.003253200326991531,0.0,4610.0
0.014760974481521496,-0.07298264866200957,0.0,-0.0008912767693900466,0.003253200326991531,0.0,4610.0
0.014579318392783156,-0.07231947044565895,0.0,-0.0008963173668352903,0.00327285225227734,0.0,4610.203240281406
0.012707678621508739,-0.06546761761731645,0.0,-0.0009449118422712462,0.003469937984059823,0.0,4612.235643095462
0.010011087608276877,-0.05550288097057969,0.0,-0.0010046801795892822,0.0037399098143991666,0.0,4615.0
0.010011087608276877,-0.05550288097057969,0.0,-0.0010046801795892822,0.0037399098143991666,0.0,4615.0
0.009822647318012002,-0.0548009999328522,0.0,-0.0010084185000309193,0.003758282683855631,0.0,4615.187213448901
0.007901539031303646,-0.04759251762082689,0.0,-0.0010429990914882664,0.003942775618716614,0.0,4617.059347937914
0.004770118516490047,-0.03556820910871954,0.0,-0.0010831479745953387,0.004236017768104092,0.0,4620.0
0.004770118516490047,-0.03556820910871954,0.0,-0.0010831479745953387,0.004236017768104092,0.0,4620.0
0.004592108022206411,-0.0348711764082526,0.0,-0.0010846717607585097,0.004252545401702927,0.0,4620.16422872458
0.002801870769033932,-0.02775095933477874,0.0,-0.0010932431361416128,0.004418879102692108,0.0,4621.806515970385
-0.0006321753242738933,-0.013120277994534149,0.0,-0.001025407734822805,0.004738293611192151,0.0,4625.0
-0.0006321753242738933,-0.013120277994534149,0.0,-0.001025407734822805,0.004738293611192151,0.0,4625.0
-0.0007648813598945426,-0.012503688806476497,0.0,-0.0010163962854316114,0.004749094809057714,0.0,4625.129979279407
-0.0020068079816991553,-0.0062886404723619515,0.0,-0.0008866850331632668,0.004789415359188348,0.0,4626.429772073478
-0.00447266700609906,0.00917310219819646,0.0,-0.0006342343792193312,0.00455761364166794,0.0,4629.728328037388
-0.004642839341386387,0.010408085853104418,0.0,-0.0006186159577584556,0.004534074098173111,0.0,4630.0
-0.004642839341386387,0.010408085853104418,0.0,-0.0006186159577584556,0.004534074098173111,0.0,4630.0
-0.00473189036206668,0.011064198065906982,0.0,-0.0006104642513209311,0.004521422389994802,0.0,4630.144909004481
-0.005560248837137264,0.01752307027269369,0.0,-0.0005343006388970755,0.004392250724104401,0.0,4631.593999049288
-0.0071110631503529115,0.03195027989913609,0.0,-0.00038115032678854427,0.004077505872640112,0.0,4635.0
-0.0071110631503529115,0.03195027989913609,0.0,-0.00038115032678854427,0.004077505872640112,0.0,4635.0
-0.007179307518260104,0.03268598218048432,0.0,-0.00037375070242642096,0.004060523102659522,0.0,4635.180805932783
-0.007790191156567332,0.039873435349583645,0.0,-0.00030289997697824193,0.003889635174375831,0.0,4636.988865260615
-0.00853790544254424,0.05115296394516248,0.0,-0.00019580737972674388,0.003601626928387611,0.0,4640.0
-0.00853790544254424,0.05115296394516248,0.0,-0.00019580737972674388,0.003601626928387611,0.0,4640.0
-0.008576637794755955,0.05187592196345278,0.0,-0.00018907616034845057,0.0035822515710459894,0.0,4640.201272275012
-0.008891337150538168,0.058890502163437844,0.0,-0.0001244244941286978,0.0033877775704717478,0.0,4642.213995025136
-0.009121758411809781,0.06795171658009372,0.0,-4.236568397327577e-05,0.003116695593477914,0.0,4645.0
-0.009121758411809781,0.06795171658009372,0.0,-4.236568397327577e-05,0.003116695593477914,0.0,4645.0
-0.009130215177632697,0.06861899294604115,0.0,-3.637546048495265e-05,0.00309571279464025,0.0,4645.214820446886
-0.009145915067006636,0.07504341230196315,0.0,2.100177500474059e-05,0.002885319651435285,0.0,4647.363024915744
-0.009004209783587963,0.08231002323860562,0.0,8.538946736385804e-05,0.0026257855589374517,0.0,4650.0
-0.009004209783587963,0.08231002323860562,0.0,8.538946736385804e-05,0.0026257855589374517,0.0,4650.0
-0.008984558948398969,0.08289409824586269,0.0,9.054715615905288e-05,0.002603742248065944,0.0,4650.2233757493395
-0.008726626156825769,0.08846367141961063,0.0,0.0001396479314815773,0.00238285337285606,0.0,4652.457133242735
-0.00830607888793295,0.09420226389682676,0.0,0.00019017925074532686,0.002130475899705169,0.0,4655.0
-0.00830607888793295,0.09420226389682676,0.0,0.00019017925074532686,0.002130475899705169,0.0,4655.0
-0.00826295937319392,0.09467753996608345,0.0,0.0001943661197843887,0.0021081754135362806,0.0,4655.22425810015
-0.0077819788577432845,0.09915496494157265,0.0,0.0002338736003870603,0.0018848212460018487,0.0,4657.466839101651
-0.007138342824263367,0.10360923264935094,0.0,0.0002733999299137741,0.0016318304082320366,0.0,4660.0
-0.007138342824263367,0.10360923264935094,0.0,0.0002733999299137741,0.0016318304082320366,0.0,4660.0
-0.007078518534398696,0.10396189043293945,0.0,0.0002765444843491302,0.001610070849449666,0.0,4660.217562270289
-0.006444288823110548,0.10722790606065363,0.0,0.0003058372748240633,0.0013922300833417176,0.0,4662.393184973178
-0.005606745566662384,0.11051641210128105,0.0,0.00033581616059623115,0.0011306886653715954,0.0,4665.0
-0.005606745566662384,0.11051641210128105,0.0,0.00033581616059623115,0.0011306886653715954,0.0,4665.0
-0.005537184316779885,0.11074773811784196,0.0,0.0003379531031261724,0.0011099505421346735,0.0,4665.206482118628
-0.004818681742087683,0.11282537212003167,0.0,0.0003574163088806103,0.0009024148311483673,0.0,4667.271303304905
-0.0038141703456579155,0.11491317810585018,0.0,0.0003778369008952021,0.0006277809509822719,0.0,4670.0
-0.0038141703456579155,0.11491317810585018,0.0,0.0003778369008952021,0.0006277809509822719,0.0,4670.0
-0.0037413343278161326,0.11503213609820893,0.0,0.0003790496106498181,0.0006083969238611583,0.0,4670.192460922088
-0.003001245440714727,0.11601647395567655,0.0,0.00038953157261538906,0.00041447630908936765,0.0,4672.1170701429655
-0.001862073715461408,0.11679240684020813,0.0,0.00039963704577234717,0.00012378391543562935,0.0,4675.0
-0.001862073715461408,0.11679240684020813,0.0,0.00039963704577234717,0.00012378391543562935,0.0,4675.0
-0.0017925121530687094,0.11681241568421616,0.0,0.00040003192744498064,0.00010623575155964136,0.0,4675.173975007089
-0.0010939379678137169,0.11684457761155459,0.0,0.00040263395518124666,-6.92687060155726e-05,0.0,4676.913725077981
0.00014849302523034665,0.11615029481711156,0.0,0.00040120856695327194,-0.00038064638955944926,0.0,4680.0
0.00014849302523034665,0.11615029481711156,0.0,0.00040120856695327194,-0.00038064638955944926,0.0,4680.0
0.00020836528983968883,0.11609234839060104,0.0,0.00040094311634869973,-0.0003957063569733574,0.0,4680.149278595754
0.0008043854403818132,0.11538924429285374,0.0,0.00039728709297767316,-0.0005462910745578507,0.0,4681.642064553298
0.002116008070238108,0.11298632026363607,0.0,0.0003823701179329763,-0.0008848492859267592,0.0,4685.0
0.002116008070238108,0.11298632026363607,0.0,0.0003823701179329763,-0.0008848492859267592,0.0,4685.0
0.0021853303510983592,0.11282401543065193,0.0,0.00038129808171163146,-0.0009031439120682878,0.0,4685.1815497001735
0.0028668887780123344,0.11101833683399406,0.0,0.00036906588596799267,-0.001086016337152176,0.0,4686.997046701908
0.0039375638970717,0.10730332950336795,0.0,0.000342741298707244,-0.0013881333702466133,0.0,4690.0
0.0039375638970717,0.10730332950336795,0.0,0.000342741298707244,-0.0013881333702466133,0.0,4690.0
0.00400593588967633,0.10702358635792088,0.0,0.00034071510166295296,-0.0014082428246311625,0.0,4690.200075441224
0.004666031932314758,0.10400497655205518,0.0,0.0003185548959643138,-0.00160917901905436,0.0,4692.200829853462
0.005507716830698907,0.0991077741034616,0.0,0.0002816708804037495,-0.0018897404420024808,0.0,4695.0
0.005507716830698907,0.0991077741034616,0.0,0.0002816708804037495,-0.0018897404420024808,0.0,4695.0
0.0055675253788655165,0.09870202031821645,0.0,0.00027857182737363746,-0.0019111096712429152,0.0,4695.213506815526
0.006127520893199211,0.09439374701133224,0.0,0.00024530313079352254,-0.0021245294767497655,0.0,4697.348574970783
0.006716794311618156,0.0884101848187421,0.0,0.00019808191808279123,-0.002388782810809821,0.0,4700.0
0.006716794311618156,0.0884101848187421,0.0,0.00019808191808279123,-0.002388782810809821,0.0,4700.0
0.006760155642045226,0.08787917895452023,0.0,0.00019383801138473858,-0.0024107918326797743,0.0,4700.221271995964
0.007140068329593468,0.08230159357380777,0.0,0.00014873748859030254,-0.0026304599803723574,0.0,4702.433991955608
0.007448028626346977,0.07522610355481306,0.0,9.012925001758936e-05,-0.002884111351160457,0.0,4705.0
0.007448028626346977,0.07522610355481306,0.0,9.012925001758936e-05,-0.002884111351160457,0.0,4705.0
0.007467235851660707,0.07459035490268814,0.0,8.478533006005823e-05,-0.0029057582271514283,0.0,4705.219607178681
0.007592458923901132,0.06797187119192465,0.0,2.83273531268615e-05,-0.003121615234796953,0.0,4707.415678965493
0.007571915272126076,0.05957809719739017,0.0,-4.566413134923063e-05,-0.0033739729670866224,0.0,4710.0
0.007571915272126076,0.05957809719739017,0.0,-4.566413134923063e-05,-0.0033739729670866224,0.0,4710.0
0.007561722658265944,0.058871841025662536,0.0,-5.202448302362948e-05,-0.0033942605025087474,0.0,4710.208697265519
0.007384247626758031,0.0515770613440066,0.0,-0.00011915711418061083,-0.0035962253687552505,0.0,4712.295669920707
0.006932589706757407,0.04150109739240574,0.0,-0.0002171900017444404,-0.0038547999611860395,0.0,4715.0
0.006932589706757407,0.04150109739240574,0.0,-0.0002171900017444404,-0.0038547999611860395,0.0,4715.0
0.0068902098790501526,0.04075993947336963,0.0,-0.00022470223014789864,-0.0038729661452762674,0.0,4715.19181674688
0.006383808443665527,0.033157858210432066,0.0,-0.00030496499073464083,-0.004052838118699323,0.0,4717.109984215683
0.005300370991001539,0.021064435481759406,0.0,-0.0004515837471745029,-0.004313108807142108,0.0,4720.0
0.005300370991001539,0.021064435481759406,0.0,-0.0004515837471745029,-0.004313108807142108,0.0,4720.0
0.005224795956710632,0.02034920756426541,0.0,-0.0004614479358170676,-0.00432727616642124,0.0,4720.165554225832
0.004370267383808292,0.013073858838922092,0.0,-0.0005769367158870041,-0.004457117977355636,0.0,4721.821096484155
0.002071593953186161,-0.0011466738853624526,0.0,-0.0008276000730033004,-0.004375637920270814,0.0,4725.0
0.002071593953186161,-0.0011466738853624526,0.0,-0.0008276000730033004,-0.004375637920270814,0.0,4725.0
0.0019844072972876785,-0.0016063094581325477,0.0,-0.0008303508741883854,-0.004365071498532926,0.0,4725.1051711374685
0.0011010538093292398,-0.006141027307506014,0.0,-0.0008465899484602943,-0.004258242991647169,0.0,4726.156882512153
-0.002146363978456627,-0.021758188181669712,0.0,-0.0008318240883644034,-0.0038704294505484942,0.0,4730.0
-0.002146363978456627,-0.021758188181669712,0.0,-0.0008318240883644034,-0.0038704294505484942,0.0,4730.0
-0.0022735413949923175,-0.022349377510039552,0.0,-0.0008301024229055602,-0.0038551464279255676,0.0,4730.15304735122
-0.003529369718159053,-0.028132916507846176,0.0,-0.0008102517521875054,-0.0037028512411290734,0.0,4731.683520863423
-0.0061291266023368336,-0.03986965632528133,0.0,-0.0007552892924293602,-0.0033755108363509078,0.0,4735.0
-0.0061291266023368336,-0.03986965632528133,0.0,-0.0007552892924293602,-0.0033755108363509078,0.0,4735.0
-0.0062654487540726184,-0.04047864967105925,0.0,-0.0007519331330202946,-0.003357743551006771,0.0,4735.180891268177
-0.007594268533413784,-0.046392073375979656,0.0,-0.0007168036704042543,-0.0031804709547158918,0.0,4736.989803949949
-0.009657524337954977,-0.05552360896444137,0.0,-0.000653059990529267,-0.002886861715515851,0.0,4740.0
-0.009657524337954977,-0.05552360896444137,0.0,-0.000653059990529267,-0.002886861715515851,0.0,4740.0
-0.009787077161305719,-0.05609631382790215,0.0,-0.0006486431183983791,-0.002867501122376771,0.0,4740.199050695995
-0.011033434515660539,-0.061611630324105125,0.0,-0.0006033193198470187,-0.002674212105994086,0.0,4742.189557655941
-0.012635465856715116,-0.0687448597677742,0.0,-0.0005361713097181621,-0.002402178662498421,0.0,4745.0
-0.012635465856715116,-0.0687448597677742,0.0,-0.0005361713097181621,-0.002402178662498421,0.0,4745.0
-0.012748653564492004,-0.06925226652000797,0.0,-0.0005309664020212278,-0.002381683953493372,0.0,4745.212132696798
-0.01381911865782492,-0.07408740962578066,0.0,-0.0004780061227715582,-0.0021769944637576194,0.0,4747.333459664779
-0.015002651984735197,-0.07955006735972087,0.0,-0.0004093223171280828,-0.0019202964897636124,0.0,4750.0
-0.015002651984735197,-0.07955006735972087,0.0,-0.0004093223171280828,-0.0019202964897636124,0.0,4750.0
-0.015092015969234042,-0.07996995581924918,0.0,-0.000403561902279764,-0.0018991583670195352,0.0,4750.2198683036595
-0.015915446070189066,-0.08391337944770494,0.0,-0.0003452513658059901,-0.0016879788995529848,0.0,4752.418551340254
-0.016716749493191792,-0.08795123503335106,0.0,-0.00027532214348015673,-0.0014404545916027111,0.0,4755.0
-0.016716749493191792,-0.08795123503335106,0.0,-0.00027532214348015673,-0.0014404545916027111,0.0,4755.0
-0.016776958099578684,-0.08826740059270682,0.0,-0.0002692647500323132,-0.0014192720492209657,0.0,4755.221115966454
-0.017304985433593066,-0.09117155893713656,0.0,-0.0002081914993347249,-0.0012075886109984679,0.0,4757.432275630993
-0.01774744475694879,-0.09395701776575408,0.0,-0.0001362818535134912,-0.0009620492277052912,0.0,4760.0
-0.01774744475694879,-0.09395701776575408,0.0,-0.0001362818535134912,-0.0009620492277052912,0.0,4760.0
-0.017776244086293892,-0.0941627372114797,0.0,-0.00013018592918473474,-0.0009413912752600049,0.0,4760.216155403238
-0.01799154208348067,-0.09597440084026752,0.0,-6.893837167674645e-05,-0.0007348918507226476,0.0,4762.37770943562
-0.018074284685418742,-0.09757320733542177,0.0,5.9109519491601815e-06,-0.0004845264746616321,0.0,4765.0
-0.018074284685418742,-0.09757320733542177,0.0,5.9109519491601815e-06,-0.0004845264746616321,0.0,4765.0
-0.018072453779904876,-0.09767121949403179,0.0,1.1823495378068164e-05,-0.00046481726821289365,0.0,4765.206484044033
-0.017986932926202223,-0.09842752758934309,0.0,7.103225000682184e-05,-0.00026774607572184895,0.0,4767.271324484358
-0.017686270723388478,-0.09880282365217936,0.0,0.00014932436851542927,-7.3238494996318774e-06,0.0,4770.0
-0.017686270723388478,-0.09880282365217936,0.0,0.00014932436851542927,-7.3238494996318774e-06,0.0,4770.0
-0.017656887284806074,-0.09880245731931794,0.0,0.00015486163522477426,1.1116312468561439e-05,0.0,4770.19319373306
-0.017304284400859744,-0.0986028349612484,0.0,0.00021012594357824969,0.00019554967393681764,0.0,4772.125131063661
-0.01658263513450556,-0.09764596828768735,0.0,0.0002917599259658928,0.00047016922893460136,0.0,4775.0
-0.01658263513450556,-0.09764596828768735,0.0,0.0002917599259658928,0.00047016922893460136,0.0,4775.0
-0.01652183028894305,-0.09754691471602424,0.0,0.0002975798289046379,0.0004898912404723749,0.0,4775.206348670127
-0.01584800385725709,-0.09633247821893666,0.0,0.00035538961811829056,0.0006872138725616036,0.0,4777.2698353713995
-0.014774798658056257,-0.0940995041814661,0.0,0.0004304888728545992,0.0009486421268917074,0.0,4780.0
-0.014774798658056257,-0.0940995041814661,0.0,0.0004304888728545992,0.0009486421268917074,0.0,4780.0
-0.01468244291251086,-0.09389516659109372,0.0,0.000436268420753369,0.0009690685514172081,0.0,4780.213105814117
-0.013691726869460144,-0.09161223680057495,0.0,0.0004932658142992259,0.0011735229826635993,0.0,4782.344163955284
-0.012289941020093408,-0.08815660492537432,0.0,0.0005618506268382746,0.001428882966788613,0.0,4785.0
-0.012289941020093408,-0.08815660492537432,0.0,0.0005618506268382746,0.001428882966788613,0.0,4785.0
-0.012170447362001619,-0.087851989626833,0.0,0.0005671776894982865,0.0014492658920191167,0.0,4785.211674515471
-0.010914464373724862,-0.08456833519360872,0.0,0.000619110941128095,0.0016533703370692607,0.0,4787.328419670179
-0.009177264622557087,-0.07980627318168147,0.0,0.0006805339918082158,0.0019117633767175147,0.0,4790.0
-0.009177264622557087,-0.07980627318168147,0.0,0.0006805339918082158,0.0019117633767175147,0.0,4790.0
-0.009039617341811818,-0.0794188753512584,0.0,0.0006849490046829779,0.0019313017653136933,0.0,4790.201608826142
-0.007615576712523932,-0.07532802073990404,0.0,0.0007270949767939953,0.0021270066188712735,0.0,4792.217697087558
-0.005519449824364235,-0.06903320558038692,0.0,0.0007781075956990029,0.002398083180645469,0.0,4795.0
-0.005519449824364235,-0.06903320558038692,0.0,0.0007781075956990029,0.002398083180645469,0.0,4795.0
-0.00537652948161411,-0.06859194639428506,0.0,0.0007811224797004979,0.002415984500847598,0.0,4795.183320755096
-0.0039186988564996915,-0.06399869317040806,0.0,0.0008084586720372024,0.00259525753322716,0.0,4797.016528306059
-0.001455596795223274,-0.05581959093327181,0.0,0.0008395517741297513,0.002887799823808999,0.0,4800.0
-0.001455596795223274,-0.05581959093327181,0.0,0.0008395517741297513,0.002887799823808999,0.0,4800.0
-0.001329454019196179,-0.05538486066217542,0.0,0.0008405814358348613,0.0029025357237732717,0.0,4800.150157194434
-6.130706031046889e-05,-0.05091588210833312,0.0,0.0008474185164530338,0.003049836273083414,0.0,4801.65172913877
0.0027659090349195135,-0.04015667777689884,0.0,0.0008335050873108507,0.003375944254626789,0.0,4805.0
0.0027659090349195135,-0.04015667777689884,0.0,0.0008335050873108507,0.003375944254626789,0.0,4805.0
0.002900774800607969,-0.0396085250916098,0.0,0.0008315187879750834,0.003391524959217803,0.0,4805.161996240056
0.004226850970791082,-0.03398931879200486,0.0,0.0008028181430310021,0.0035451720325498925,0.0,4806.78195864062
0.0066422260040094275,-0.022118237505272684,0.0,0.0006813017616486977,0.003823562293603764,0.0,4810.0
0.0066422260040094275,-0.022118237505272684,0.0,0.0006813017616486977,0.003823562293603764,0.0,4810.0
0.0067566382436207,-0.021470600468195267,0.0,0.0006718352946178886,0.0038362305803349,0.0,4810.169099307296
0.007801034496949574,-0.014888072784577933,0.0,0.0005574621939871037,0.003942007907451008,0.0,4811.860092380258
0.00912743656541846,-0.002388298897425126,0.0,0.00028203355102142256,0.003980129119855553,0.0,4815.0
0.00912743656541846,-0.002388298897425126,0.0,0.00028203355102142256,0.003980129119855553,0.0,4815.0
0.009159992655846393,-0.0019204753678021083,0.0,0.0002717232965642764,0.003976990769562884,0.0,4815.11758542283
0.009420969559189828,0.002731287047460167,0.0,0.00017390679847512015,0.00393098931586377,0.0,4816.293439651135
0.009597694690984161,0.016866473872668014,0.0,-6.039947279742964e-05,0.0036766074270640553,0.0,4820.0
0.009597694690984161,0.016866473872668014,0.0,-6.039947279742964e-05,0.0036766074270640553,0.0,4820.0
0.009587012862371331,0.017474573993506232,0.0,-6.849959828276305e-05,0.003663022684694336,0.0,4820.165702756983
0.009411502516963799,0.023428414873998247,0.0,-0.00014083754952784423,0.0035216257538974584,0.0,4821.8227303268095
0.008788847802198818,0.03416263140704038,0.0,-0.0002445386959054958,0.0032323253015724453,0.0,4825.0
0.008788847802198818,0.03416263140704038,0.0,-0.0002445386959054958,0.0032323253015724453,0.0,4825.0
0.008741284896906402,0.034783065057768306,0.0,-0.0002496463821431231,0.0032143094326982256,0.0,4825.192482745688
0.008215621097999606,0.040795282226050424,0.0,-0.0002948443849285592,0.0030321554237430237,0.0,4827.117310202566
0.007287889900092477,0.049136981802290515,0.0,-0.0003458634177447356,0.0027545304658348666,0.0,4830.0
0.007287889900092477,0.049136981802290515,0.0,-0.0003458634177447356,0.0027545304658348666,0.0,4830.0
0.007216952808053923,0.04969748399093469,0.0,-0.00034884162717472417,0.002734708008697042,0.0,4830.204218456733
0.006476983826116231,0.055079265641092445,0.0,-0.00037469415754431257,0.0025356786544219446,0.0,4832.246403024059
0.005408417519419185,0.06169001431994147,0.0,-0.0003997181213766731,0.0022655930319723143,0.0,4835.0
0.005408417519419185,0.06169001431994147,0.0,-0.0003997181213766731,0.0022655930319723143,0.0,4835.0
0.005327451403354648,0.06214608278186097,0.0,-0.00040116724441228286,0.0022457043271601157,0.0,4835.202189443849
0.0045035281972321504,0.06648536557832892,0.0,-0.00041307230720311495,0.0020465008041447466,0.0,4837.224083882344
0.003342000041347849,0.0717858679550171,0.0,-0.00042256208084800627,0.001772313705297973,0.0,4840.0
0.003342000041347849,0.0717858679550171,0.0,-0.00042256208084800627,0.001772313705297973,0.0,4840.0
0.0032616200163146014,0.07212105383021537,0.0,-0.00042295170288172133,0.0017535126436334424,0.0,4840.19013179163
0.00245486765211524,0.07527623287804375,0.0,-0.00042517711396319646,0.0015653972444925972,0.0,4842.091449707929
0.0012196020402765184,0.07941046376864784,0.0,-0.00042320358851941157,0.0012773794296101228,0.0,4845.0
0.0012196020402765184,0.07941046376864784,0.0,-0.00042320358851941157,0.0012773794296101228,0.0,4845.0
0.0011484211890246516,0.07962398541470446,0.0,-0.0004229068456349529,0.0012607128102719394,0.0,4845.168253649263
0.00043996367428622346,0.08160496022446065,0.0,-0.00041891883970272267,0.001094031810364633,0.0,4846.850790141889
-0.0008617459935933813,0.08455904012877832,0.0,-0.00040680423534795817,0.0007820544171209447,0.0,4850.0
-0.0008617459935933813,0.08455904012877832,0.0,-0.00040680423534795817,0.0007820544171209447,0.0,4850.0
-0.0009282396908319144,0.08468566715369286,0.0,-0.00040601967464055314,0.0007658485043033861,0.0,4850.163611074006
-0.0015856595350886783,0.08580611927860912,0.0,-0.0003973794824192999,0.0006038121266897043,0.0,4851.799721814071
-0.0028253480805434583,0.08723152390071097,0.0,-0.0003765098975731847,0.00028703160854228713,0.0,4855.0
-0.0028253480805434583,0.08723152390071097,0.0,-0.0003765098975731847,0.00028703160854228713,0.0,4855.0
-0.002894546044264486,0.08728269464514095,0.0,-0.0003751562045667291,0.00026881515091585614,0.0,4855.18411822903
-0.0035722506655985736,0.08760997194335925,0.0,-0.0003607425780224943,8.671179647921906e-05,0.0,4857.02530051933
-0.004606837677279473,0.08743062629768737,0.0,-0.00033418716136870405,-0.0002072318098595277,0.0,4860.0
-0.004606837677279473,0.08743062629768737,0.0,-0.00033418716136870405,-0.0002072318098595277,0.0,4860.0
-0.004670812646044009,0.08738902556708941,0.0,-0.00033233723957251584,-0.00022618765172814813,0.0,4860.191965092541
-0.005290433385858699,0.08677294559842327,0.0,-0.00031294999349730485,-0.0004156488088246975,0.0,4862.111616017952
-0.006148732806675409,0.08516111545287043,0.0,-0.000280756698154957,-0.0007003492809319912,0.0,4865.0
-0.006148732806675409,0.08516111545287043,0.0,-0.000280756698154957,-0.0007003492809319912,0.0,4865.0
-0.006206362151536529,0.08501463990111992,0.0,-0.000278318668621191,-0.0007206507523240289,0.0,4865.206158342734
-0.006754270748766847,0.08331980131097849,0.0,-0.0002529100538494123,-0.0009235121271247783,0.0,4867.267741770073
-0.007396041705789808,0.08042975422906452,0.0,-0.0002162944679442942,-0.0011918912094441992,0.0,4870.0
-0.007396041705789808,0.08042975422906452,0.0,-0.0002162944679442942,-0.0011918912094441992,0.0,4870.0
-0.007442659466420199,0.08016872875635292,0.0,-0.0002132359679414644,-0.0012131861378848465,0.0,4870.217061958135
-0.00787138141025065,0.07730442301736114,0.0,-0.00018140442660763634,-0.0014258999081022679,0.0,4872.387681539482
-0.008291879131263617,0.07324581459015278,0.0,-0.00013993042117095488,-0.0016812576270593994,0.0,4875.0
-0.008291879131263617,0.07324581459015278,0.0,-0.00013993042117095488,-0.0016812576270593994,0.0,4875.0
-0.008322704026439675,0.07286804471195361,0.0,-0.00013621388147204387,-0.001703043263412702,0.0,4875.223248330811
-0.008584089528297931,0.06882312875032469,0.0,-9.745995915107283e-05,-0.001920533482973689,0.0,4877.455731638918
-0.008771901734910784,0.06362242411749491,0.0,-4.944586581699405e-05,-0.0021674526227093214,0.0,4880.0
-0.008771901734910784,0.06362242411749491,0.0,-4.944586581699405e-05,-0.0021674526227093214,0.0,4880.0
-0.00878237721359601,0.06313950457577275,0.0,-4.5046286977176474e-05,-0.0021889128791691224,0.0,4880.221707458024
-0.008831866672232966,0.05804907063198993,0.0,1.0648078751467936e-06,-0.002402927622172484,0.0,4882.4387820382635
-0.008755282668098743,0.051579697277174354,0.0,5.982041488277424e-05,-0.00264853008584525,0.0,4885.0
-0.008755282668098743,0.051579697277174354,0.0,5.982041488277424e-05,-0.00264853008584525,0.0,4885.0
-0.00874204160848349,0.05101556706308012,0.0,6.499410992372096e-05,-0.0026687799479107196,0.0,4885.212186204533
-0.00854704079819771,0.045138693155875535,0.0,0.00011977471771512134,-0.0028702381556787084,0.0,4887.334048249866
-0.008125854368925937,0.03715310712592893,0.0,0.00019828707522505335,-0.0031197292515529338,0.0,4890.0
-0.008125854368925937,0.03715310712592893,0.0,0.00019828707522505335,-0.0031197292515529338,0.0,4890.0
-0.008086377333332903,0.03653991888154643,0.0,0.00020459016980969638,-0.003137852445209146,0.0,4890.1959823080515
-0.007620191968080952,0.030214248973157627,0.0,0.0002728560356409628,-0.0033166942906055186,0.0,4892.1558053885665
-0.00667731871387242,0.020425392713448766,0.0,0.00039634311781119386,-0.003562959597972062,0.0,4895.0
-0.00667731871387242,0.020425392713448766,0.0,0.00039634311781119386,-0.003562959597972062,0.0,4895.0
-0.006608628619934676,0.01981345578282365,0.0,0.0004051462742293281,-0.003576914504312024,0.0,4895.171413329426
-0.005830957952250598,0.013568916609953359,0.0,0.0005068545873252974,-0.0037047154204259756,0.0,4896.885546623689
-0.0038627138661634156,0.0018593372936655146,0.0,0.0007618611168771757,-0.003742032190252286,0.0,4900.0
-0.0038627138661634156,0.0018593372936655146,0.0,0.0007618611168771757,-0.003742032190252286,0.0,4900.0
-0.003774721666313856,0.001429661824381018,0.0,0.0007691058688794882,-0.0037341741682551974,0.0,4900.114943455159
-0.002859772453717173,-0.0028090211693889214,0.0,0.0008155993979331376,-0.003636860714605875,0.0,4901.264378006748
0.00020750241436771552,-0.015718662574869674,0.0,0.0008025120464924569,-0.003273022604050574,0.0,4905.0
0.00020750241436771552,-0.015718662574869674,0.0,0.0008025120464924569,-0.003273022604050574,0.0,4905.0
0.0003122455353911517,-0.016145663393819062,0.0,0.0008000886646457063,-0.003260266991993452,0.0,4905.1307154381975
0.0013406180612746481,-0.02032416823923471,0.0,0.0007724077244163849,-0.0031331482735976438,0.0,4906.437869820173
0.003928726907387669,-0.030872582386041465,0.0,0.0006772084388195173,-0.0027900655905376158,0.0,4910.0
0.003928726907387669,-0.030872582386041465,0.0,0.0006772084388195173,-0.0027900655905376158,0.0,4910.0
0.004046131690914553,-0.03135666121854516,0.0,0.0006721062001705095,-0.0027733972539935154,0.0,4910.1740207282
0.0051704724887551715,-0.036038113020277894,0.0,0.0006197064986458793,-0.00260702841076762,0.0,4911.9142280102005
0.00693420459170484,-0.0436288568519541,0.0,0.0005228447081961142,-0.0023129440661742193,0.0,4915.0
0.00693420459170484,-0.0436288568519541,0.0,0.0005228447081961142,-0.0023129440661742193,0.0,4915.0
0.0070361610833391585,-0.044080769367776336,0.0,0.0005165926543579495,-0.0022942694889781286,0.0,4915.196176077531
0.007988056278851696,-0.048398444791186906,0.0,0.000453792532866465,-0.002107578551242893,0.0,4917.157936852843
0.009148227344843921,-0.05400396587032087,0.0,0.00036270944345372915,-0.0018370715278490418,0.0,4920.0
0.009148227344843921,-0.05400396587032087,0.0,0.00036270944345372915,-0.0018370715278490418,0.0,4920.0
0.009223925607520108,-0.054388839287647206,0.0,0.00035598917265748474,-0.0018170095327455615,0.0,4920.21065399146
0.009903329518591518,-0.05800503798263339,0.0,0.00028918802239986127,-0.0016162516025375888,0.0,4922.317193906063
0.010566581206279178,-0.06199765793882729,0.0,0.000205580981357659,-0.0013600964661927767,0.0,4925.0
0.010566581206279178,-0.06199765793882729,0.0,0.000205580981357659,-0.0013600964661927767,0.0,4925.0
0.010610396513949868,-0.062290063501980374,0.0,0.00019892312609023002,-0.0013393824211611494,0.0,4925.216638464409
0.010969868239946745,-0.06496710964931846,0.0,0.00013321259080610173,-0.0011319757281766504,0.0,4927.383023108497
0.011217121910213797,-0.06760087477605979,0.0,5.6216562384233046e-05,-0.0008807165401431757,0.0,4930.0
0.011217121910213797,-0.06760087477605979,0.0,5.6216562384233046e-05,-0.0008807165401431757,0.0,4930.0
0.01122847005151852,-0.067786765577868,0.0,5.0063654470682345e-05,-0.0008601744304073815,0.0,4930.213558115777
0.011270537146692945,-0.06940414688460271,0.0,-1.030969723157813e-05,-0.0006544229969931643,0.0,4932.34913927355
0.011147253339820102,-0.07079947815187879,0.0,-8.20917705323781e-05,-0.00039814772255179764,0.0,4935.0
0.011147253339820102,-0.07079947815187879,0.0,-8.20917705323781e-05,-0.00039814772255179764,0.0,4935.0
0.01112991446613113,-0.07087887617755899,0.0,-8.747202959666125e-05,-0.0003783340711675773,0.0,4935.204506843422
0.010896940635413572,-0.07144974884873094,0.0,-0.0001399643704663263,-0.00017985254949718185,0.0,4937.249575277639
0.010419295789554134,-0.0715761937850087,0.0,-0.00020656371312793574,8.810507920138677e-05,0.0,4940.0
0.010419295789554134,-0.0715761937850087,0.0,-0.00020656371312793574,8.810507920138677e-05,0.0,4940.0
0.01037854952379587,-0.07155714468469308,0.0,-0.00021110285239528447,0.00010715929757948572,0.0,4940.195111877573
0.009923345443616869,-0.07116194927098582,0.0,-0.0002550669245766524,0.0002980399048047198,0.0,4942.146230653306
0.009109308897113911,-0.06991175716052564,0.0,-0.00031441067912146023,0.0005783541213001254,0.0,4945.0
0.009109308897113911,-0.06991175716052564,0.0,-0.00031441067912146023,0.0005783541213001254,0.0,4945.0
0.009044204842703739,-0.06979067998681097,0.0,-0.00031844812803335376,0.0005986157713255945,0.0,4945.205744082309
0.008348837076992528,-0.06835034756983513,0.0,-0.00035692071168620416,0.0008016232860196093,0.0,4947.2631849054005
0.007308246220601359,-0.0657857009436843,0.0,-0.00040238153673071813,0.0010727706989028555,0.0,4950.0
0.007308246220601359,-0.0657857009436843,0.0,-0.00040238153673071813,0.0010727706989028555,0.0,4950.0
0.007224918980926817,-0.06556229990906311,0.0,-0.00040552693297745383,0.001093258336993653,0.0,4950.206277158831
0.006357635433970702,-0.06309556871584832,0.0,-0.00043464313831692103,0.0012985270750072362,0.0,4952.269048747138
0.005125725767930817,-0.05917707382507044,0.0,-0.0004661229212458555,0.0015713672501759936,0.0,4955.0
0.005125725767930817,-0.05917707382507044,0.0,-0.0004661229212458555,0.0015713672501759936,0.0,4955.0
0.005033803775521801,-0.05886589632519683,0.0,-0.000468055762739301,0.0015910745709122656,0.0,4955.196795778536
0.004095522623739188,-0.0555405858171357,0.0,-0.000484657099494794,0.0017884769242492585,0.0,4957.1647535639
0.002698307460273669,-0.05006551504700192,0.0,-0.0004988987816658436,0.0020738495282195766,0.0,4960.0
0.002698307460273669,-0.05006551504700192,0.0,-0.0004988987816658436,0.0020738495282195766,0.0,4960.0
0.002609046490047078,-0.04969303651139956,0.0,-0.0004993705459949758,0.0020918831333321523,0.0,4960.178829809876
0.001713748795618419,-0.0457907629996108,0.0,-0.000500927139358942,0.0022723990686008147,0.0,4961.96712790864
0.00020836578907786171,-0.03843403524843005,0.0,-0.0004881923159172048,0.002578950142153078,0.0,4965.0
0.00020836578907786171,-0.03843403524843005,0.0,-0.0004881923159172048,0.002578950142153078,0.0,4965.0
0.00013757734529587674,-0.0380585690964283,0.0,-0.0004870075181945217,0.002593620381454031,0.0,4965.145175838452
-0.0005591032682486763,-0.0341868390235649,0.0,-0.0004716655157997694,0.0027401724483995427,0.0,4966.596934222971
-0.0020627407601248957,-0.024280977312447365,0.0,-0.0004028307955557874,0.003080213759362136,0.0,4970.0
-0.0020627407601248957,-0.024280977312447365,0.0,-0.0004028307955557874,0.003080213759362136,0.0,4970.0
-0.0021311030572948087,-0.023753497526863156,0.0,-0.0003977114894104296,0.00309698013643541,0.0,4970.17078275382
-0.002759084431364865,-0.018323328206422546,0.0,-0.00033329900792503867,0.0032607310847095395,0.0,4971.878610292023
-0.003496857064942066,-0.007742734195193592,0.0,-0.00010889154445847197,0.0034891739739270093,0.0,4975.0
-0.003496857064942066,-0.007742734195193592,0.0,-0.00010889154445847197,0.0034891739739270093,0.0,4975.0
-0.0035115712127277952,-0.007235953237157447,0.0,-9.379112797604073e-05,0.0034931055632648074,0.0,4975.145158327457
-0.0035361461678976936,-0.0021688687175500784,0.0,5.687092767385065e-05,0.003469692006509185,0.0,4976.596741602022
-0.0029417058303432076,0.009196209064681982,0.0,0.00026027121592879645,0.003186818238852626,0.0,4980.0
-0.0029417058303432076,0.009196209064681982,0.0,0.00026027121592879645,0.003186818238852626,0.0,4980.0
-0.002901618667040671,0.009680841978510312,0.0,0.00026568498047730284,0.003172118141217272,0.0,4980.152425535326
-0.002460679280731489,0.014402515514521146,0.0,0.0003102136963030532,0.0030226439456688377,0.0,4981.676680888587
-0.001324184221953272,0.023896160575524995,0.0,0.00036641906229408904,0.002689881142126493,0.0,4985.0
-0.001324184221953272,0.023896160575524995,0.0,0.00036641906229408904,0.002689881142126493,0.0,4985.0
-0.001262190078100775,0.024348697901997837,0.0,0.0003682252252461068,0.0026728858547877617,0.0,4985.168770064433
-0.0006280041778760832,0.028716210051077048,0.0,0.000382103844603349,0.0025027729527372245,0.0,4986.856470708767
0.000592725342294372,0.03608551176109493,0.0,0.0003913905034159608,0.0021858302929390516,0.0,4990.0
0.000592725342294372,0.03608551176109493,0.0,0.0003913905034159608,0.0021858302929390516,0.0,4990.0
0.0006552314404043589,0.03643330954936603,0.0,0.000391384151992808,0.0021697404187116308,0.0,4990.15970252108
0.0012789984666635528,0.03977001887739582,0.0,0.0003891306620489619,0.0020089500994241627,0.0,4991.756727731884
0.0025197172692557413,0.045756982191098534,0.0,0.0003737357898876184,0.0016831597119035865,0.0,4995.0
0.0025197172692557413,0.045756982191098534,0.0,0.0003737357898876184,0.0016831597119035865,0.0,4995.0
0.0025891798189218223,0.04606860793094201,0.0,0.000372461690700606,0.0016644923130922217,0.0,4995.186175742492
0.003269378001508983,0.04899386014386608,0.0,0.0003576205988942551,0.0014780384054343674,0.0,4997.047933167414
0.004281823514123418,0.05292173645309024,0.0,0.00032691825232799714,0.00118324108895993,0.0,5000.0
