x,y,z,vx,vy,vz,t
0.5,-0.5,0.0,0.0010000000474974513,-0.0010000000474974513,0.0,0.0
0.49144068360328674,0.48475632071495056,0.15328854322433472,0.000668613298330456,0.000983395497314632,0.0007654342916794121,0.0
0.4915841708088797,0.48496820694047116,0.15345405477686452,0.0006536969144900801,0.0009692500811852557,0.0007598422331999994,0.21702489113485332
0.4928407861978988,0.48691850495589445,0.15504226860333176,0.000504257699448081,0.0008281653851613051,0.0007037209493553062,2.3872738024833864
0.4939225404458813,0.48886134062419856,0.15679212835239828,0.00032368727053752274,0.0006592061031333168,0.0006356836006244437,5.0
0.4939225404458813,0.48886134062419856,0.15679212835239828,0.00032368727053752274,0.0006592061031333168,0.0006356836006244437,5.0
0.4939886590492971,0.48899746264085836,0.1569243228785286,0.0003097721571369139,0.0006449344927469353,0.0006308275553656824,5.208753748695329
0.494489875159199,0.4901950609782835,0.15819039775372884,0.00017034154761853376,0.0005025429901144729,0.0005821086219842804,7.2962912356486145
0.4947054734655498,0.4913054474152835,0.1596784827110224,-1.1000482165323614e-05,0.0003190034519680321,0.0005185851632820885,10.0
0.4947054734655498,0.4913054474152835,0.1596784827110224,-1.1000482165323614e-05,0.0003190034519680321,0.0005185851632820885,10.0
0.49470196109892844,0.4913674872652268,0.1597810433089323,-2.4359517694904003e-05,0.00030555679657996054,0.0005138988585899786,10.198667589035308
0.4945206907020242,0.4918411648083407,0.16075534602667332,-0.00015820344153444124,0.00017138782172672806,0.00046689594180172444,12.185343479388388
0.493807643713736,0.4920571005414107,0.16197529069809838,-0.0003486176645758789,-1.7769302059310424e-05,0.0003998715291099927,15.0
0.493807643713736,0.4920571005414107,0.16197529069809838,-0.0003486176645758789,-1.7769302059310424e-05,0.0003998715291099927,15.0
0.49373689942812937,0.492052235685403,0.16205442046769108,-0.00036212154163489554,-3.11049728121198e-05,0.000395111962916576,15.199072631725251
0.4928814260702469,0.4918577846803034,0.16279350971703058,-0.0004974137359407276,-0.00016416059661708907,0.0003473786264116809,17.18979894897776
0.4912143559206699,0.4911335990795168,0.16367455442490342,-0.0006891803889325302,-0.0003510549104137324,0.0002795721547096485,20.0
0.4912143559206699,0.4911335990795168,0.16367455442490342,-0.0006891803889325302,-0.0003510549104137324,0.0002795721547096485,20.0
0.49106885670836997,0.4910587983427438,0.16373244273313364,-0.0007034777188937207,-0.0003649052759710212,0.0002745099322709212,20.208951930209633
0.489449352587175,0.49015186095752233,0.16425303948328254,-0.0008467270644687448,-0.0005030762249474997,0.00022373808044797415,22.29847123230596
0.4869109124991498,0.4885524682083083,0.16476836542515716,-0.0010326734069139032,-0.0006808202791344905,0.00015769340396112736,25.0
0.4869109124991498,0.4885524682083083,0.16476836542515716,-0.0010326734069139032,-0.0006808202791344905,0.00015769340396112736,25.0
0.48668599474706287,0.4884037149535936,0.16480189115846902,-0.0010475960342669049,-0.000695000319226357,0.00015238625741337015,25.21623914962814
0.48425912031092455,0.4867478062278559,0.16507390934282248,-0.001197112510672877,-0.0008364450805176491,9.915567716314063e-05,27.37863064590955
0.48088272896936984,0.4843313628391628,0.16524884055987812,-0.0013790665537087965,-0.0010070467833010255,3.423907595508301e-05,30.0
0.48088272896936984,0.4843313628391628,0.16524884055987812,-0.0013790665537087965,-0.0010070467833010255,3.423907595508301e-05,30.0
0.4805759052100529,0.484106964403822,0.16525580760097505,-0.0013944628689927384,-0.001021398203798873,2.873887750525791e-05,30.221251562315338
0.47732008302745227,0.4816886263250424,0.16525841806918817,-0.0015487218449321603,-0.0011645427736395487,-2.6429620185874722e-05,32.43376718546872
0.4731154230580885,0.47848798754690763,0.165108089099278,-0.001728308823881039,-0.0013297334519068915,-9.079770049522865e-05,35.0
0.4731154230580885,0.47848798754690763,0.165108089099278,-0.001728308823881039,-0.0013297334519068915,-9.079770049522865e-05,35.0
0.47272223468574476,0.4781852133916378,0.1650868816451689,-0.0017441955373986623,-0.0013442618036575,-9.64997163394727e-05,35.226458160819966
0.4685922415230939,0.47497682141143494,0.16480364823637234,-0.0019033615258469102,-0.0014891631943650717,-0.00015369547508123943,37.49103976901963
0.46359491692215354,0.47104001333718143,0.16433815163020857,-0.002080329014888755,-0.0016488950599520952,-0.00021743762397288815,40.0
0.46359491692215354,0.47104001333718143,0.16433815163020857,-0.002080329014888755,-0.0016488950599520952,-0.00021743762397288815,40.0
0.46311111511648984,0.4706563468411135,0.16428709832994365,-0.002096706890634245,-0.001663593204887151,-0.00022334554743140865,40.2316484330497
0.45806418994446035,0.46663273570293373,0.16370114349816622,-0.002260783593859074,-0.0018101829025449763,-0.00028261111039757384,42.54813276354669
0.4523075560691259,0.4620049778369128,0.1629309398346854,-0.0024350283911717978,-0.0019645707047197397,-0.0003457117099994045,45.0
0.4523075560691259,0.4620049778369128,0.1629309398346854,-0.0024350283911717978,-0.0019645707047197397,-0.0003457117099994045,45.0
0.4517305385253761,0.4615392947462743,0.1628485797424649,-0.002451848620137385,-0.0019793906268611703,-0.00035181285745083794,45.23614985503625
0.44574165710724933,0.456690306387933,0.16194557223746545,-0.002620341339180918,-0.0021271944489822674,-0.00041302223935399596,47.59764840539878
0.43924025545453643,0.45140015715861875,0.1608781807007209,-0.0027922770801830474,-0.0022768265858971928,-0.0004756630523731904,50.0
0.43924025545453643,0.45140015715861875,0.1608781807007209,-0.0027922770801830474,-0.0022768265858971928,-0.0004756630523731904,50.0
0.4385681249085089,0.45085199721860447,0.16076328168935822,-0.0028094884965245747,-0.002291723721667416,-0.0004819450486845164,50.239971001481614
0.4316194240224002,0.4451741094027648,0.15953120259136874,-0.002981877951036085,-0.0024403029494024,-0.0005449756396370736,52.63968101629775
0.4243806663864589,0.4392424225549033,0.1581713494001583,-0.0031519092702204372,-0.0025857593631570556,-0.0006073496162610723,55.0
0.4243806663864589,0.4392424225549033,0.1581713494001583,-0.0031519092702204372,-0.0025857593631570556,-0.0006073496162610723,55.0
0.423612381222446,0.4386120722806801,0.15802293361572417,-0.0031694548209785503,-0.002600690132517833,-0.0006137993244983188,55.24307578161144
0.41569474519988775,0.43210928238266555,0.15645235766508278,-0.0033451615217918104,-0.002749617109074238,-0.000678521178568285,57.67383359772582
0.4077173752841587,0.42554807287102986,0.15480158929753696,-0.003513715151213829,-0.002891502560443763,-0.0007408466214123688,60.0
0.4077173752841587,0.42554807287102986,0.15480158929753696,-0.003513715151213829,-0.002891502560443763,-0.0007408466214123688,60.0
0.4068529450097889,0.42483668465767693,0.15461897993167625,-0.003531528936692904,-0.0029064227481247844,-0.0007474493049826439,60.24539401242071
0.3979680279387234,0.4175217397714708,0.15270356582920894,-0.003709883233332862,-0.0030552649692771067,-0.0008137167764185737,62.69933413662782
0.38924015013536384,0.4103326298678742,0.15075961760171297,-0.003877429705897142,-0.0031942351297746764,-0.0008762499487118605,65.0
0.38924015013536384,0.4103326298678742,0.15075961760171297,-0.003877429705897142,-0.0031942351297746764,-0.0008762499487118605,65.0
0.3882808487883793,0.4095423512396978,0.15054249823527624,-0.003895434704901578,-0.0032090991756981452,-0.0008829887175601808,65.24683343566082
0.37844325430188225,0.4014380572959195,0.14827959738423827,-0.004075653627052548,-0.0033574124568780924,-0.0009506349697312859,67.715167792269
0.3689402538859904,0.39361058320375153,0.1460356112793013,-0.004242716849879036,-0.0034941931988222417,-0.0010136806993694132,70.0
0.3689402538859904,0.39361058320375153,0.1460356112793013,-0.004242716849879036,-0.0034941931988222417,-0.0010136806993694132,70.0
0.3678888118052078,0.39274466088079873,0.14578408538073648,-0.004260823581248036,-0.003508954556465985,-0.001020536376492817,70.2472951433814
0.35712802264049537,0.38388491046613,0.1431753400702384,-0.00444199693219911,-0.0036562868686784928,-0.0010893721459688123,72.72024657719533
0.3468108529554277,0.3753950666435835,0.1406190655867866,-0.004609146762579158,-0.0037916861005920116,-0.001153291697449581,75.0
0.3468108529554277,0.3753950666435835,0.1406190655867866,-0.004609146762579158,-0.0037916861005920116,-0.001153291697449581,75.0
0.3456715830392011,0.37445788801039115,0.14033370118243177,-0.004627253011072703,-0.0038062987841174364,-0.001160243204022957,75.24669134275686
0.33403319334205855,0.3648880286520295,0.13738547874116744,-0.00480833986677361,-0.003952206010070621,-0.0012300608315865818,77.71360477032547
0.3228475638000131,0.3556974387887222,0.1344986142634408,-0.004976162537331892,-0.004087118957914982,-0.0012952764941535641,80.0
0.3228475638000131,0.3556974387887222,0.1344986142634408,-0.004976162537331892,-0.004087118957914982,-0.0012952764941535641,80.0
0.3216263951267986,0.3546944882350225,0.13418046187800695,-0.004994153863484117,-0.004101540140612407,-0.0013023017714330887,80.24496086216735
0.30917237870580866,0.34447081118196227,0.13090400578239764,-0.0051739864196300046,-0.004245612485209146,-0.0013728847196509543,82.69456948384081
0.2970492055248797,0.3345267282897832,0.12766179507217562,-0.005343029720529729,-0.004381024988651416,-0.0014398825014253825,85.0
0.2970492055248797,0.3345267282897832,0.12766179507217562,-0.005343029720529729,-0.004381024988651416,-0.0014398825014253825,85.0
0.29575363784263675,0.3334644694172586,0.1273123776092071,-0.005360779852979725,-0.004395218223402637,-0.001446959793890665,85.24207598311764
0.28256180977602835,0.32265294525823657,0.12372366857001484,-0.005538065145430971,-0.004537113177465153,-0.0015180959406255567,87.66283581429408
0.2694188699869084,0.31188888227851763,0.12009473569343751,-0.005708757241504929,-0.004674113051299413,-0.0015874301760872846,90.0
0.2694188699869084,0.31188888227851763,0.12009473569343751,-0.005708757241504929,-0.004674113051299413,-0.0015874301760872846,90.0
0.2680579154891463,0.3107746183824927,0.11971602492328796,-0.005726126822706251,-0.004688051495718443,-0.0015945393839338468,90.23803553433115
0.2542212879880637,0.2994494269406661,0.1158355095189478,-0.005899430207679249,-0.004827527453743405,-0.0016660352318391713,92.61839087764261
0.23996550032656683,0.2877857213792952,0.11178172076704208,-0.0060719682318231645,-0.004967339423771191,-0.0017383421602367043,95.0
0.23996550032656683,0.2877857213792952,0.11178172076704208,-0.0060719682318231645,-0.004967339423771191,-0.0017383421602367043,95.0
0.23854972467627,0.28662751938269043,0.1113761305923695,-0.0060887998325285545,-0.004981008562973841,-0.001745465921117784,95.23284309651606
0.22417691788971084,0.27487024665589044,0.10722863129820458,-0.006256487820480368,-0.005117954369609159,-0.0018171584015942302,97.5612740616767
0.20870632385794996,0.26221344348052356,0.10270457596005389,-0.006430677433388462,-0.005262019974380546,-0.001893188695236474,100.0
0.20870632385794996,0.26221344348052356,0.10270457596005389,-0.006430677433388462,-0.005262019974380546,-0.001893188695236474,100.0
0.20724813550557594,0.2610202295316601,0.10227501641563749,-0.006446783942484737,-0.005275419564000007,-0.0019003128872976218,100.22647135272769
0.19246637294054852,0.2489208279221794,0.09789027303739674,-0.006606894189950744,-0.005409877575181577,-0.001972075756151036,102.49118488000454
0.17567080747894437,0.23516041020799847,0.09284176235710803,-0.006781882460515792,-0.005560011069521203,-0.0020527604508519385,105.0
0.17567080747894437,0.23516041020799847,0.09284176235710803,-0.006781882460515792,-0.005560011069521203,-0.0020527604508519385,105.0
0.17418521397966988,0.23394239217187512,0.09239182198717402,-0.006797023697865847,-0.005573155953271674,-0.0020598736666203763,105.21880894405926
0.15914813825909188,0.22160347132669114,0.08780635303785794,-0.0069470031565989215,-0.005705335105916845,-0.0021316138307713056,107.40689838465188
0.14090753223589847,0.20660375910695328,0.08216700061559844,-0.007120750130876575,-0.005864008765436062,-0.002218187535861408,110.0
0.14090753223589847,0.20660375910695328,0.08216700061559844,-0.007120750130876575,-0.005864008765436062,-0.002218187535861408,110.0
0.13941380994544,0.2053735050873717,0.08170139970428701,-0.0071345860552328375,-0.0058769264932435105,-0.0022252779893931623,110.20956666770351
0.12431868046163991,0.19292129612287537,0.07696314052658429,-0.007270762558422479,-0.006007181551647165,-0.0022969046894358988,112.30523334473864
0.10449721044861093,0.1765040766930458,0.07064713560233027,-0.007438821977735563,-0.006178036390027159,-0.0023911268827035543,115.0
0.10449721044861093,0.1765040766930458,0.07064713560233027,-0.007438821977735563,-0.006178036390027159,-0.0023911268827035543,115.0
0.1030227397766107,0.17527923834774597,0.0701728681007998,-0.00745081235856972,-0.006190750266920448,-0.0023981700828745274,115.19805318077297
0.08814977032458678,0.16289133750877294,0.06535288346019408,-0.007567251921962434,-0.006319391780957053,-0.0024694596835214515,117.1785849885027
0.0665802575962853,0.14479717459036462,0.058238945559009776,-0.007719508935803913,-0.006508067004099718,-0.002573967908657697,120.0
0.0665802575962853,0.14479717459036462,0.058238945559009776,-0.007719508935803913,-0.006508067004099718,-0.002573967908657697,120.0
0.06517124067621917,0.14360885082780725,0.0577687774778985,-0.007728676329771686,-0.006520500601780068,-0.002580870840197953,120.18241824985431
0.05099272743520454,0.1315997120540133,0.052997253534463176,-0.007814513757640891,-0.006646658150177351,-0.0026508210500233147,122.00660074839739
0.02742414569367151,0.11138499980969205,0.044886195491182355,-0.007925031127557073,-0.006861006026705285,-0.002769171552592693,125.0
0.02742414569367151,0.11138499980969205,0.044886195491182355,-0.007925031127557073,-0.006861006026705285,-0.002769171552592693,125.0
0.02619237908817994,0.1103180277784505,0.044455423730559815,-0.007929422329232574,-0.0068723507833100645,-0.0027754371777122355,125.15538404542964
0.013842271117382903,0.09955090193151575,0.04009396275624224,-0.007963750232221784,-0.006986555286434802,-0.0028384176472182714,126.70922449972606
-0.01239167474848313,0.0761650279519577,0.03053583480681531,-0.007959967484841533,-0.007223130886814303,-0.002968991360577985,130.0
-0.01239167474848313,0.0761650279519577,0.03053583480681531,-0.007959967484841533,-0.007223130886814303,-0.002968991360577985,130.0
-0.013459238895358114,0.07519550626333886,0.030137234893789822,-0.00795704669062104,-0.007232125519410151,-0.0029740041144080656,130.13414091886207
-0.024107032325323054,0.06543663914033532,0.026115535895585358,-0.007914400638095684,-0.00731600684199027,-0.003021264967354687,131.4755501074828
-0.051659517665434744,0.03936891218736717,0.015297642666185588,-0.0076999282797434445,-0.007452749780025432,-0.0031065126824482998,135.0
-0.051659517665434744,0.03936891218736717,0.015297642666185588,-0.0076999282797434445,-0.007452749780025432,-0.0031065126824482998,135.0
-0.05284621257629499,0.038219228775198975,0.014818339767506386,-0.00768817743907008,-0.007455393350738465,-0.0031086887273999164,135.1542351398009
-0.0646104658994869,0.026708103928936695,0.010010579206044128,-0.007565465978065537,-0.0074669610385085,-0.0031236360478714316,136.69658653780994
-0.08915085292914374,0.002098981046391557,-0.0003158882212585517,-0.007291823399752986,-0.0074181199795752065,-0.0031218617074334157,140.0
-0.08915085292914374,0.002098981046391557,-0.0003158882212585517,-0.007291823399752986,-0.0074181199795752065,-0.0031218617074334157,140.0
-0.08984516502908849,0.0013923835599133558,-0.0006132783016904576,-0.0072839659967745204,-0.007415568287413327,-0.003121284611284476,140.09526923537305
-0.09674725338749318,-0.005659297898939267,-0.0035837288409737416,-0.007205817111958983,-0.0073873223108062835,-0.0031142523921970887,141.04796158910358
-0.12459859356799444,-0.03456079026026281,-0.015804874151708115,-0.006891656580288477,-0.007229548659244955,-0.0030661265365683294,145.0
-0.12459859356799444,-0.03456079026026281,-0.015804874151708115,-0.006891656580288477,-0.007229548659244955,-0.0030661265365683294,145.0
-0.12567845515986192,-0.035694022744383276,-0.016285544631518736,-0.006879536722407068,-0.007222254773025081,-0.003063731846485798,145.15682909967816
-0.13637327962116377,-0.04696163956440399,-0.021070731695058152,-0.006759693090906806,-0.007146110520224769,-0.003038242261147085,146.7251200964598
-0.1581099407062287,-0.07008410481127138,-0.030923764387964604,-0.0065165836586350695,-0.006972071955666554,-0.0029776422200084906,150.0
-0.1581099407062287,-0.07008410481127138,-0.030923764387964604,-0.0065165836586350695,-0.006972071955666554,-0.0029776422200084906,150.0
-0.15927845501887372,-0.071334651334327,-0.03145791454633529,-0.006503511991895943,-0.0069620510676413625,-0.0029740862124946307,150.17949402182862
-0.17083534056509408,-0.08373980774752447,-0.036763602407575174,-0.006374034650358358,-0.006859684105895904,-0.002937416598957784,151.9744342401148
-0.18979572161272656,-0.10422411620973905,-0.04555266525278626,-0.006160267668063313,-0.006679772138970818,-0.002871715537945718,155.0
-0.18979572161272656,-0.10422411620973905,-0.04555266525278626,-0.006160267668063313,-0.006679772138970818,-0.002871715537945718,155.0
-0.19099211937059607,-0.10552168758539532,-0.046110577676509994,-0.006146706073160068,-0.006667935246142292,-0.002867352961226425,155.19442603613302
-0.20281174874472296,-0.11836982386872144,-0.051642488197355604,-0.006012064107861537,-0.006548121494902183,-0.0028229114355198433,157.13868639746326
-0.21973397612421092,-0.13684902709914054,-0.059623378463857346,-0.005816739879414919,-0.006367751058616186,-0.0027551371537319572,160.0
-0.21973397612421092,-0.13684902709914054,-0.059623378463857346,-0.005816739879414919,-0.006367751058616186,-0.0027551371537319572,160.0
-0.2209302721737221,-0.13815886359484908,-0.060190180104064565,-0.005802805224428163,-0.0063545992134755955,-0.0027501669150738987,160.20591103695284
-0.2327359547413135,-0.15110756469007466,-0.06580145041213473,-0.0056641883916751035,-0.006222101737300005,-0.0026998371323202694,162.26502140648125
-0.2479776437074711,-0.1678815498820091,-0.07309224675928787,-0.005481868386396288,-0.006043763067347701,-0.0026314025874569547,165.0
-0.2479776437074711,-0.1678815498820091,-0.07309224675928787,-0.005481868386396288,-0.006043763067347701,-0.0026314025874569547,165.0
-0.2491564932618953,-0.16918140264958834,-0.07365826786706309,-0.0054675990418740494,-0.006029610283655003,-0.0026259492328465956,165.2153254933058
-0.2607764023476887,-0.18201181396678648,-0.0792535135597368,-0.005325433256596437,-0.005887422545967398,-0.002570914359045558,167.36858042636393
-0.27456250780418306,-0.1972739420862674,-0.08592894723894261,-0.005152828375245822,-0.005712270856925048,-0.0025025279127752235,170.0
-0.27456250780418306,-0.1972739420862674,-0.08592894723894261,-0.005152828375245822,-0.005712270856925048,-0.0025025279127752235,170.0
-0.27571123092194466,-0.19854752009583054,-0.08648697515671774,-0.005138243471321626,-0.005697336445873626,-0.0024966778609928435,170.22324657078045
-0.28701966921037225,-0.21109958456373262,-0.09199509868116268,-0.004992757277750852,-0.005547562692675631,-0.002437764769252802,172.4557122785849
-0.2995124843253074,-0.22499617538389063,-0.09811116472723223,-0.004827635257514717,-0.0053760707006698365,-0.0023697774010008614,175.0
-0.2995124843253074,-0.22499617538389063,-0.09811116472723223,-0.004827635257514717,-0.0053760707006698365,-0.0023697774010008614,175.0
-0.30062078058121033,-0.2262304959057637,-0.09865533186613022,-0.004812752819972206,-0.005360523324390394,-0.0023635966876450042,175.22992774438015
-0.3115157269089632,-0.2383768771639075,-0.10401856006749824,-0.004664155989621837,-0.005204793446464236,-0.002301442450234044,177.52920518818163
-0.322843025076387,-0.2510296754031355,-0.10962176138686652,-0.0045048498439324266,-0.005037031929476967,-0.0022339952127678315,180.0
-0.322843025076387,-0.2510296754031355,-0.10962176138686652,-0.0045048498439324266,-0.005037031929476967,-0.0022339952127678315,180.0
-0.3239019567171319,-0.252213813624832,-0.11014701994517972,-0.00448969370862627,-0.005021012862278258,-0.0022275390381430137,180.23546090629296
-0.33429509467058616,-0.2638476394024508,-0.1153157493425862,-0.004338247859930146,-0.004860701229736142,-0.0021626805404154777,182.59006996922253
-0.34456335708963504,-0.2753637165841269,-0.1204471388704559,-0.0041833978979480225,-0.004696469162361371,-0.002095772849011267,185.0
-0.34456335708963504,-0.2753637165841269,-0.1204471388704559,-0.0041833978979480225,-0.004696469162361371,-0.002095772849011267,185.0
-0.3455649056766897,-0.2764882102845976,-0.12094901233946939,-0.004168000563338653,-0.004680105140134831,-0.0020890909847185698,185.23985170988138
-0.3553772940353147,-0.2875172610315591,-0.1258793839951973,-0.004014049521026562,-0.004516451539158099,-0.0020220157764092935,187.63836880869516
-0.36467800452824883,-0.2979932037570093,-0.13057622591394646,-0.0038624575979035645,-0.004355345104593607,-0.001955540929539187,190.0
-0.36467800452824883,-0.2979932037570093,-0.13057622591394646,-0.0038624575979035645,-0.004355345104593607,-0.001955540929539187,190.0
-0.36561494758166596,-0.2990498310644979,-0.13105072101812154,-0.0038468608330472494,-0.004338754985571654,-0.0019486806231664208,190.24306767086895
-0.37477582497002127,-0.3093943749276389,-0.1357037671828772,-0.0036908381524480673,-0.004172926933864153,-0.0018798541117841048,192.67374437955849
-0.3831878571192232,-0.3189172323217488,-0.13999981888379026,-0.0035413872410664533,-0.004014388355177249,-0.0018136226745224069,195.0
-0.3831878571192232,-0.3189172323217488,-0.13999981888379026,-0.0035413872410664533,-0.004014388355177249,-0.0018136226745224069,195.0
-0.38405383603514665,-0.31989901507950397,-0.14044343713941138,-0.003525640922371979,-0.003997685544759227,-0.001806629816077552,195.24507582408384
-0.392501278272565,-0.3294918227475187,-0.14478519311139051,-0.0033680592293614605,-0.00383080006616254,-0.001736505805087687,197.69583406492225
-0.4000909432808213,-0.3381381114540278,-0.14871013362988356,-0.0032196774421875134,-0.003674165277199468,-0.0016702669353325433,200.0
-0.4000909432808213,-0.3381381114540278,-0.14871013362988356,-0.0032196774421875134,-0.003674165277199468,-0.0016702669353325433,200.0
-0.40088062035371885,-0.3390394269893054,-0.14911993290551404,-0.0032038370079992937,-0.003657457304456477,-0.001663185992148039,200.24587070481604
-0.4085630383974068,-0.3478268106435622,-0.15312202265628347,-0.003045263106481984,-0.0034905753023727034,-0.0015922053189863078,202.70457775297646
-0.41538300505388026,-0.3556606760160785,-0.15670049034367206,-0.002896918498449062,-0.003335125934196269,-0.001525669401686424,205.0
-0.41538300505388026,-0.3556606760160785,-0.15670049034367206,-0.002896918498449062,-0.003335125934196269,-0.001525669401686424,205.0
-0.4160922146495972,-0.3564773696347043,-0.15707414893933205,-0.0028810417710192554,-0.0033185125866901453,-0.0015185426812673137,205.24548784937554
-0.4229697671363059,-0.36442020026663946,-0.16071438148018818,-0.002722065119185351,-0.003152619457507966,-0.0014471253944757074,207.7003663431309
-0.42905793650079077,-0.3714917855678466,-0.1639650854215094,-0.002572777713096266,-0.0029976342709159367,-0.0013799867670450528,210.0
-0.42905793650079077,-0.3714917855678466,-0.1639650854215094,-0.002572777713096266,-0.0029976342709159367,-0.0013799867670450528,210.0
-0.4296837601935477,-0.37222120422466737,-0.16430093212250918,-0.0025569220465522786,-0.0029812057362018853,-0.0013728536021750078,210.2440000918314
-0.4357290108834149,-0.37929515094449817,-0.16756355923522714,-0.0023981263145681237,-0.0028171924202415074,-0.0013013905354008505,212.68400101014535
-0.44110812571570407,-0.38563994861385303,-0.17049882234835337,-0.00224698308316715,-0.0026619887618164104,-0.0012333465000676216,215.0
-0.44110812571570407,-0.38563994861385303,-0.17049882234835337,-0.00224698308316715,-0.0026619887618164104,-0.0012333465000676216,215.0
-0.4416488667911563,-0.3862808669159291,-0.17079581776471242,-0.00223120368403584,-0.0026458248319748954,-0.0012262428344722034,215.24149996860478
-0.44684646899357366,-0.3924756002792992,-0.17367131995110932,-0.0020731499776750974,-0.002484479661759132,-0.001155091304226657,217.65649965465263
-0.45152472745723116,-0.3981150328442467,-0.17629718379931375,-0.001919311584683255,-0.002328436599584116,-0.001085853757848791,220.0
-0.45152472745723116,-0.3981150328442467,-0.17629718379931375,-0.001919311584683255,-0.002328436599584116,-0.001085853757848791,220.0
-0.45197980607208305,-0.398667492675858,-0.17655486105696208,-0.0019036614057344134,-0.0023126074232551635,-0.0010788123764350517,220.2380757168938
-0.45632543986341334,-0.40398507695983155,-0.17903934879764435,-0.0017468872461648792,-0.002154623485964052,-0.001008298400310051,222.61883288583184
-0.460297885199851,-0.4089280354762856,-0.18135613315464,-0.0015895804751718794,-0.0019971838186606775,-0.0009375963607519834,225.0
-0.460297885199851,-0.4089280354762856,-0.18135613315464,-0.0015895804751718794,-0.0019971838186606775,-0.0009375963607519834,225.0
-0.46066770092670967,-0.40939314784359254,-0.18157451912564984,-0.0015741117185104206,-0.001981752166303853,-0.0009306478074200343,225.23378736396808
-0.4641667291986058,-0.4138461031387053,-0.18366896070344493,-0.0014191461740033124,-0.0018277497753917814,-0.0008610752401196249,227.57166100364884
-0.46741691546674063,-0.41809089661515175,-0.18567203759297635,-0.0012576407842055078,-0.0016684025520515883,-0.0007886485276722185,230.0
-0.46741691546674063,-0.41809089661515175,-0.18567203759297635,-0.0012576407842055078,-0.0016684025520515883,-0.0007886485276722185,230.0
-0.4677027267342584,-0.4184706555481865,-0.1858515774047885,-0.001242407972448612,-0.0016534274234324953,-0.000781822682109557,230.2286444784257
-0.4703690583928106,-0.422080176713212,-0.18756107699758442,-0.001089802534420194,-0.0015039899697173972,-0.0007134889621854955,232.51508926268278
-0.4728704642533165,-0.4256163431833468,-0.18924160730608922,-0.00092337257838752,-0.0013422361137310546,-0.0006390736413573388,235.0
-0.4728704642533165,-0.4256163431833468,-0.18924160730608922,-0.00092337257838752,-0.0013422361137310546,-0.0006390736413573388,235.0
-0.4730743272055781,-0.4259134899848239,-0.18938311036151056,-0.0009084374600943725,-0.0013277778337332828,-0.0006324020716110917,235.2225807883646
-0.4749299109802802,-0.42870819978825186,-0.1907164173895932,-0.0007588153212522374,-0.0011835024702006494,-0.0005656217364553261,237.4483886720107
-0.47664664268513585,-0.43151775464153097,-0.19206184698490755,-0.0005866813355624154,-0.0010188027065319819,-0.0004889264267592895,240.0
-0.47664664268513585,-0.43151775464153097,-0.19206184698490755,-0.0005866813355624154,-0.0010188027065319819,-0.0004889264267592895,240.0
-0.4767714528055441,-0.43173572290731776,-0.19216646971887555,-0.0005721208422986467,-0.0010049304832423854,-0.00048244602641870184,240.2154121530435
-0.47784685085323936,-0.4337512743830707,-0.19313587785008612,-0.0004262567641045488,-0.0008665033578656562,-0.0004175870826130406,242.36953368347852
-0.47873314723246163,-0.435809044172225,-0.19413001679343247,-0.000247495356402402,-0.0006981979476450799,-0.000338254592269254,245.0
-0.47873314723246163,-0.435809044172225,-0.19413001679343247,-0.000247495356402402,-0.0006981979476450799,-0.000338254592269254,245.0
-0.4787828600356344,-0.4359520281537349,-0.19419930373269642,-0.0002334162021202159,-0.0006850029818634129,-0.0003320140605947745,245.20674374184998
-0.47911972047995416,-0.43723202923286375,-0.1948211792657619,-9.238294733612432e-05,-0.0005533298221856728,-0.0002695628015650158,247.27418116034974
-0.4791173690835093,-0.43850455003890343,-0.19544360074639355,9.423600783419912e-05,-0.00038049644433975956,-0.00018710016744679948,250.0
-0.4791173690835093,-0.43850455003890343,-0.19544360074639355,9.423600783419912e-05,-0.00038049644433975956,-0.00018710016744679948,250.0
-0.4790971003589842,-0.43857955255628855,-0.19548049791144015,0.000107990169264194,-0.0003678208250640981,-0.0001810307753943029,250.20045667826952
-0.4787426116818652,-0.4391900117236232,-0.1957825262278824,0.00024576011009164346,-0.00024132721225798943,-0.00012029768918733924,252.2050234609647
-0.47778648951457364,-0.43961893863277235,-0.19600028534661842,0.00043854619396590654,-6.575491455096936e-05,-3.550228058226685e-05,255.0
-0.47778648951457364,-0.43961893863277235,-0.19600028534661842,0.00043854619396590654,-6.575491455096936e-05,-3.550228058226685e-05,255.0
-0.4776971132501993,-0.43963087030078196,-0.1960067970508286,0.00045241657820997645,-5.318869207606946e-05,-2.9410611262169168e-05,255.20062866050236
-0.4766501365915164,-0.4396117093688262,-0.19600467010039882,0.0005913485087616053,7.220960961672437e-05,3.154155949606911e-05,257.20691526552594
-0.4747275603445003,-0.43916711909002115,-0.19579794997951078,0.0007854535606743316,0.0002459862989857892,0.00011650090716649813,260.0
-0.4747275603445003,-0.43916711909002115,-0.19579794997951078,0.0007854535606743316,0.0002459862989857892,0.00011650090716649813,260.0
-0.47456313897522906,-0.43911476081065864,-0.1957731298193875,0.0007999018763361023,0.000258852607785589,0.0001228157647913189,260.20742533996133
-0.4727539179851614,-0.4384445982217489,-0.1954528609571834,0.0009446262630134572,0.00038723461146851306,0.00018599847572426412,262.28167873957466
-0.46992761034871783,-0.4371641483802472,-0.19483461660281554,0.001134948883241926,0.0005547085682255923,0.0002688904011255407,265.0
-0.46992761034871783,-0.4371641483802472,-0.19483461660281554,0.001134948883241926,0.0005547085682255923,0.0002688904011255407,265.0
-0.469681312378924,-0.4370431393211631,-0.19477594118279043,0.0011500764230033189,0.000567949665165197,0.0002754697458614934,265.2155757775679
-0.467038777421563,-0.435676280088848,-0.1941111528951992,0.0013016074469810496,0.0007000604278387301,0.0003412961586027979,267.3713335532468
-0.4633737626230837,-0.433625115462826,-0.19310841763460676,0.001487003466712504,0.0008604179977574338,0.0004216408901535278,270.0
-0.4633737626230837,-0.433625115462826,-0.19310841763460676,0.001487003466712504,0.0008604179977574338,0.0004216408901535278,270.0
-0.46304121939633525,-0.43343220442729663,-0.19301386374903887,0.0015027271703952887,0.0008739476857255787,0.0004284459002906402,270.2224570416
-0.45952319925469887,-0.4313378007206501,-0.19198504034174366,0.0016602286907885359,0.001008931184472478,0.0004965270782152002,272.44702745760026
-0.4550533371996819,-0.4285650172072763,-0.1906176159597055,0.0018415669039849758,0.001163145725039737,0.000574725384379987,275.0
-0.4550533371996819,-0.4285650172072763,-0.1906176159597055,0.0018415669039849758,0.001163145725039737,0.000574725384379987,275.0
-0.4546309234013425,-0.4282978195632601,-0.19048556681196072,0.0018578219484387613,0.0011768994123966038,0.0005817261249712953,275.22836955426766
-0.45020240240243553,-0.42545334884616387,-0.18907712078814504,0.0020206400829106052,0.0013141158323670384,0.000651762093802423,277.51206509694424
-0.4449539655385375,-0.42199862992542936,-0.18736060677888194,0.002198564538662895,0.00146294940331966,0.000728117829851467,280.0
-0.4449539655385375,-0.42199862992542936,-0.18736060677888194,0.002198564538662895,0.00146294940331966,0.000728117829851467,280.0
-0.44443874353117985,-0.42165546922246266,-0.1871897858681148,0.0022152934979035414,0.0014768742491921086,0.0007352885104605542,280.23345658047384
-0.43907150487198865,-0.41804532830763574,-0.18538948347957063,0.0023828478188645773,0.0016158018852193605,0.0008070207572648589,282.56802238521226
-0.43306371986550596,-0.4139403674742858,-0.18333591476570002,0.0025578940198322736,0.0017599171324548038,0.0008817923608470257,285.0
-0.43306371986550596,-0.4139403674742858,-0.18333591476570002,0.0025578940198322736,0.0017599171324548038,0.0008817923608470257,285.0
-0.4324534979506387,-0.41352024634151746,-0.1831253835978412,0.002575040131371318,0.0017739664304066793,0.0008891084734400361,285.23776732370726
-0.4261268428555451,-0.40913557117738647,-0.18092437942462175,0.0027467559908551254,0.0019141458854883347,0.0009622912715094027,287.61544056077986
-0.41937126346755677,-0.40440411617166905,-0.17854219487504888,0.0029194202942991786,0.002054172864307462,0.0010357225757810409,290.0
-0.41937126346755677,-0.40440411617166905,-0.17854219487504888,0.0029194202942991786,0.002054172864307462,0.0010357225757810409,290.0
-0.41866473551218747,-0.4039067673746832,-0.17829139193404425,0.0029369225848263508,0.0020683024786439454,0.0010431588920563947,290.24128643359285
-0.4113669865625106,-0.39874602086235567,-0.17568466230133697,0.0031121820452377326,0.002209301355347959,0.0011175392292011859,292.6541507695213
-0.4038660303656432,-0.39340303837054846,-0.17297823767313533,0.003282968756806323,0.0023458836239550526,0.0011898804370586299,295.0
-0.4038660303656432,-0.39340303837054846,-0.17297823767313533,0.003282968756806323,0.0023458836239550526,0.0011898804370586299,295.0
-0.40306297265947394,-0.3928290265564437,-0.17268704519689645,0.003300758276382236,0.0023600497372793404,0.0011974095480277208,295.24395233324464
-0.39479352737092754,-0.38689906862756857,-0.16967408918363933,0.0034788621163046496,0.0025014404202879223,0.001272712477924418,297.683475665691
-0.38653844603135545,-0.3809493337990825,-0.1666429804777228,0.003648315518646333,0.002635269316369895,0.0013442350234018528,300.0
-0.38653844603135545,-0.3809493337990825,-0.1666429804777228,0.003648315518646333,0.002635269316369895,0.0013442350234018528,300.0
-0.38563993822013914,-0.38030017677515293,-0.16631180405467302,0.0036663126299411033,0.002649427355387939,0.0013518263755617414,300.24567424588906
-0.3764115344276019,-0.37361750254548015,-0.1628974599001265,0.003846452871204377,0.0027907765539235286,0.0014277453275998522,302.7024167047797
-0.3673802061023385,-0.3670539434988566,-0.1595355259904965,0.00401517368249324,0.002922616082669603,0.001498750743180915,305.0
-0.3673802061023385,-0.3670539434988566,-0.1595355259904965,0.00401517368249324,0.002922616082669603,0.001498750743180915,305.0
-0.36638882854689353,-0.36633221339949584,-0.15916536703535797,0.0040332866300695925,0.0029367209465340958,0.0015063702620602124,305.24635211308185
-0.35622953197096524,-0.35892395569267865,-0.15536053944179132,0.004214531791756644,0.0030775922519216486,0.001582563205361615,307.7098732439004
-0.34638463772265315,-0.351726174994949,-0.1516551716830636,0.004383173602947481,0.0032082947627163007,0.00165338475764796,310.0
-0.34638463772265315,-0.351726174994949,-0.1516551716830636,0.004383173602947481,0.0032082947627163007,0.00165338475764796,310.0
-0.345304592215804,-0.35093553691569934,-0.15124767067956033,0.004401298516248529,0.003222302453545374,0.0016609951240321313,310.24589878916794
-0.33425896592069754,-0.3428398046075195,-0.1470697443061875,0.004582593023558347,0.0033622729669383756,0.0017370872169328523,312.7048866808473
-0.32354718088056134,-0.3349732178127362,-0.14300145493733796,0.004751833935953743,0.003492786785983597,0.0018080831491463516,315.0
-0.32354718088056134,-0.3349732178127362,-0.14300145493733796,0.004751833935953743,0.003492786785983597,0.0018080831491463516,315.0
-0.32238430077014246,-0.33411837855182763,-0.14255889053662063,0.0047698559493364314,0.0035066572917710594,0.001815644614962338,315.2442591838217
-0.3105134226008046,-0.32538366297858284,-0.13803168310901104,0.004950030307108343,0.0036453469624007865,0.0018912361701539247,317.686851022039
-0.2988660486710617,-0.3167995030573824,-0.1335742222145887,0.0051205178228117005,0.0037767214560051085,0.001962774948429317,320.0
-0.2988660486710617,-0.3167995030573824,-0.1335742222145887,0.0051205178228117005,0.0037767214560051085,0.001962774948429317,320.0
-0.29762771194515847,-0.31588607810220803,-0.13309946977671347,0.005138312302958647,0.003790422384314172,0.0019702463226797438,320.2414186918692
-0.2850082022485036,-0.30656982785604453,-0.12825277151001171,0.00531609353249718,0.003927531278018187,0.002044922320574081,322.6556056105615
-0.2723431628778867,-0.2972058357213203,-0.12337373648178858,0.005488364409740095,0.004060930918909703,0.00211736243754797,325.0
-0.2723431628778867,-0.2972058357213203,-0.12337373648178858,0.005488364409740095,0.004060930918909703,0.00211736243754797,325.0
-0.27103818016995396,-0.2962401851171219,-0.12287021283540746,0.0055057966551709725,0.004074441222259546,0.002124701662038129,325.23739557702885
-0.25776100139210156,-0.28640708145153515,-0.11773919639815228,0.005679801935377581,0.004209788467158214,0.0021980368748033084,327.61135134731734
-0.2439855291026184,-0.2761881866197447,-0.11240084871561443,0.0058541773629723175,0.004346533682379323,0.002271704475733182,330.0
-0.2439855291026184,-0.2761881866197447,-0.11240084871561443,0.0058541773629723175,0.004346533682379323,0.002271704475733182,330.0
-0.2426241214416447,-0.2751772995260181,-0.11187248725810404,0.005871098759766942,0.00435984701639674,0.0022788681457356096,330.23221755769396
-0.22879434059909376,-0.2648980517906607,-0.10649744531942419,0.006039790803758893,0.004493407293337252,0.0023504211440347556,332.55439313463353
-0.21380734692951983,-0.253735957579005,-0.10065728282897075,0.00621623388658173,0.004635066014628337,0.002425586201096556,335.0
-0.21380734692951983,-0.253735957579005,-0.10065728282897075,0.00621623388658173,0.004635066014628337,0.002425586201096556,335.0
-0.21240134928256066,-0.2526874761978838,-0.10010859162453184,0.006232472035995412,0.004648193730307302,0.0024325273337568974,335.2258865139601
-0.19814025793414142,-0.24203905396809502,-0.09453553995828708,0.006394048650170853,0.004780131942182037,0.0025018157664799976,337.4847516535613
-0.18183342158569366,-0.22982940067785876,-0.08814613499739393,0.006571936488470072,0.00492869677420477,0.002578659783630861,340.0
-0.18183342158569366,-0.22982940067785876,-0.08814613499739393,0.006571936488470072,0.00492869677420477,0.002578659783630861,340.0
-0.1803968828789206,-0.22875189254776135,-0.08758240368962701,0.006587275199486649,0.004941670883605985,0.0025853227536217966,340.21833197429197
-0.16584821636102276,-0.2178202884183213,-0.08186521842846599,0.0067394457446848756,0.005072379078529685,0.00265176749493959,342.4016517172117
-0.14810504952822875,-0.2044356254197533,-0.07487281268644548,0.006917126572400085,0.005230592079686181,0.0027303178530281485,345.0
-0.14810504952822875,-0.2044356254197533,-0.07487281268644548,0.006917126572400085,0.005230592079686181,0.0027303178530281485,345.0
-0.14665553851477847,-0.20333930659815055,-0.0743005877218604,0.006931266526746602,0.005243467944764017,0.0027366278797435065,345.2093398792041
-0.13199895933422467,-0.1922268788605266,-0.06850589598747944,0.00707080787543295,0.005373601261579049,0.0027994354435678555,347.30273867124504
-0.11269104879846085,-0.17750217295437487,-0.06084697469243738,0.007244590467579857,0.005545548217523436,0.002879389846719068,350.0
-0.11269104879846085,-0.17750217295437487,-0.06084697469243738,0.007244590467579857,0.005545548217523436,0.002879389846719068,350.0
-0.11125246891774372,-0.17640065042255337,-0.06027511849011581,0.007257066648621387,0.005558401679158217,0.0028852294037457877,350.1984020249076
-0.09673253165179606,-0.1652438598696505,-0.05449317432157199,0.007378878719653181,0.005688847829020999,0.002943122614592317,352.1824222739834
-0.07571079326415305,-0.1489464571691831,-0.046087080947574716,0.007540370804144747,0.005881017844012338,0.0030232960594088988,355.0
-0.07571079326415305,-0.1489464571691831,-0.046087080947574716,0.007540370804144747,0.005881017844012338,0.0030232960594088988,355.0
-0.07432046898564454,-0.14786162369795217,-0.04552952838964185,0.007550359229752807,0.005893899843074862,0.003028442581138927,355.18426186300195
-0.0603191401192228,-0.1368811471303434,-0.03990245193335289,0.007645248881999503,0.0060252156556047905,0.0030789382845348282,357.02688049302145
-0.03738951632993697,-0.11864014829348898,-0.030633061833592636,0.007773220619650366,0.006247684681066348,0.003155195061551771,360.0
-0.03738951632993697,-0.11864014829348898,-0.030633061833592636,0.007773220619650366,0.006247684681066348,0.003155195061551771,360.0
-0.03612430088258107,-0.11762259952972076,-0.030119377478275977,0.0077790601593187405,0.006260253984520821,0.0031591197488532612,360.162704559335
-0.023424759344315177,-0.10733337907641209,-0.024948564058586385,0.007828677580481868,0.006388112186618816,0.0031962744550029978,361.789750152685
0.0017895067514682485,-0.08641125332781072,-0.014589492695429149,0.007863293156310533,0.006646538172701339,0.0032527704174425912,365.0
0.0017895067514682485,-0.08641125332781072,-0.014589492695429149,0.007863293156310533,0.006646538172701339,0.0032527704174425912,365.0
0.0025654174965023644,-0.08575499219228987,-0.01426845118860406,0.00786263079496163,0.006654376822978792,0.0032540034911227173,365.0986790694025
0.010318621156022565,-0.07915034968060741,-0.011052094516942905,0.00784927121693983,0.006731178497373572,0.003264126847633353,366.08546976342774
0.0407620004336556,-0.052289972325315744,0.001737120108297751,0.007674141605338774,0.006968157219768861,0.0032568414777448063,370.0
0.0407620004336556,-0.052289972325315744,0.001737120108297751,0.007674141605338774,0.006968157219768861,0.0032568414777448063,370.0
0.04165877809754107,-0.05147501445090358,0.002117814897296044,0.007666396653276552,0.00697273605978565,0.0032554309123346147,370.1169159274388
0.05057460481852544,-0.043299778271391115,0.0059143617830968755,0.007583895927534664,0.0070092929452385275,0.0032381325238984857,371.2860752018269
0.07820520115834131,-0.01719335039708036,0.017797632510958394,0.007291634410292062,0.0070272430293900935,0.003155803067526023,375.0
0.07820520115834131,-0.01719335039708036,0.017797632510958394,0.007291634410292062,0.0070272430293900935,0.003155803067526023,375.0
0.07925242914183647,-0.016183414280228348,0.01825096324365631,0.007280045711414213,0.00702551363433359,0.003152074038914482,375.1437346946496
0.0896332206146915,-0.006101579715335035,0.022754083594031263,0.007164461808698697,0.0070007100077349406,0.0031134222063533127,376.58108164114554
0.11366459703166525,0.01767430219579222,0.033232126303371,0.0068949670638113435,0.00689935009684921,0.0030148510483379567,380.0
0.11366459703166525,0.01767430219579222,0.033232126303371,0.0068949670638113435,0.00689935009684921,0.0030148510483379567,380.0
0.11467767940604316,0.018688470467304572,0.03367514481442439,0.006883591732890113,0.006893962775485022,0.003010477191748751,380.14705204153296
0.12471701895544687,0.028784694302352285,0.03806973931914196,0.006770841338672656,0.006836488901842321,0.002966331832029418,381.61757245686255
0.14718882433853275,0.05165812999687543,0.04792868390520774,0.006517961909162533,0.006684365458887461,0.0028628159906940454,385.0
0.14718882433853275,0.05165812999687543,0.04792868390520774,0.006517961909162533,0.006684365458887461,0.0028628159906940454,385.0
0.14834919815393233,0.05284855558097144,0.04843836478292229,0.006504869537888417,0.006675723352726791,0.002857311006456364,385.1782061196077
0.15982531522357987,0.06466637502996123,0.05348109171569411,0.006375058339468061,0.006586574377319401,0.002802065957638155,386.96026731568463
0.17887232666472375,0.08444489294923029,0.06185465418283863,0.0061577712516118575,0.006424984762627143,0.002707244175880444,390.0
0.17887232666472375,0.08444489294923029,0.06185465418283863,0.0061577712516118575,0.006424984762627143,0.002707244175880444,390.0
0.18007040710212013,0.08569531992800244,0.06238138253470834,0.00614400970709576,0.006414276573518476,0.0027011530830688877,390.1947816700607
0.19190441164296135,0.09808356411799372,0.06758335720293675,0.006007302612290896,0.006305306718881674,0.0026401644406153354,392.14259837066777
0.20878624161029927,0.11586574807666222,0.07499933096328705,0.005809383741503741,0.006140154667694645,0.002550522047346639,395.0
0.20878624161029927,0.11586574807666222,0.07499933096328705,0.005809383741503741,0.006140154667694645,0.002550522047346639,395.0
0.2099859499926766,0.11713405942165182,0.07552601903509747,0.0057951749768217825,0.006127981300232376,0.002544033840612506,395.2067650549472
0.22182195544006833,0.1296777652653506,0.08071910095732486,0.0056537748845726064,0.0060049270815606785,0.002479133401489457,397.2744156044192
0.23697966533603707,0.14582005853050262,0.08735957478885062,0.005469052359846399,0.0058395449282065935,0.0023935645340865974,400.0
0.23697966533603707,0.14582005853050262,0.08735957478885062,0.005469052359846399,0.0058395449282065935,0.0023935645340865974,400.0
0.23816120788250816,0.14708189167752642,0.08787664046478083,0.005454469570901422,0.005826269828881987,0.0023867774650364877,400.21632999459985
0.24980350767212037,0.1595415576980975,0.09296655373347629,0.005309138865273948,0.0056925877538384125,0.0023189209117650137,402.3796299405983
0.2634859243345931,0.17424393371318425,0.09893534744376112,0.0051341513374090165,0.005528689709738609,0.0022367776582990955,405.0
0.2634859243345931,0.17424393371318425,0.09893534744376112,0.0051341513374090165,0.005528689709738609,0.0022367776582990955,405.0
0.26463553819556057,0.17548210839784714,0.09943613724258522,0.005119230904364882,0.005514561383389878,0.0022297558098254458,405.22424093007965
0.2759479307773675,0.1876890871212788,0.10435745900095447,0.004970365946475041,0.005372626611800859,0.002159570922370215,407.4666502308761
0.28832725056921327,0.20109540190232533,0.10972805547942702,0.0048028159196550815,0.005211040749370431,0.0020803614736363205,410.0
0.28832725056921327,0.20109540190232533,0.10972805547942702,0.0048028159196550815,0.005211040749370431,0.0020803614736363205,410.0
0.28943399223965766,0.20229641310246307,0.11020737516763529,0.004787587685581573,0.0051962476164188216,0.0020731543877696777,410.23080191333736
0.3003082730784665,0.21411837561174765,0.11490912163787717,0.004635514217105648,0.005047874046916575,0.0020011297441539758,412.53882104671095
0.3115178992776951,0.22634660325309874,0.11973984388700525,0.004473686002849043,0.00488889636875643,0.0019244225971599025,415.0
0.3115178992776951,0.22634660325309874,0.11973984388700525,0.004473686002849043,0.00488889636875643,0.0019244225971599025,415.0
0.3125723848019513,0.22749915103082272,0.12019336621071607,0.004458183791115585,0.0048735944912889,0.0019170738124298214,415.23611754104735
0.3229160076796885,0.23882567457917492,0.12463319996976195,0.004303262182391167,0.004720295365841062,0.0018436409212543956,417.59729295152084
0.3330662319837496,0.24997931074775756,0.12897326329641295,0.004145742599225333,0.004563866819812983,0.0017690216896329672,420.0
0.3330662319837496,0.24997931074775756,0.12897326329641295,0.004145742599225333,0.004563866819812983,0.0017690216896329672,420.0
0.3340601458172737,0.25107366518448326,0.1293972860387515,0.004130008045608702,0.004548194537676194,0.001761572730707857,420.24019907922695
0.34379142742339286,0.26181003164017486,0.13353915706884145,0.00397267293023519,0.0043913194585248234,0.0016871444521691893,422.6421898714965
0.35297614325598303,0.27198218137922886,0.13743110167880876,0.0038182040383250896,0.004237126761404467,0.0016141954486743521,425.0
0.35297614325598303,0.27198218137922886,0.13743110167880876,0.0038182040383250896,0.004237126761404467,0.0016141954486743521,425.0
0.35390213092103967,0.2730099782899762,0.13782248032724279,0.0038022870630898048,0.00422121181894348,0.0016066873630540329,425.2430257140472
0.362949202589946,0.283075176055,0.14163596672152007,0.0036430532515317102,0.0040620126875953394,0.0015316725652956037,427.67328285451896
0.3712480668382544,0.2923489753265174,0.14511629530145423,0.0034904585206404206,0.00390956151567484,0.0014599677422584883,430.0
0.3712480668382544,0.2923489753265174,0.14511629530145423,0.0034904585206404206,0.00390956151567484,0.0014599677422584883,430.0
0.3720998259556472,0.29330324215473513,0.14547246404396214,0.003474415572682527,0.0038935233701687406,0.0014524410600604736,430.2445870702483
0.38040149788693917,0.3026301858055317,0.1489329598851204,0.0033138613031436434,0.003733174407031797,0.0013772438661996875,432.69045777273146
0.38787970572210456,0.31107734932642156,0.1520318808132296,0.0031620193638417986,0.0035818560896927563,0.0013063555349007495,435.0
0.38787970572210456,0.31107734932642156,0.1520318808132296,0.0031620193638417986,0.0035818560896927563,0.0013063555349007495,435.0
0.38865214037902807,0.3119526128539846,0.15235089993570322,0.003145910314233188,0.0035658053689103775,0.0012988493209253869,435.24490906996164
0.39615935119438817,0.3204891266330986,0.1554400443376915,0.0029846466295949054,0.0034053959595162827,0.0012238594584591525,437.693999769578
0.40286657616385974,0.328168007389129,0.1581809700764424,0.0028324942727663022,0.003254551994805006,0.001153372338125474,440.0
0.40286657616385974,0.328168007389129,0.1581809700764424,0.0028324942727663022,0.003254551994805006,0.001153372338125474,440.0
0.4035559086266002,0.32896036574538745,0.15846155321082772,0.0028163790907283696,0.0032385888915122583,0.0011459230059706722,440.24406013119733
0.41023273567060436,0.3366697970252397,0.16116745316227152,0.002655016778784836,0.003079106591739185,0.0010715038666660836,442.6846614431706
0.4162024231821862,0.343624082753113,0.16356673838726632,0.0025015640143278245,0.0029280845130641017,0.0010010302517283458,445.0
0.4162024231821862,0.343624082753113,0.16356673838726632,0.0025015640143278245,0.0029280845130641017,0.0010010302517283458,445.0
0.41680620491273174,0.344331175141161,0.16380823591553215,0.0024855002971015043,0.0029122976410694817,0.000993670733011261,445.2421391052114
0.4226298906278102,0.35119201238741415,0.16612526357484678,0.0023246252411636597,0.002754616229708036,0.0009201510232658716,447.66353015732517
0.4278795454037764,0.3574506742880962,0.16819242092271086,0.002168967077594317,0.002602808123005491,0.000849341283064113,450.0
0.4278795454037764,0.3574506742880962,0.16819242092271086,0.002168967077594317,0.002602808123005491,0.000849341283064113,450.0
0.4283965669806349,0.35807154397143104,0.16839476165393508,0.0021530091217559196,0.002587274688840925,0.0008421008877913825,450.23925235186675
0.43335657989430154,0.3640760174164998,0.17032295724962443,0.0019931730481964243,0.002432155572095201,0.0007697732022263407,452.6317758705343
0.43788905452547694,0.3696544889917345,0.17206131472443154,0.001834488601770103,0.0022790140560093475,0.0006983182806056024,455.0
0.43788905452547694,0.3696544889917345,0.17206131472443154,0.001834488601770103,0.0022790140560093475,0.0006983182806056024,455.0
0.43831919561247534,0.37018937986514017,0.17222492539359652,0.0018186881651218768,0.0022638015444915198,0.0006912232999408651,455.23548873762195
0.44241574124679167,0.37534144999242885,0.1737692017995984,0.0016604163418944104,0.002111910359347921,0.0006203501171458235,457.59037611384144
0.44622108707418184,0.3802435586615139,0.1751767846598288,0.001497952198481691,0.0019569427462598596,0.000547975612977653,460.0
0.44622108707418184,0.3802435586615139,0.1751767846598288,0.001497952198481691,0.0019569427462598596,0.000547975612977653,460.0
0.4465651603797585,0.3806936993013154,0.1753025112710666,0.0014823608240633328,0.001942111928239737,0.0005410505704170262,460.23089736458894
0.44980767393320337,0.38500696098162984,0.1764718955962628,0.0013261754432692403,0.001794048366957637,0.000471876725499042,462.53987101047835
0.45286498098726247,0.3892270091597298,0.1775422725333023,0.0011592139454324457,0.0016367926309976582,0.0003983297632187031,465.0
0.45286498098726247,0.3892270091597298,0.1775422725333023,0.0011592139454324457,0.0016367926309976582,0.0003983297632187031,465.0
0.45312461716919616,0.38959442873359634,0.1776313237920482,0.0011438868201543116,0.0016224017843779735,0.000391599254188165,465.22546654854295
0.4555306999129091,0.3930903639315247,0.17843843359049605,0.0009903457849621713,0.0014787415312986845,0.00032437028441907877,467.4801320339725
0.45780942614502496,0.3966148672769476,0.17916130875814512,0.0008181578981982516,0.0013187265275573304,0.0002493997675400218,470.0
0.45780942614502496,0.3966148672769476,0.17916130875814512,0.0008181578981982516,0.0013187265275573304,0.0002493997675400218,470.0
0.45798703807688096,0.3969022729303077,0.17921523813161605,0.0008031598045588855,0.001304837259338795,0.00024289109305597676,470.2190956711192
0.4595822254366495,0.3996091479895328,0.1796761581636196,0.0006529165043184155,0.0011661899051775041,0.0001778795049471664,472.4100523823111
0.4610425956225539,0.40241789435142206,0.1800375265985501,0.0004746928154167846,0.0010028760488819072,0.00010120781099780272,475.0
0.4610425956225539,0.40241789435142206,0.1800375265985501,0.0004746928154167846,0.0010028760488819072,0.00010120781099780272,475.0
0.4611414695458157,0.40262863437209173,0.18005827472198516,0.00046010813769637197,0.0009895623527610528,9.495516535871625e-05,475.2115398858994
0.46196033589590013,0.40458130851213076,0.18019306265163515,0.00031401185715398576,0.0008566615939593304,3.250220196450188e-05,477.32693874489354
0.4625522629964661,0.40664743846454243,0.18017467910787197,0.00012874982206549404,0.0006893446772205645,-4.6220284052496234e-05,480.0
0.4625522629964661,0.40664743846454243,0.18017467910787197,0.00012874982206549404,0.0006893446772205645,-4.6220284052496234e-05,480.0
0.4625769468787617,0.40678596168037123,0.1801647002985303,0.00011466492244784066,0.0006766765429262655,-5.218364715711529e-05,480.20281278468116
0.46266650818852306,0.4080300418373901,0.17999844303775817,-2.6416070794240884e-05,0.0005502168866453378,-0.00011174617177870275,482.23094063149273
0.4623259070308186,0.40931530426328633,0.1795766549920751,-0.00021972032063364397,0.0003782117790058936,-0.00019285596968900061,485.0
0.4623259070308186,0.40931530426328633,0.1795766549920751,-0.00021972032063364397,0.0003782117790058936,-0.00019285596968900061,485.0
0.4622798820586751,0.4093907735300215,0.17953691940748487,-0.00023391632887673143,0.0003656366505465004,-0.0001987896554610171,485.20291589690726
0.46166103403571196,0.4100052822862437,0.1790733947257047,-0.0003761094882941733,0.00024010960825372545,-0.0002580512836869985,487.2320748659798
0.46035079136522333,0.41043364967154355,0.17824750283739613,-0.0005707544848280037,6.953937305151459e-05,-0.00033866371686334983,490.0
0.46035079136522333,0.41043364967154355,0.17824750283739613,-0.0005707544848280037,6.953937305151459e-05,-0.00033866371686334983,490.0
0.46023328041131123,0.41044651854737924,0.1781780397742218,-0.000585084820574974,5.7039666247201384e-05,-0.00034457523755918593,490.20333453835764
0.4588977431005039,0.4104355783822219,0.17741735516806362,-0.0007286212215805107,-6.773221229754294e-05,-0.00040361028085322907,492.236679921934
0.4566140580641929,0.4100148623229208,0.17619146734597857,-0.0009243643969546265,-0.00023664276563657973,-0.00048360044744387865,495.0
0.4566140580641929,0.4100148623229208,0.17619146734597857,-0.0009243643969546265,-0.00023664276563657973,-0.00048360044744387865,495.0
0.4564183149688464,0.40996380655436704,0.17608924212152338,-0.0009392774183553107,-0.00024945093572086545,-0.0004896705263119634,495.2100652304562
0.4542884044185369,0.4093054434694244,0.17499692559979885,-0.0010886532465471624,-0.0003772948779327786,-0.0005502800830835796,497.31071753501845
0.45110285995777377,0.40807140295210587,0.173413001738299,-0.0012805338811543783,-0.0005403354132519986,-0.0006276256164282109,500.0
0.45110285995777377,0.40807140295210587,0.173413001738299,-0.0012805338811543783,-0.0005403354132519986,-0.0006276256164282109,500.0
0.4508217194525931,0.4079520509956221,0.1732753576723384,-0.0012961373247729394,-0.0005535320133052504,-0.0006338905912514207,500.218219996885
0.4478228420465852,0.40660033625474384,0.17182380451821322,-0.0014524310811915428,-0.0006852472657400983,-0.0006964348357071259,502.4004199657351
0.44380447700434744,0.4046156614348167,0.16991679515731778,-0.0016392279697439263,-0.0008415665201185207,-0.0007706851491398859,505.0
0.44380447700434744,0.4046156614348167,0.16991679515731778,-0.0016392279697439263,-0.0008415665201185207,-0.0007706851491398859,505.0
0.44343379099561475,0.40442477133026455,0.16974265183167342,-0.0016554307154139872,-0.0008550642676330727,-0.0007771006614656242,505.2250224594938
0.4395261914164189,0.40234902165589137,0.16792191357618724,-0.0018177250347406143,-0.0009897848780716413,-0.0008411349301517766,507.4752470544318
0.4347064194829845,0.39965981310479776,0.16570783648043097,-0.002000389047723993,-0.0011403945276078403,-0.0009127129034591789,510.0
0.4347064194829845,0.39965981310479776,0.16570783648043097,-0.002000389047723993,-0.0011403945276078403,-0.0009127129034591789,510.0
0.4342428813497688,0.3993950720857686,0.16549646614734545,-0.002017117365202604,-0.0011541268630806032,-0.0009192427520491102,510.23075917251606
0.42939497141314065,0.39657358146780547,0.16329999843541337,-0.002184668511646268,-0.001291194609801356,-0.0009844035162486966,512.5383508976767
0.4237965516046234,0.3932156558373323,0.1607914747293865,-0.0023639324964715687,-0.0014369127859083955,-0.0010536305417136582,515.0
0.4237965516046234,0.3932156558373323,0.1607914747293865,-0.0023639324964715687,-0.0014369127859083955,-0.0010536305417136582,515.0
0.4232377049137217,0.39287555352703896,0.16054251406876072,-0.0023811181778390068,-0.0014508237378904304,-0.0010602416680892356,515.2355493434616
0.4174263772228716,0.3892945147010827,0.157967387456592,-0.002553236910911905,-0.0015896872251220458,-0.0011261964156691706,517.5910427780773
0.41106323753783164,0.3852944220728217,0.15517348684545615,-0.0027297420143991267,-0.0017312552225594337,-0.0011933446775912566,520.0
0.41106323753783164,0.3852944220728217,0.15517348684545615,-0.0027297420143991267,-0.0017312552225594337,-0.0011933446775912566,520.0
0.41040760422064254,0.38487826024446314,0.15488698995392022,-0.0027473148853718174,-0.0017452935969897493,-0.0012000041189459236,520.2394108443831
0.40361967018872325,0.3805319814858483,0.1519344804516171,-0.0029232911882312697,-0.0018854505096690558,-0.0012664208721397789,522.633519288214
0.3964955154078063,0.3759065574955792,0.14886016222696494,-0.0030976630020724586,-0.0020236041081344333,-0.0013317429697946755,525.0
0.3964955154078063,0.3759065574955792,0.14886016222696494,-0.0030976630020724586,-0.0020236041081344333,-0.0013317429697946755,525.0
0.39574279982481564,0.3754145375262054,0.1485366786735503,-0.0031155457127305304,-0.002037720016740758,-0.0013384158555516867,525.2422953104204
0.38797714387753457,0.37030639384214664,0.14521308884251047,-0.0032945963402571123,-0.00217868271263292,-0.0014049430935242448,527.6652484146249
0.3800833108475991,0.3650614542696782,0.14185840990944285,-0.0034674931939990125,-0.002314200611428322,-0.0014686888888764196,530.0
0.3800833108475991,0.3650614542696782,0.14185840990944285,-0.0034674931939990125,-0.002314200611428322,-0.0014686888888764196,530.0
0.379234632696713,0.3644947959649775,0.14149906880081176,-0.0034855977908373717,-0.00232834379076415,-0.0014753372186923838,530.2441153797578
0.370504610457692,0.358638454225104,0.13781658955946388,-0.0036668316331485117,-0.002469622748744884,-0.0015415915670891971,532.6852691773355
0.36181770679275255,0.35276712226409424,0.13417589652617087,-0.0038389692737040323,-0.002603359265293918,-0.0016040145103382235,535.0
0.36181770679275255,0.35276712226409424,0.13417589652617087,-0.0038389692737040323,-0.002603359265293918,-0.0016040145103382235,535.0
0.3608758013945434,0.35212816292176763,0.13378247193557963,-0.00385719566040323,-0.0026174791609645176,-0.001610596681631229,535.244772678655
0.3512112540055144,0.3455485635359368,0.12975983538191255,-0.004039597952638448,-0.0027585840477419806,-0.0016761580110090384,537.6924994652045
0.3416912938373584,0.3390297751653332,0.12582122733676002,-0.004211747619912813,-0.0028914878784254334,-0.0017375102903255354,540.0
0.3416912938373584,0.3390297751653332,0.12582122733676002,-0.004211747619912813,-0.0028914878784254334,-0.0017375102903255354,540.0
0.3406606161451275,0.33832199822323866,0.1253961609006291,-0.004229983947845038,-0.0029055354945086457,-0.001743981319321124,540.2441863296464
0.3301088561591311,0.33105558417676323,0.12105884124683494,-0.004412419625819821,-0.0030459939209323975,-0.0018083946263348226,542.68604962611
0.31969863822913636,0.3238532980938086,0.11680418890082497,-0.004585375812488538,-0.0031791155450224973,-0.0018689102947343564,545.0
0.31969863822913636,0.3238532980938086,0.11680418890082497,-0.004585375812488538,-0.0031791155450224973,-0.0018689102947343564,545.0
0.3185853370580499,0.3230812629220528,0.11635055904888786,-0.004603500245947455,-0.003193046712982406,-0.0018752224459522482,545.2423149828047
0.3072107833382822,0.31517518304149783,0.11173042312636419,-0.0047847306677770195,-0.003332437376542108,-0.0019380035695510383,547.6654648108519
0.295836926432402,0.3072385467295363,0.10713608233864011,-0.004959249296972982,-0.003466932874809601,-0.0019978701566607643,550.0
0.295836926432402,0.3072385467295363,0.10713608233864011,-0.004959249296972982,-0.003466932874809601,-0.0019978701566607643,550.0
0.2946487180719309,0.30640773630127965,0.10665753535354235,-0.0049771317793939,-0.0034807121590975025,-0.0020039734111855167,550.2391631950514
0.2825315094330763,0.29791821743925023,0.10179211004055154,-0.0051558306726721395,-0.0036187047797849566,-0.002064612744300425,552.6307951455659
0.27010688222558954,0.28918240209875407,0.09683019432659552,-0.005332543521506197,-0.00375585089933891,-0.0021239329870770852,555.0
0.27010688222558954,0.28918240209875407,0.09683019432659552,-0.005332543521506197,-0.00375585089933891,-0.0021239329870770852,555.0
0.2688529197799934,0.288299053562002,0.09633087802143214,-0.005350045557482945,-0.0037694552472621384,-0.0021297746155675835,555.2347674987525
0.2560875228186147,0.27928962469037977,0.09126266105167884,-0.00552479366886841,-0.0039058486619408363,-0.002187731228759793,557.5824424862774
0.2425141211570035,0.2696764612737451,0.08590248527208062,-0.0057041026706683515,-0.004047090198778816,-0.002246474628845999,560.0
0.2425141211570035,0.2696764612737451,0.08590248527208062,-0.0057041026706683515,-0.004047090198778816,-0.002246474628845999,560.0
0.2412049953595118,0.26874747182640346,0.08538703877398074,-0.0057210730136129555,-0.004060511721085336,-0.002251997090646885,560.2291650798746
0.22790020831167807,0.25928798823532645,0.08016340245040258,-0.005890309159210897,-0.004195264314952259,-0.002306675005794896,562.520815878621
0.21307123953932183,0.24870516929270206,0.07437263641653316,-0.006072248571754573,-0.004342319507954406,-0.002364610885216355,565.0
0.21307123953932183,0.24870516929270206,0.07437263641653316,-0.006072248571754573,-0.004342319507954406,-0.002364610885216355,565.0
0.2117192606507743,0.24773817764087838,0.07384629158345304,-0.0060885124104217755,-0.004355567279334018,-0.0023697471997511273,565.2223509962181
0.19800113790170526,0.23790565762098007,0.06852054227758105,-0.006250414435234302,-0.004488818925862928,-0.002420444262150074,567.4458609583991
0.1818012087428025,0.2262430654810152,0.06226572380119692,-0.006434430855336122,-0.00464387888496819,-0.0024770310052799273,570.0
0.1818012087428025,0.2262430654810152,0.06226572380119692,-0.006434430855336122,-0.00464387888496819,-0.0024770310052799273,570.0
0.1804211604537559,0.22524683543804722,0.06173458606303163,-0.006449768555611007,-0.004656979653969671,-0.0024816961131766853,570.2142233144333
0.16644079237043705,0.2151293832807381,0.056368863884338254,-0.00660201936961114,-0.0047890638566512565,-0.002527508402106889,572.3564564587663
0.14874325779978595,0.20225058214578512,0.049615063885537755,-0.006786536079844683,-0.004955148547275977,-0.0025816753667436154,575.0
0.14874325779978595,0.20225058214578512,0.049615063885537755,-0.006786536079844683,-0.004955148547275977,-0.0025816753667436154,575.0
0.14735399750452113,0.20123594718477783,0.049086705410124575,-0.006800642421596749,-0.004968144515802028,-0.002585750143394557,575.2044957017008
0.13330394874889695,0.19094239544945885,0.04375806915967609,-0.006939977791071853,-0.005099569065145363,-0.0026253935098547155,577.2494527187089
0.11396393364716859,0.1766674427215999,0.03646744234984875,-0.007121385423084501,-0.00528115673316924,-0.002675051730257045,580.0
0.11396393364716859,0.1766674427215999,0.03646744234984875,-0.007121385423084501,-0.00528115673316924,-0.002675051730257045,580.0
0.11259186099439425,0.17564956713781305,0.0359521724853564,-0.00713378613003632,-0.0052940897031471265,-0.002678351557662325,580.1925016358728
0.09874164066785461,0.1653325937146622,0.030765556575318168,-0.007255062705325526,-0.005425358312882012,-0.0027098087436555557,582.1175179946003
0.07758018484801282,0.14940232535436687,0.02289372007044211,-0.007425056986773834,-0.005629434498376073,-0.0027506143326886264,585.0
0.07758018484801282,0.14940232535436687,0.02289372007044211,-0.007425056986773834,-0.005629434498376073,-0.0027506143326886264,585.0
0.07626822865714045,0.14840717269856332,0.022407832935773114,-0.007434920771083063,-0.005642258704799225,-0.0027528237436878684,585.1765756467759
0.06305559526364815,0.13832966884047335,0.017528892306401735,-0.0075290468394910515,-0.005772840234856188,-0.0027726253910139707,586.9423321145345
0.03981416976955998,0.12031963853160482,0.009013059664276426,-0.007666668413259475,-0.006009724342718455,-0.002794474625290225,590.0
0.03981416976955998,0.12031963853160482,0.009013059664276426,-0.007666668413259475,-0.006009724342718455,-0.002794474625290225,590.0
0.0386582788541857,0.11941299469411393,0.008591855411396945,-0.007672379480089083,-0.006021754918105366,-0.0027950405844740784,590.1507120148381
0.027055759135646236,0.11024595146388388,0.004376845669612012,-0.007722255670380106,-0.006143691795021297,-0.0027973652872207593,591.6578321632187
0.0011378953075908624,0.08925320247617068,-0.004947049958126053,-0.007770618491742216,-0.0064181188892806305,-0.002774930365207021,595.0
0.0011378953075908624,0.08925320247617068,-0.004947049958126053,-0.007770618491742216,-0.0064181188892806305,-0.002774930365207021,595.0
0.00040988205956144007,0.08865154128248531,-0.005206970156591356,-0.007770401390386012,-0.00642565239634083,-0.0027736283897903512,595.0936891514799
-0.006867326447348044,0.08259659226580593,-0.007798719290707135,-0.007762689825876819,-0.0064994376341988005,-0.0027583314188528935,596.030580666279
-0.03744856289175763,0.05626186679617281,-0.018553398853813168,-0.007616435454683375,-0.006746441256788418,-0.002649577646273658,600.0
-0.03744856289175763,0.05626186679617281,-0.018553398853813168,-0.007616435454683375,-0.006746441256788418,-0.002649577646273658,600.0
-0.038652159692780026,0.05519458490398459,-0.01897191746788828,-0.007607293552267166,-0.006753086788670662,-0.002644068069356431,600.1581208121238
-0.050603255440630504,0.044472577173244224,-0.023107540586014517,-0.007506559226533472,-0.006804036049504171,-0.0025861568172553745,601.7393289333618
-0.07469760700182884,0.022219832266616387,-0.03133483854510961,-0.007267974292191573,-0.006828999743882012,-0.0024596661037662704,605.0
-0.07469760700182884,0.022219832266616387,-0.03133483854510961,-0.007267974292191573,-0.006828999743882012,-0.0024596661037662704,605.0
-0.07580636730266038,0.021177281169910807,-0.031709917746342964,-0.007256335780277277,-0.006827971534647344,-0.0024537211989077287,605.1526764502012
-0.08679581381294967,0.010765091420351485,-0.03541098371586562,-0.007139237598942739,-0.006809085927511696,-0.002394660350756503,606.6794409522129
-0.11007853576885607,-0.011719680025839804,-0.0431537750504626,-0.006884586992873817,-0.0067253916383409485,-0.002269798384275251,610.0
-0.11007853576885607,-0.011719680025839804,-0.0431537750504626,-0.006884586992873817,-0.0067253916383409485,-0.002269798384275251,610.0
-0.11102559451939885,-0.012645238305979885,-0.0434659033854418,-0.0068741055533017,-0.006720933648898865,-0.0022647448977007544,610.1376669828733
-0.12041704800739812,-0.0218653862844499,-0.04654917837501495,-0.006769769548903661,-0.0066729220151289185,-0.002214737805065984,611.514336811606
-0.143559247031945,-0.04488190529180083,-0.054053784077705,-0.006509728842453468,-0.006528752847680754,-0.0020921725200847463,615.0
-0.143559247031945,-0.04488190529180083,-0.054053784077705,-0.006509728842453468,-0.006528752847680754,-0.0020921725200847463,615.0
-0.1447065053717736,-0.0460329615948492,-0.05442233739161668,-0.006496727278555016,-0.006520748625491355,-0.002086114036821578,615.1764137046542
-0.1560534231933072,-0.05746398928905584,-0.058049518075800374,-0.0063674919595875686,-0.006437725452231066,-0.0020262223740396754,616.9405507511966
-0.1751953665845673,-0.07692625643448305,-0.0640931066808715,-0.00614644373308778,-0.006282981295235151,-0.0019250917246026692,620.0
-0.1751953665845673,-0.07692625643448305,-0.0640931066808715,-0.00614644373308778,-0.006282981295235151,-0.0019250917246026692,620.0
-0.1763917091286351,-0.0781495658702178,-0.06446761497427331,-0.006132489814493162,-0.006272723848467102,-0.001918760578379612,620.1948610206249
-0.1882060708901252,-0.09027124013185979,-0.06814529045804356,-0.005993654067948283,-0.006168003590110124,-0.0018560969778127396,622.1434712268739
-0.20503883222600147,-0.10766396800520528,-0.07331835917593399,-0.0057921866109327865,-0.006008446243736946,-0.0017661970620827467,625.0
-0.20503883222600147,-0.10766396800520528,-0.07331835917593399,-0.0057921866109327865,-0.006008446243736946,-0.0017661970620827467,625.0
-0.2062396881671779,-0.10890999672681036,-0.07368432448606532,-0.005777637488579206,-0.005996594893552968,-0.0017597510920833656,625.2075841628006
-0.21808254503707422,-0.12123384091276337,-0.07727080624344376,-0.005632698162820094,-0.0058765437195562615,-0.0016958690857946845,627.2834257908063
-0.23312804843874618,-0.1369803779351456,-0.081765852653143,-0.0054443514875064086,-0.005715764430160703,-0.001613745873378516,630.0
-0.23312804843874618,-0.1369803779351456,-0.081765852653143,-0.0054443514875064086,-0.005715764430160703,-0.001613745873378516,630.0
-0.2343102519457386,-0.13822181269427705,-0.08211604315069618,-0.005429341088759601,-0.005702721484070893,-0.0016072437748568889,630.2174429044755
-0.24595308261144125,-0.1504793184029361,-0.08554058186639568,-0.005279638206773432,-0.0055711834967542275,-0.0015427376336002302,632.391871949231
-0.2594898007053731,-0.16480139601810972,-0.0894645911677717,-0.005100905821597825,-0.005411080610067382,-0.0014665265462282524,635.0
-0.2594898007053731,-0.16480139601810972,-0.0894645911677717,-0.005100905821597825,-0.005411080610067382,-0.0014665265462282524,635.0
-0.26063781119712487,-0.16601948296125418,-0.08979441118473559,-0.00508550515078901,-0.0053971221658973365,-0.0014600003695246588,635.2254004072565
-0.2719272091056645,-0.17802667100186514,-0.09301207405279849,-0.0049317659776092196,-0.005256741171013796,-0.0013952019127145465,637.4794044798218
-0.28414203555198525,-0.1910773494617626,-0.09643848012967851,-0.00476032361307354,-0.00509825265943081,-0.0013236861747474874,640.0
-0.28414203555198525,-0.1910773494617626,-0.09643848012967851,-0.00476032361307354,-0.00509825265943081,-0.0013236861747474874,640.0
-0.285243789704192,-0.1922575698455151,-0.09674459167551303,-0.004744586310955498,-0.005083588542420375,-0.0013171606459850037,640.2318284384143
-0.29606079959135184,-0.2038723345337664,-0.09972284688629253,-0.004587366253568111,-0.004936385678805788,-0.0012523268525425023,642.5501128225568
-0.3070960559896474,-0.21577436999179217,-0.10270779395484132,-0.004421452637857653,-0.0047798597802111735,-0.00118460908913107,645.0
-0.3070960559896474,-0.21577436999179217,-0.10270779395484132,-0.004421452637857653,-0.0047798597802111735,-0.00118460908913107,645.0
-0.3081414215437558,-0.21690472559996093,-0.10298760978251527,-0.004405431181410656,-0.004764663711005207,-0.001178107935611559,645.2368594854222
-0.3183864106755148,-0.22800999760573745,-0.10570139821989269,-0.004245272491827208,-0.004612323332616217,-0.0011134834726537624,647.6054543396442
-0.3283581118194857,-0.23886941307281734,-0.10829015444481978,-0.004083408805471002,-0.004457713510217003,-0.0010488397141016816,650.0
-0.3283581118194857,-0.23886941307281734,-0.10829015444481978,-0.004083408805471002,-0.004457713510217003,-0.0010488397141016816,650.0
-0.3293383272059006,-0.23993973988305306,-0.10854165247651155,-0.0040671602572211925,-0.0044421384828200305,-0.0010423875778297733,650.2405268574819
-0.33892551047667696,-0.25043676304928586,-0.11097158032657917,-0.0039046491968676555,-0.004286152401543219,-0.000978224273990899,652.6457954323007
-0.3479305430615673,-0.26034718438269544,-0.11320119981484274,-0.00374550191470102,-0.004133137197006058,-0.0009160336637366682,655.0
-0.3479305430615673,-0.26034718438269544,-0.11320119981484274,-0.00374550191470102,-0.004133137197006058,-0.0009160336637366682,655.0
-0.348838109193111,-0.26134895669217956,-0.11342287525558917,-0.0037290886186269593,-0.004117322389189831,-0.0009096560329785345,655.2428403528121
-0.3576944740901608,-0.2711553471934945,-0.11555473265214596,-0.0035648627227757414,-0.003959053375777371,-0.0008462127049431421,657.671243880933
-0.3658126134769537,-0.28019814039921104,-0.11745505620366588,-0.0034071845048942993,-0.0038071287011474755,-0.000785926214248222,660.0
-0.3658126134769537,-0.28019814039921104,-0.11745505620366588,-0.0034071845048942993,-0.0038071287011474755,-0.000785926214248222,660.0
-0.3666413776777278,-0.28112449470824175,-0.11764592391428187,-0.0033906719795510506,-0.0037912013454892606,-0.0007796483769900573,660.2438310226945
-0.37470745097065217,-0.29017441281246387,-0.11947067684646484,-0.00322539926674076,-0.003631898592383425,-0.0007171808310179699,662.6821412496396
-0.38200113036224786,-0.2984171294620674,-0.12106468029422225,-0.003068016454856475,-0.003480460022145888,-0.0006583114311092573,665.0
-0.38200113036224786,-0.2984171294620674,-0.12106468029422225,-0.003068016454856475,-0.003480460022145888,-0.0006583114311092573,665.0
-0.3827463920220186,-0.2992629255478011,-0.12122427558493279,-0.003051470170683027,-0.003464534813258761,-0.0006521571629205674,665.2435699716696
-0.38997718801369097,-0.3075075814451054,-0.12273803242175754,-0.002885817031349477,-0.0033053261718136405,-0.0005909054370223523,667.6792696883651
-0.39649091558514793,-0.31500243277379464,-0.1240421156284097,-0.0027276401728265416,-0.003153740851902489,-0.0005330280160409932,670.0
-0.39649091558514793,-0.31500243277379464,-0.1240421156284097,-0.0027276401728265416,-0.003153740851902489,-0.0005330280160409932,670.0
-0.3971494505136929,-0.31576423783115887,-0.12417046780798378,-0.0027111227220437645,-0.003137918987532481,-0.0005270185738986968,670.2421634704621
-0.40351461647355125,-0.3231716400678043,-0.1253741817174324,-0.0025457256206082154,-0.00297980036036465,-0.00046719712038431876,672.6637981750827
-0.40927517159797494,-0.32995506477014913,-0.126398689797024,-0.002385762935629827,-0.002827460532888658,-0.00040994950380711907,675.0
-0.40927517159797494,-0.32995506477014913,-0.126398689797024,-0.002385762935629827,-0.002827460532888658,-0.00040994950380711907,675.0
-0.40984514639152075,-0.330631024390069,-0.1264962670235449,-0.0023693326218776336,-0.002811829750654472,-0.00040410325593171875,675.2397321774044
-0.4153280510788974,-0.3371846430150422,-0.12739517056471944,-0.002204783978911006,-0.0026556648652082144,-0.0003458973731426582,677.6370539514489
-0.4203457719858628,-0.3432782472454458,-0.12814517046028548,-0.0020421440613444253,-0.0025020166181019916,-0.000288977406897356,680.0
-0.4203457719858628,-0.3432782472454458,-0.12814517046028548,-0.0020421440613444253,-0.0025020166181019916,-0.000288977406897356,680.0
-0.42082657946978685,-0.3438678709520105,-0.12821281052283956,-0.0020258552743031726,-0.0024866527183157925,-0.00028331014074771936,680.2363851870294
-0.42542266618958124,-0.3495645021638216,-0.12881573010204161,-0.001862707250109371,-0.0023331879457630347,-0.00022687910035793164,682.6002370573239
-0.4296934969698613,-0.3549770029889036,-0.12929189230030924,-0.0016965855191152835,-0.0021777347236347283,-0.00017003632255986202,685.0
-0.4296934969698613,-0.3549770029889036,-0.12929189230030924,-0.0016965855191152835,-0.0021777347236347283,-0.00017003632255986202,685.0
-0.4300855695482751,-0.3554809201059568,-0.12933073849550675,-0.0016804907844525866,-0.0021627044731662394,-0.00016456210443703347,685.2321964029775
-0.433800535711834,-0.36032830102424407,-0.12964947557258627,-0.0015192758908693866,-0.002012597518792648,-0.00011004773676355697,687.5541604327523
-0.437308228614103,-0.3650578329571204,-0.12984886323426548,-0.001348925067702811,-0.0018548824663799511,-5.307045172215977e-05,690.0
-0.437308228614103,-0.3650578329571204,-0.12984886323426548,-0.001348925067702811,-0.0018548824663799511,-5.307045172215977e-05,690.0
-0.43761288295751266,-0.36547757023394983,-0.12986032157019017,-0.0013330786097083883,-0.0018402476806844467,-4.7802907713245606e-05,690.2271840670077
-0.4404612097742093,-0.36949224453180124,-0.1299092572580382,-0.001174345517229512,-0.0016941080675559592,4.657639310954551e-06,692.4990247370844
-0.44317911630621537,-0.37352845267604295,-0.12982585596914728,-0.0009990311365640134,-0.0015336794567857492,6.195883456504707e-05,695.0
-0.44317911630621537,-0.37352845267604295,-0.12982585596914728,-0.0009990311365640134,-0.0015336794567857492,6.195883456504707e-05,695.0
-0.4433996416084362,-0.3738680776239917,-0.12981150706124547,-0.0009834105104643582,-0.001519426241424921,6.703202052270046e-05,695.2224783898442
-0.44541354850555875,-0.37709008778468955,-0.12960610029291592,-0.0008269377589110605,-0.0013771096973421485,0.00011755920284469538,697.4472622882867
-0.4472947156655112,-0.38039757813579306,-0.12923248526536354,-0.0006467972573842758,-0.0012143072578491858,0.00017507630735578988,700.0
-0.4472947156655112,-0.38039757813579306,-0.12923248526536354,-0.0006467972573842758,-0.0012143072578491858,0.00017507630735578988,700.0
-0.44743329633594253,-0.3806593742051443,-0.1291939970557959,-0.0006314696849978175,-0.0012004996213637398,0.0001799382433699272,700.2168257363849
-0.4486361188411782,-0.3831128369514299,-0.12875128196789778,-0.00047793480921218886,-0.0010626395456970559,0.00022836305450325015,702.3850831002335
-0.4496431124028332,-0.38567474023954856,-0.12807827951174686,-0.0002921415707533044,-0.0008969109451801432,0.00028629187136756896,705.0
-0.4496431124028332,-0.38567474023954856,-0.12807827951174686,-0.0002921415707533044,-0.0008969109451801432,0.00028629187136756896,705.0
-0.44970255054772634,-0.3858606060244534,-0.12801803103728057,-0.000277280935336549,-0.0008837020867943055,0.0002908938586107718,705.2087661351466
-0.4501261221566661,-0.38756774983989634,-0.127362838427153,-0.0001284309129335169,-0.0007518216083111989,0.0003367319244334922,707.2964274866122
-0.45021204390104946,-0.38937010647503384,-0.1263727564003064,6.499361882972532e-05,-0.0005816005034374915,0.00039559994551035366,710.0
-0.45021204390104946,-0.38937010647503384,-0.1263727564003064,6.499361882972532e-05,-0.0005816005034374915,0.00039559994551035366,710.0
-0.4501974969459047,-0.3894859910523063,-0.12629262576972822,7.943415857711209e-05,-0.0005689413375842932,0.0003999635125059536,710.2014435868117
-0.44989187408209247,-0.39050472053495405,-0.12544309486310642,0.00022406768272577483,-0.00044254784002394033,0.0004434273181925705,712.2158794549288
-0.4489890091283633,-0.3914943213734034,-0.12412549860029246,0.00042464607230128387,-0.000268456989421135,0.0005029800857629078,715.0
-0.4489890091283633,-0.3914943213734034,-0.12412549860029246,0.00042464607230128387,-0.000268456989421135,0.0005029800857629078,715.0
-0.4489002099099739,-0.3915481775570198,-0.12402167527014914,0.00043948371463773056,-0.0002556326436293727,0.0005073521015878101,715.205523044163
-0.44784432613478686,-0.39194192566677427,-0.12293415320403443,0.0005880968659025546,-0.00012759730335113066,0.0005508892974049735,717.2607534857929
-0.44596135680725707,-0.3920583752804359,-0.12134623412559549,0.0007868380815855177,4.246228443179645e-05,0.0006083944926480205,720.0
-0.44596135680725707,-0.3920583752804359,-0.12134623412559549,0.0007868380815855177,4.246228443179645e-05,0.0006083944926480205,720.0
-0.445798661245175,-0.3920483779676536,-0.12122117684379845,0.000801730296121201,5.5151357193444095e-05,0.000612670548179762,720.2048330265648
-0.4440037660068753,-0.3918055996447667,-0.11992256481578781,0.000950884769501646,0.00018183633564953895,0.0006552439000191013,722.2531632922123
-0.44111639941467257,-0.39107345002836497,-0.11804490586925566,0.0011515617013685936,0.00035113819593486607,0.0007117947886545831,725.0
-0.44111639941467257,-0.39107345002836497,-0.11804490586925566,0.0011515617013685936,0.00035113819593486607,0.0007117947886545831,725.0
-0.44086786176749304,-0.39099676488848617,-0.11789185094139676,0.001167255383346807,0.0003643211693980819,0.0007161824631305246,725.2143659626987
-0.43819726784980595,-0.39007465053117246,-0.11630972986927163,0.0013244410855290146,0.0004959299053922862,0.0007598463574057824,727.3580255896858
-0.4344415545720412,-0.38855073980112653,-0.11423172835567699,0.001518782514960664,0.0006575852624913913,0.0008131203661319541,730.0
-0.4344415545720412,-0.38855073980112653,-0.11423172835567699,0.001518782514960664,0.0006575852624913913,0.0008131203661319541,730.0
-0.43410246571153127,-0.38840320633060504,-0.11405066677099898,0.0015351503360388926,0.0006711430206968282,0.0008175717611271727,730.2220670620203
-0.43051146465982176,-0.3867624594581234,-0.11218586834255752,0.001699086718364699,0.0008064919152990569,0.0008618467545287327,732.4427376822233
-0.4259244648620074,-0.3845012891074262,-0.10991728150342334,0.001888444451194273,0.0009618493631889794,0.0009122852539622289,735.0
-0.4259244648620074,-0.3845012891074262,-0.10991728150342334,0.001888444451194273,0.0009618493631889794,0.0009122852539622289,735.0
-0.4254912412422373,-0.38428003788968146,-0.10970841959661279,0.0019053880665289887,0.0009756940833108253,0.0009167622511838424,735.2283831500522
-0.4209459666651617,-0.3818938042635436,-0.1075637772033639,0.002075084314732012,0.0011139128741831368,0.0009612656845937386,737.5122146505742
-0.41555312422678764,-0.37893582045431745,-0.10511262963395461,0.0022604623117035913,0.0012640142057211896,0.0010091810591356498,740.0
-0.41555312422678764,-0.37893582045431745,-0.10511262963395461,0.0022604623117035913,0.0012640142057211896,0.0010091810591356498,740.0
-0.41502328806481986,-0.37863904109301805,-0.10487647154215353,0.0022778929538406034,0.0012780727346622506,0.001013649282733115,740.2334926298031
-0.4095008722769407,-0.37549088645657247,-0.1024577507785948,0.0024524533133289095,0.0014184387790445539,0.001058035194775358,742.568418927834
-0.4033160356980866,-0.37186453197753616,-0.09982944366399306,0.0026347166258050055,0.0015642069291471876,0.0011036727159136892,745.0
-0.4033160356980866,-0.37186453197753616,-0.09982944366399306,0.0026347166258050055,0.0015642069291471876,0.0011036727159136892,745.0
-0.4026883663983764,-0.37149146051164683,-0.09956687640278022,0.0026525441234876357,0.0015784120497799017,0.0011080982974863074,745.2374270598295
-0.39617867404855645,-0.3675754156533582,-0.09688368482772754,0.0028310576502993227,0.0017202633360906977,0.0011520252209034256,747.611697658125
-0.3892024000051302,-0.36329686183310683,-0.09408014825666286,0.003011046326231109,0.0018626058924423904,0.001195592672215016,750.0
-0.3892024000051302,-0.36329686183310683,-0.09408014825666286,0.003011046326231109,0.0018626058924423904,0.001195592672215016,750.0
-0.3884771743984795,-0.36284787477621977,-0.09379252573535485,0.0030291723304771336,0.001876891568308688,0.0011999404182633855,750.240132262528
-0.38098534339560924,-0.3581694727949272,-0.09085918409691005,0.0032106448111463614,0.0020195793893808154,0.0012430531164436612,752.6414548878085
-0.37320234796123125,-0.35324120683734356,-0.08787810306733734,0.0033892383785576368,0.002159451330218216,0.0012847329423091296,755.0
-0.37320234796123125,-0.35324120683734356,-0.08787810306733734,0.0033892383785576368,0.002159451330218216,0.0012847329423091296,755.0
-0.3723815880561235,-0.35271794238135784,-0.08756731087534249,0.0034075527872932812,0.002173750852162321,0.0012889654695662075,755.2415139590249
-0.36393056517979067,-0.3472954607393419,-0.08440350764957157,0.0035908707111212855,0.0023166213766308147,0.001330886252716951,757.6566535492742
-0.3553072350302119,-0.34170457851394787,-0.08123783109594304,0.00376901298925263,0.002455059950534062,0.001370834021503396,760.0
-0.3553072350302119,-0.34170457851394787,-0.08123783109594304,0.00376901298925263,0.002455059950534062,0.001370834021503396,760.0
-0.3543948746641388,-0.34111001051941564,-0.08090630963416665,0.0037873933976705493,0.0024693066819010076,0.0013749116673615835,760.2414799753274
-0.3450270492532329,-0.3349751719005534,-0.07753731571397755,0.003971318194225986,0.00261170841870497,0.0014152393018319236,762.656279728601
-0.33551002573517663,-0.3286921726738464,-0.07417531294646945,0.0041500019884745,0.002749845254912709,0.0014535693059972848,765.0
-0.33551002573517663,-0.3286921726738464,-0.07417531294646945,0.0041500019884745,0.002749845254912709,0.0014535693059972848,765.0
-0.33451193403861934,-0.3280305847110503,-0.07382602762275703,0.004168315595862235,0.0027639754326090928,0.0014574505083600326,765.2399744202136
-0.3242892578687679,-0.3212282012138763,-0.07028236479590928,0.004351502298945925,0.002905287258029096,0.00149576358735215,767.6397186223493
-0.3138058100247516,-0.31420681856324134,-0.0667083750811481,0.004531716870892514,0.0030443459059451045,0.0015325225803819345,770.0
-0.3138058100247516,-0.31420681856324134,-0.0667083750811481,0.004531716870892514,0.0030443459059451045,0.0015325225803819345,770.0
-0.3127296866957794,-0.3134836811062583,-0.06634474874037981,0.004549823197500229,0.003058302317676277,0.0015361642019398707,770.236991372107
-0.301732475295574,-0.30607030882419967,-0.06266147754398368,0.004730846813494639,0.0031979704248370363,0.0015720236614616171,772.6069050931771
-0.2901925180796533,-0.2982482578391058,-0.058857215713548086,0.004913499993997766,0.0033392662484506954,0.0016071546348748757,775.0
-0.2901925180796533,-0.2982482578391058,-0.058857215713548086,0.004913499993997766,0.0033392662484506954,0.0016071546348748757,775.0
-0.2890477757485625,-0.29747008476949355,-0.05848306705674697,0.004931251896380064,0.003353001160074862,0.0016105115903545784,775.232558889659
-0.27737341394052295,-0.28951250109558213,-0.05469914800404049,0.005108616003343508,0.003490568812506799,0.0016434559029884445,777.558147786249
-0.26467194362165847,-0.28081217775863127,-0.050645138060971776,0.005294447450039021,0.0036355354371181135,0.0016767522186436692,780.0
-0.26467194362165847,-0.28081217775863127,-0.050645138060971776,0.005294447450039021,0.0036355354371181135,0.0016767522186436692,780.0
-0.2634697707069348,-0.2799864969026611,-0.05026468568833287,0.005311687767524148,0.003649011222722736,0.001679775838443505,780.2266938514566
-0.25123332069825327,-0.27156139251803774,-0.04642302111922883,0.0054837882148150606,0.003784125843945783,0.0017093031546011194,782.4936323660228
-0.23725126509639444,-0.2618888815519205,-0.042099607297698766,0.00567328217415452,0.003934395649239474,0.0017403468495093644,785.0
-0.23725126509639444,-0.2618888815519205,-0.042099607297698766,0.00567328217415452,0.003934395649239474,0.0017403468495093644,785.0
-0.23600512624983389,-0.2610245028448283,-0.041717607018923186,0.005689833324934762,0.003947581669756389,0.001742981558638171,785.2193304635737
-0.22334445070183823,-0.25222125598124423,-0.03786644085224248,0.005854849615743637,0.004079964394665493,0.0017685145131607375,787.4126350993104
-0.20794540819610288,-0.24146141024398118,-0.033253834726789465,0.006048134311750002,0.004237536987854351,0.001796579707760944,790.0
-0.20794540819610288,-0.24146141024398118,-0.033253834726789465,0.006048134311750002,0.004237536987854351,0.001796579707760944,790.0
-0.2066724176507965,-0.24056930833822912,-0.0328759560295038,0.006063776567991099,0.00425039979941152,0.0017987575827854943,790.2102047044058
-0.19376221064556393,-0.2314990577233025,-0.029072681999594154,0.006219447568264991,0.0043797470061045715,0.0018195865987184583,792.3122517484636
-0.1767809137345799,-0.21950281529555762,-0.024149265227027268,0.006416136638258372,0.004547308196537663,0.001843464120175121,795.0
-0.1767809137345799,-0.21950281529555762,-0.024149265227027268,0.006416136638258372,0.004547308196537663,0.001843464120175121,795.0
-0.17550523650632593,-0.21859848154060454,-0.023782990931698753,0.0064305638924343385,0.004559784829765959,0.0018450967886105261,795.1985999311272
-0.1625916258283253,-0.20941821501248342,-0.02010318758254567,0.00657373699631755,0.004685494336123365,0.0018602986855262133,797.1845992423993
-0.14380269335363077,-0.19597210103324003,-0.014839708780132346,0.006772620738092868,0.004867045732670627,0.0018779400464907885,800.0
-0.14380269335363077,-0.19597210103324003,-0.014839708780132346,0.006772620738092868,0.004867045732670627,0.0018779400464907885,800.0
-0.14256540295582212,-0.19508268775190266,-0.014496860905766667,0.006785335188318944,0.004878955810764118,0.001878908892067517,800.1825186632551
-0.13006584326211973,-0.1860682634520568,-0.011059497329241297,0.006910919707220186,0.004999216285518913,0.001887264609899324,802.0077052958062
-0.10908682191865215,-0.17080815120706327,-0.005398685319703811,0.00710936396092565,0.0052015480403885045,0.0018949732065687028,805.0
-0.10908682191865215,-0.17080815120706327,-0.005398685319703811,0.00710936396092565,0.0052015480403885045,0.0018949732065687028,805.0
-0.10799083451493549,-0.1700060182473853,-0.005106744954182209,0.00711929303979475,0.005212151017879956,0.0018951401004473896,805.1540534675308
-0.09694787497027008,-0.1618942203705956,-0.0021866867990463167,0.007216615471330577,0.005319359847178812,0.0018953823309943467,806.6945881428393
-0.07276732812001811,-0.14392129029401196,0.004066447434102486,0.007410325207586216,0.005557433655963866,0.0018855932152866803,810.0
-0.07276732812001811,-0.14392129029401196,0.004066447434102486,0.007410325207586216,0.005557433655963866,0.0018855932152866803,810.0
-0.07167864402615867,-0.1431044692670147,0.004343258399828471,0.007418351012953063,0.005568279667653068,0.0018847716309978455,810.1468348696023
-0.060728758516323,-0.13484795450024795,0.007103647624728019,0.007495094856223171,0.005678130690917023,0.0018744132371987963,811.6151835656258
-0.03509882801851094,-0.11518755038881481,0.013385319472321206,0.007640361563037073,0.005940744115813936,0.0018325833593810065,815.0
-0.03509882801851094,-0.11518755038881481,0.013385319472321206,0.007640361563037073,0.005940744115813936,0.0018325833593810065,815.0
-0.033876230768321455,-0.11423625059707898,0.01367824339104818,0.007645833346621862,0.00595342786345971,0.0018298524918068822,815.1599607012952
-0.021607107191454512,-0.10461120534140474,0.01658100964942396,0.007691440489883927,0.006080992310102967,0.0017981117638998926,816.7595677142469
0.0033879332458026275,-0.08449119832479549,0.022268701787770052,0.007719016900808342,0.006334082297162213,0.0017057021769718308,820.0
0.0033879332458026275,-0.08449119832479549,0.022268701787770052,0.007719016900808342,0.006334082297162213,0.0017057021769718308,820.0
0.004225136102591936,-0.08380373109860963,0.022453506867563307,0.0077181150846356026,0.006342093127910024,0.0017019047141427655,820.1084659620699
0.01258904680584814,-0.0768824217041648,0.02427800150139686,0.007701862346359106,0.006419052948232867,0.0016615775767814054,821.1931255827687
0.04165669779444037,-0.052025615155765134,0.030296453620636796,0.007545474822236665,0.006617958568617924,0.0014959509281789994,825.0
0.04165669779444037,-0.052025615155765134,0.030296453620636796,0.007545474822236665,0.006617958568617924,0.0014959509281789994,825.0
0.04289381725579599,-0.05093942538517798,0.030541261744244538,0.007535841026530036,0.006623404140534681,0.0014884298662407908,825.1640595469621
0.055172832572650925,-0.04003703821553905,0.03292162739393133,0.007430706539179606,0.006662892030843968,0.0014136100059802352,826.8046550165832
0.07855108439132807,-0.018712593938352933,0.03721442876352695,0.007197947770373837,0.006670663565289179,0.0012754871805273175,830.0
0.07855108439132807,-0.018712593938352933,0.03721442876352695,0.007197947770373837,0.006670663565289179,0.0012754871805273175,830.0
0.07962743650416382,-0.017714411968411146,0.03740485204094609,0.007186575232615083,0.00666916201396242,0.0012693627176915835,830.1496541543083
0.09029678455051944,-0.00774892382602143,0.0392596019948165,0.007071843085028264,0.006646695142395059,0.0012098853840283928,831.6461956973917
0.11357961241705158,0.014405330108773737,0.043108221328981226,0.006812559771394075,0.006556886056967127,0.0010875927444126232,835.0
0.11357961241705158,0.014405330108773737,0.043108221328981226,0.006812559771394075,0.006556886056967127,0.0010875927444126232,835.0
0.11455817380057748,0.015347588008156813,0.043264216709548664,0.006801465518807246,0.0065520626944815235,0.0010826633320930802,835.1437578405308
0.12425621094699983,0.024730230426886574,0.044785831647586025,0.006690814250959824,0.006500308318969303,0.0010346227928612658,836.5813362458392
0.14668348301020798,0.046713653445226,0.0481384614420762,0.006430349700662472,0.00635618087737522,0.000928512197097454,840.0
0.14668348301020798,0.046713653445226,0.0481384614420762,0.006430349700662472,0.00635618087737522,0.000928512197097454,840.0
0.14783527685772346,0.04785262474748354,0.04830447625987549,0.00641680580648472,0.006347939856693988,0.0009232278397658625,840.1793072432578
0.1592200392420069,0.059159157977243804,0.04991336676051118,0.006281989875046714,0.006262540429015493,0.0008717338364166492,841.9723796758354
0.17789786763797144,0.07788866778037964,0.052427103572388244,0.006056786909717404,0.006107952529952856,0.0007897724975195735,845.0
0.17789786763797144,0.07788866778037964,0.052427103572388244,0.006056786909717404,0.006107952529952856,0.0007897724975195735,845.0
0.17909286751636697,0.07909418083972611,0.05258260399060472,0.006042199422078709,0.006097467380747629,0.0007846223023476765,845.1975372209782
0.19088480592235005,0.09103386714482124,0.05408247909552273,0.005896934635905886,0.005990441204992347,0.0007343021782136789,847.1729094307606
0.20726411680645387,0.10774598745394631,0.05606054067801212,0.005690780738314109,0.00583135385204581,0.0006656856723354536,850.0
0.20726411680645387,0.10774598745394631,0.05606054067801212,0.005690780738314109,0.00583135385204581,0.0006656856723354536,850.0
0.20845898966967802,0.10897074834029477,0.05619997868318078,0.005675532139610922,0.005819264271805681,0.0006607312505494124,850.2102481330169
0.220231761623718,0.12107738501526011,0.05753782166651433,0.005523546096139672,0.005696799537513566,0.0006122024746951253,852.3127294631856
0.23481531583960974,0.13617187450068985,0.059102376963175975,0.005330458836277611,0.005536654460997181,0.0005526563117198995,855.0
0.23481531583960974,0.13617187450068985,0.059102376963175975,0.005330458836277611,0.005536654460997181,0.0005526563117198995,855.0
0.2359864213337095,0.13738861931862603,0.05922345177514614,0.00531471155736775,0.005523365522781491,0.0005478979031754877,855.2200257174645
0.24750720423160177,0.14939436590568678,0.060377300235821656,0.005157612369943654,0.005389342294717094,0.0005011945945259463,857.4202828921098
0.26057561484040725,0.163092176735374,0.06160164623202734,0.004974170989206196,0.005229903580252174,0.0004483419166358796,860.0
0.26057561484040725,0.163092176735374,0.06160164623202734,0.004974170989206196,0.005229903580252174,0.0004483419166358796,860.0
0.26170676406016563,0.1642817976412756,0.061703246189445796,0.0049580195502798826,0.005215701065038349,0.00044377095997723607,860.2277743888051
0.27281612474032135,0.17599942432978197,0.06266260474138718,0.0047967598213599005,0.005072862078923998,0.00039883611352579685,862.5055182768558
0.28456175817312945,0.1884569165623477,0.06359770023964087,0.0046206016064943185,0.004914943026750695,0.00035115035717745514,865.0
0.28456175817312945,0.1884569165623477,0.06359770023964087,0.0046206016064943185,0.004914943026750695,0.00035115035717745514,865.0
0.2856403709690928,0.18960454781492123,0.06367930412976164,0.004604119269986521,0.004900048448503837,0.00034676031489752466,865.233852681181
0.29621463054874414,0.20088881221287913,0.06443944724541635,0.004439445217658104,0.004750531303207166,0.00030355010165878526,867.5723794929912
0.3067846540823986,0.21223191641347464,0.06512318634797243,0.004268720204234531,0.004594361486611743,0.00025995688232144994,870.0
0.3067846540823986,0.21223191641347464,0.06512318634797243,0.004268720204234531,0.004594361486611743,0.00025995688232144994,870.0
0.30780033817157737,0.21332539492766886,0.0651846588210869,0.00425197577418132,0.004578959788486489,0.0002557449991819875,870.2384040266529
0.31773767424177546,0.22405790368773942,0.06574467767394435,0.004084590032335117,0.004424559658190671,0.00021424745522612176,872.6224442931821
0.3272506340747091,0.23439389209785771,0.06620594034687347,0.003917716136176307,0.0042699871956823,0.000173940893928842,875.0
0.3272506340747091,0.23439389209785771,0.06620594034687347,0.003917716136176307,0.0042699871956823,0.000173940893928842,875.0
0.3281946984590832,0.23542317199771626,0.06624745899932682,0.003900779342146813,0.004254240237047214,0.00016990751978692494,875.2414951533195
0.3374103710818134,0.24550661290125472,0.06660955200384273,0.003731393343358813,0.004096535867162169,0.00013013743116417384,877.6564466865149
0.3459624123890053,0.25492739609280146,0.06687024197554814,0.003566945193921189,0.003943160794526563,9.248783993439573e-05,880.0
0.3459624123890053,0.25492739609280146,0.06687024197554814,0.003566945193921189,0.003943160794526563,9.248783993439573e-05,880.0
0.3468277715761194,0.2558843809412809,0.06689226512147065,0.003549886756542947,0.00392721291858471,8.86351053847596e-05,880.2431866220082
0.35525313512955176,0.26524081886617806,0.06706140486255596,0.0033792210107724467,0.003767617047357821,5.062214337264193e-05,882.6750528420906
0.3629198131093725,0.27382281455280516,0.06713768065802823,0.0032158897207424887,0.0036148958082692704,1.5128024811111188e-05,885.0
0.3629198131093725,0.27382281455280516,0.06713768065802823,0.0032158897207424887,0.0036148958082692704,1.5128024811111188e-05,885.0
0.36370100631767077,0.2747013242449511,0.06714091825509629,0.0031987791598044953,0.003598875336250759,1.1458543481543987e-05,885.2435646100847
0.3712836132450478,0.2832717865922712,0.06712454106364624,0.0030275412037112388,0.003438646599358108,-2.476471245981957e-05,887.6792107109319
0.3781203267627102,0.29107499791149755,0.06702777370440707,0.0028641297464432145,0.003285977492982263,-5.850305576884814e-05,890.0
0.3781203267627102,0.29107499791149755,0.06702777370440707,0.0028641297464432145,0.003285977492982263,-5.850305576884814e-05,890.0
0.3788170078521742,0.29187473627669597,0.06701307306172202,0.00284694614863426,0.0032699159499552316,-6.200481838565499e-05,890.2439754051096
0.38555309101432916,0.2996566355833022,0.06681945310479191,0.0026749363366277345,0.0031093499651681984,-9.658414315926192e-05,892.6837294562057
0.3915595389121135,0.30668229627280363,0.06655841912190506,0.002511320197741844,0.002957029013750218,-0.0001286922408677947,895.0
0.3915595389121135,0.30668229627280363,0.06655841912190506,0.002511320197741844,0.002957029013750218,-0.0001286922408677947,895.0
0.39216828304005674,0.3073995959496661,0.06652671185491371,0.0024941298073313215,0.0029410291744582586,-0.0001320222212390685,895.2432324979379
0.3980255809142864,0.31435863959072274,0.0661654400383142,0.0023220202372375353,0.002781137914213852,-0.00016491352742055464,897.6755574773172
0.4032314726898222,0.320645848808676,0.06574624094829337,0.0021571789415961995,0.0026285485918071862,-0.0001956648019916707,900.0
0.4032314726898222,0.320645848808676,0.06574624094829337,0.0021571789415961995,0.0026285485918071862,-0.0001956648019916707,900.0
0.4037494412224436,0.32127760504944475,0.0656986922259831,0.0021400705657986527,0.0026127251111660067,-0.0001988150571151889,900.2410697586472
0.4087020978637506,0.32738549226811753,0.06518175793386176,0.0019687588381714256,0.0024546410799404267,-0.0002299371589668464,902.6517673451192
0.413128871724694,0.33296903893812935,0.06460686173029244,0.001801474661487762,0.002300939675724661,-0.00025959784081996934,905.0
0.413128871724694,0.33296903893812935,0.06460686173029244,0.001801474661487762,0.002300939675724661,-0.00025959784081996934,905.0
0.4135548835254831,0.3335138877511328,0.06454482986850309,0.0017845330570116042,0.002285394944442818,-0.0002625621549942264,905.2375966525298
0.4175934115644148,0.33875939038322384,0.0638860689573275,0.0016148755305037369,0.0021301295641367496,-0.00029185133258971107,907.6135631778274
0.4212434313151286,0.3436570750112776,0.06315511899510606,0.0014440181256381334,0.00197453157280902,-0.0003206295285337487,910.0
0.4212434313151286,0.3436570750112776,0.06315511899510606,0.0014440181256381334,0.00197453157280902,-0.0003206295285337487,910.0
0.42157780161641967,0.3441151794498535,0.06308012076840172,0.0014273252657325717,0.001959357554780607,-0.0003234030982832517,910.232901585986
0.424707475051064,0.3485020148184153,0.062294878586847235,0.001260149638611234,0.0018078194248954357,-0.00035080995988404307,912.5619174458465
0.4275659927848515,0.3527166568703091,0.061405242926678615,0.0010846560849644123,0.0016495935412313948,-0.00037886553381185674,915.0
0.4275659927848515,0.3527166568703091,0.061405242926678615,0.0010846560849644123,0.0016495935412313948,-0.00037886553381185674,915.0
0.4278103536661824,0.353089445288291,0.0613189474208692,0.0010682961330000043,0.001634876860008105,-0.00038144412385134237,915.2270006695023
0.4300495132193586,0.3566337593183926,0.06042404086129331,0.0009044512500230693,0.0014879224202871007,-0.00040692531248038275,917.4970073645256
0.4320867116725089,0.36015570201751007,0.05937100682381932,0.0007232668353179215,0.0013263447779899846,-0.0004343835779537842,920.0
0.4320867116725089,0.36015570201751007,0.05937100682381932,0.0007232668353179215,0.0013263447779899846,-0.0004343835779537842,920.0
0.43224391936723927,0.36044564657331746,0.05927527729890376,0.0007073355680938257,0.0013121754769255672,-0.0004367622208984062,920.2197782077285
0.4336232401661216,0.3631739805274557,0.058289445718182196,0.0005477858806892546,0.0011706962841088017,-0.00046026767692262574,922.4175602850135
0.4347952072254969,0.3659831138321881,0.05706585847608428,0.00035975712805331355,0.0010049614034983326,-0.0004872365750724037,925.0
0.4347952072254969,0.3659831138321881,0.05706585847608428,0.00035975712805331355,0.0010049614034983326,-0.0004872365750724037,925.0
0.434869453571854,0.3661936212977736,0.05696287803139225,0.0003443789713292968,0.000991447856440607,-0.0004894075780848752,925.2108861499419
0.43543338595377756,0.3681421082848261,0.05590808208049988,0.00019037529763112402,0.0008565192044286017,-0.0005108610537492833,927.3197476493606
0.43568069904499523,0.3702085791741735,0.054503038571086855,-5.939910853006272e-06,0.0006855813306235655,-0.0005374547187104032,930.0
0.43568069904499523,0.3702085791741735,0.054503038571086855,-5.939910853006272e-06,0.0006855813306235655,-0.0005374547187104032,930.0
0.43567804660111675,0.37034433076178047,0.05439542536213788,-2.0603148176602518e-05,0.0006728569741428996,-0.0005394074432696063,930.1998642779491
0.4354901955748343,0.371562107687454,0.05329798898857272,-0.000167436280297286,0.0005458051073674951,-0.0005587043453529585,932.1985070574405
0.4347321354973864,0.37284238608226644,0.05169569117069366,-0.0003738660096592634,0.00036830749630705384,-0.0005850465918754535,935.0
0.4347321354973864,0.37284238608226644,0.05169569117069366,-0.0003738660096592634,0.00036830749630705384,-0.0005850465918754535,935.0
0.43465370068643855,0.37291678076273915,0.05157519833845471,-0.0003890445915540535,0.0003553060487696359,-0.0005869473527293,935.205620099641
0.4336975441633887,0.3735138411532127,0.050348950816162016,-0.0005410418533426372,0.0002254977369143703,-0.0006057093208610196,937.2618210960511
0.431938298120227,0.37389527726767846,0.048656975347871396,-0.0007440461124890723,5.3218991937585894e-05,-0.0006299976253109126,940.0
0.431938298120227,0.37389527726767846,0.048656975347871396,-0.0007440461124890723,5.3218991937585894e-05,-0.0006299976253109126,940.0
0.43178483579360083,0.373904834433703,0.048528164983639266,-0.0007592103775587036,4.039981925323035e-05,-0.0006317766871220569,940.2041732615426
0.43007977833620487,0.3738565982230346,0.04722025895836519,-0.0009110580470378905,-8.758848523798715e-05,-0.000649321340064431,942.2459058769682
0.427287928864831,0.37337828373759835,0.04540017114738221,-0.0011164709188389538,-0.0002596480295387094,-0.000672273844870367,945.0
0.427287928864831,0.37337828373759835,0.04540017114738221,-0.0011164709188389538,-0.0002596480295387094,-0.000672273844870367,945.0
0.4270502990642932,0.37332201600550946,0.04525790645101814,-0.001132262581127813,-0.0002728228228435325,-0.0006740013357133614,945.211345514409
0.42449028084759133,0.3726063538081955,0.04381537856173155,-0.001290392334186447,-0.000404356046181094,-0.0006910063532497412,947.324800658499
0.4207698924475173,0.3713025233158042,0.041938779432648544,-0.0014911002498360483,-0.0005702952680927214,-0.00071182059619368,950.0
0.4207698924475173,0.3713025233158042,0.041938779432648544,-0.0014911002498360483,-0.0005702952680927214,-0.00071182059619368,950.0
0.42044172030363686,0.3711762144682958,0.04178279357487178,-0.0015075506758527057,-0.0005838424071959783,-0.0007134884857926846,950.218879906323
0.4169617946144127,0.36975021119473717,0.04020308498943283,-0.0016722731444727586,-0.0007190909415545071,-0.0007298684217126221,952.4076789695526
0.4123733214393709,0.3676790235454371,0.038286641206422195,-0.001867866536792547,-0.000878757626807868,-0.0007485560613320853,955.0
0.4123733214393709,0.3676790235454371,0.038286641206422195,-0.001867866536792547,-0.000878757626807868,-0.0007485560613320853,955.0
0.41195242864387294,0.36748035827487546,0.038118551068388386,-0.001884819889102018,-0.0008925438918978286,-0.0007501368630738945,955.224315501721
0.4075341724713879,0.3653237940691446,0.036418403143984576,-0.0020545676482374947,-0.0010301848562957276,-0.000765617759223135,957.4674705189308
0.40208776858374085,0.3625185414768886,0.034458076876020025,-0.0022466683976726577,-0.0011851091628065503,-0.0007823696651322061,960.0
0.40208776858374085,0.3625185414768886,0.034458076876020025,-0.0022466683976726577,-0.0011851091628065503,-0.0007823696651322061,960.0
0.40157427305295545,0.36224713090151694,0.03427977796455907,-0.002263966484324686,-0.0011990080008720517,-0.0007838379926976215,960.2276821842631
0.3962225416613317,0.3593591449200598,0.032478683439393634,-0.002437147760642459,-0.0013377861002534573,-0.0007981669252618639,962.5045040268944
0.38990339237565014,0.3558313529932796,0.03046803973297748,-0.00262736365880474,-0.0014894693800373419,-0.0008131179330702656,965.0
0.38990339237565014,0.3558313529932796,0.03046803973297748,-0.00262736365880474,-0.0014894693800373419,-0.0008131179330702656,965.0
0.3893001458028063,0.35548891335909766,0.030281812759483478,-0.002644832898872128,-0.0015033508080108343,-0.0008144494053968621,965.2288407227942
0.38304766616068353,0.35188995337239937,0.02840308840551948,-0.00281970120957126,-0.0016419772907207441,-0.0008273840654121603,967.5172479507361
0.3758111820125381,0.34762700712027894,0.02633229570394441,-0.0030097604369926905,-0.0017920110381318569,-0.0008406180394071696,970.0
0.3758111820125381,0.34762700712027894,0.02633229570394441,-0.0030097604369926905,-0.0017920110381318569,-0.0008406180394071696,970.0
0.3751241597278756,0.3472175739545554,0.02614083332608373,-0.0030272079409711587,-0.001805739159639089,-0.0008417894046840408,970.2276050799359
0.36803541116533844,0.3429515135987121,0.024211866462436147,-0.0032018232708598392,-0.0019428664844602687,-0.000853099634000391,972.5036558792946
0.35980323576453815,0.33791403412357107,0.022067641319004638,-0.003393604461188798,-0.0020929709750766266,-0.000864638833170253,975.0
0.35980323576453815,0.33791403412357107,0.022067641319004638,-0.003393604461188798,-0.0020929709750766266,-0.000864638833170253,975.0
0.35904180875371816,0.33744411645028105,0.021874021176235107,-0.0034108188503812033,-0.0021064050825597047,-0.0008656286401030097,975.2238035496175
0.3512155684518699,0.332579663479424,0.019925966521441865,-0.0035830564890405796,-0.002240637124488215,-0.0008751033062661546,977.4618390457927
0.3418731154462019,0.3266995899166562,0.017692174951012413,-0.0037785609463970612,-0.0023926649820755234,-0.0008848882877562376,980.0
0.3418731154462019,0.3266995899166562,0.017692174951012413,-0.0037785609463970612,-0.0023926649820755234,-0.0008848882877562376,980.0
0.3410504559745823,0.32617840518196917,0.017499859312193257,-0.0037953100756251824,-0.0024056578546378595,-0.000885677530389349,980.2172362017773
0.3326237127522978,0.3208113622981037,0.015567605232532164,-0.003962838645038255,-0.0025355318848562765,-0.0008931313578116656,982.38959821955
0.3220163111758398,0.3139890121050114,0.01322564306112482,-0.004164188009231152,-0.0026915086128880697,-0.000900995705584671,985.0
0.3220163111758398,0.3139890121050114,0.01322564306112482,-0.004164188009231152,-0.0026915086128880697,-0.000900995705584671,985.0
0.32115070900987314,0.3134293221678787,0.013038654604194361,-0.004180201076863512,-0.0027038921929250035,-0.00090156828906065,985.2074692710898
0.3123119829407695,0.3076911132620445,0.011162559005099252,-0.0043403048304993235,-0.0028277342896258786,-0.0009068479173870225,987.2821619819883
0.30023086899356355,0.2997852525235483,0.008689893812336645,-0.004549897100852805,-0.0029900463024954225,-0.0009124860043735882,990.0
0.30023086899356355,0.2997852525235483,0.008689893812336645,-0.004549897100852805,-0.0029900463024954225,-0.0009124860043735882,990.0
0.29934994500624235,0.2992061693436302,0.008513479327535777,-0.004564805817213503,-0.0030015846749867005,-0.0009128298409875971,990.1932973506734
0.29038226675553674,0.29329262449936977,0.0067459747309735986,-0.004713799288810249,-0.003117036680165701,-0.0009158290941695575,992.1262708574079
0.27651826499175003,0.2840881350688661,0.004109487912423917,-0.004934892193915255,-0.003288992959954651,-0.0009187415893704884,995.0
0.27651826499175003,0.2840881350688661,0.004109487912423917,-0.004934892193915255,-0.003288992959954651,-0.0009187415893704884,995.0
0.2756742999790163,0.2835255260521708,0.003952563874247764,-0.004948024153657629,-0.0032992165919219696,-0.0009188537970710332,995.1707926987544
0.2671113800689692,0.27780333069275154,0.0023825049665603714,-0.005079196223896694,-0.0034015697379248962,-0.0009195800261998765,996.8787196862988
0.25088466538406845,0.26689336152677123,-0.0004874537516295135,-0.005318072945329659,-0.0035892945066807714,-0.0009189440924171056,1000.0
0.25088466538406845,0.26689336152677123,-0.0004874537516295135,-0.005318072945329659,-0.0035892945066807714,-0.0009189440924171056,1000.0
0.25017278887991284,0.2664128214620229,-0.0006103396614572785,-0.005328288958484612,-0.0035973507524779433,-0.0009188568590966472,1000.1337314062645
0.24297895375294679,0.2615481086783359,-0.0018384238223118393,-0.005430295530267309,-0.003678035592395641,-0.0009176984716425857,1001.4710454689092
0.22334278162735732,0.2481911787430173,-0.0050680333537036475,-0.005697887145456541,-0.003892204979320317,-0.0009119818745294242,1005.0
0.22334278162735732,0.2481911787430173,-0.0050680333537036475,-0.005697887145456541,-0.003892204979320317,-0.0009119818745294242,1005.0
0.22233551083736955,0.24750297099597146,-0.005229030054651889,-0.005711224514940354,-0.0039029589067796863,-0.0009115870596056649,1005.1765730249368
0.21213354507550708,0.24051624847549802,-0.006834787032314459,-0.005844157731697433,-0.004010839441527041,-0.0009070267628035666,1006.9423032743051
0.1939145447222429,0.22796471830014292,-0.009592753421967984,-0.0060721374341308,-0.004199344233153032,-0.0008962938807879544,1010.0
0.1939145447222429,0.22796471830014292,-0.009592753421967984,-0.0060721374341308,-0.004199344233153032,-0.0008962938807879544,1010.0
0.19272795190329783,0.2271438953558279,-0.009767615592322967,-0.006086601921754903,-0.004211440185950698,-0.0008954755042703686,1010.1951834882395
0.18070732532572206,0.21880539001080487,-0.011506809576972823,-0.00623038491124222,-0.0043330299959672795,-0.0008863430876143957,1012.1470183706349
0.16263603458285428,0.20618717887300142,-0.014012668769209263,-0.006437242196176645,-0.004513107007577239,-0.0008696042126645334,1015.0
0.16263603458285428,0.20618717887300142,-0.014012668769209263,-0.006437242196176645,-0.004513107007577239,-0.0008696042126645334,1015.0
0.1613215388253938,0.20526531885071556,-0.01418990253747271,-0.006451880954776322,-0.004526081649860092,-0.0008682358540507174,1015.2039697043464
0.1480134267512662,0.19590045105997445,-0.015945921033925173,-0.0065967450378534185,-0.00465684151650697,-0.0008531805658536265,1017.2436667478102
0.1295664630353626,0.18281749820015705,-0.018264711491884966,-0.0067872807362997735,-0.004836860526959333,-0.0008284299240790171,1020.0
0.1295664630353626,0.18281749820015705,-0.018264711491884966,-0.0067872807362997735,-0.004836860526959333,-0.0008284299240790171,1020.0
0.1281771888677049,0.1818270827236243,-0.01843389714404265,-0.006801159343622502,-0.004850366580901338,-0.0008263641219339969,1020.20447872198
0.11413017091940286,0.17176999596904946,-0.020101160871987198,-0.006937368262199468,-0.004986896742743146,-0.0008037800998583739,1022.2492659417796
0.0948049572768112,0.15779459893752892,-0.02226352902682633,-0.007111630969361765,-0.005175287897187714,-0.0007671222565788692,1025.0
0.0948049572768112,0.15779459893752892,-0.02226352902682633,-0.007111630969361765,-0.005175287897187714,-0.0007671222565788692,1025.0
0.09340211922885966,0.1567732363252394,-0.022414433399394293,-0.007123664507228273,-0.0051890007569858195,-0.0007641731618172605,1025.1970927644986
0.0792462035072595,0.14640968117602193,-0.02388969975489186,-0.007239684594837489,-0.005328001462874542,-0.0007320196707891477,1027.1680204094848
0.05852634203777317,0.1310308932236861,-0.025886429434627017,-0.007389166493629074,-0.00553409004767324,-0.0006759735426962433,1030.0
0.05852634203777317,0.1310308932236861,-0.025886429434627017,-0.007389166493629074,-0.00553409004767324,-0.0006759735426962433,1030.0
0.05718509380100346,0.13002574472005038,-0.026008689045764737,-0.007397897096806804,-0.0055475438292270805,-0.0006719123315952846,1030.1814080833933
0.04368997589290589,0.1198389509990528,-0.02718855784388207,-0.007477984876175668,-0.0056837522944581855,-0.0006277735027387094,1031.9954889173264
0.021065395300625046,0.10241678396258672,-0.028945968140625288,-0.00757334795540283,-0.005914190056211641,-0.0005383965455520609,1035.0
0.021065395300625046,0.10241678396258672,-0.028945968140625288,-0.00757334795540283,-0.005914190056211641,-0.0005383965455520609,1035.0
0.019929722683856576,0.10152923803810837,-0.029026307217529166,-0.0075765650170168805,-0.0059257249913485365,-0.000533321542073295,1035.1499243586338
0.008551644939222612,0.0925590550997483,-0.029786091809175484,-0.007598697927731148,-0.006040196425801755,-0.00047921377313459913,1036.649167944972
-0.016893846025829974,0.071912748030734,-0.031161810952192025,-0.007569013808673203,-0.006275561847822312,-0.0003376731188215561,1040.0
-0.016893846025829974,0.071912748030734,-0.031161810952192025,-0.007569013808673203,-0.006275561847822312,-0.0003376731188215561,1040.0
-0.017980500761017117,0.07101091509816476,-0.03120983130915293,-0.007565009151614885,-0.006284425496616988,-0.0003311117349334919,1040.1436038517616
-0.028809188648804194,0.06192672205484229,-0.031637652448260736,-0.007512660992415742,-0.0063646125852272395,-0.0002645044177307544,1041.579642369377
-0.05418937461709372,0.03992755593190442,-0.032273604052022536,-0.007313429201662941,-0.006480292890518798,-0.00010979829244367652,1045.0
-0.05418937461709372,0.03992755593190442,-0.032273604052022536,-0.007313429201662941,-0.006480292890518798,-0.00010979829244367652,1045.0
-0.05540209773249909,0.03885189999407922,-0.03229124177740401,-0.0073018373301974825,-0.006483069957464161,-0.0001027747419526484,1045.1659526817907
-0.0674199398788118,0.028077862476936374,-0.03240545918706963,-0.0071800275110239535,-0.006497461943715601,-3.592613468250143e-05,1046.8254794996978
-0.08982014332568324,0.007481119391001729,-0.03233859180184337,-0.006930267612661772,-0.00646787072822122,7.426589060140018e-05,1050.0
-0.08982014332568324,0.007481119391001729,-0.03233859180184337,-0.006930267612661772,-0.00646787072822122,7.426589060140018e-05,1050.0
-0.09070724287229441,0.006652751056050176,-0.03232882313551885,-0.006919979958245033,-0.006465395773866058,7.824629253934784e-05,1050.1280987161301
-0.09950561590972051,-0.0016114678210317297,-0.03220390155803583,-0.0068168184448904375,-0.0064361915473782755,0.00011626188842750411,1051.4090858774314
-0.12346487708313825,-0.024527126910394652,-0.03161619928080551,-0.006527986706786722,-0.006319497500450045,0.0002076511910480161,1055.0
-0.12346487708313825,-0.024527126910394652,-0.03161619928080551,-0.006527986706786722,-0.006319497500450045,0.0002076511910480161,1055.0
-0.12450685759700651,-0.025536325761027465,-0.031582732828289654,-0.006515215530203477,-0.006313340596805628,0.00021126612245187396,1055.1597737450393
-0.13481472598676555,-0.0355721811121856,-0.03121732431238971,-0.0063880296857134755,-0.0062482034833680495,0.00024560843519078187,1056.757511195432
-0.15511333144091452,-0.0555961490755959,-0.030319328907608245,-0.006133071812403921,-0.006099543279322911,0.0003064808845290004,1060.0
-0.15511333144091452,-0.0555961490755959,-0.030319328907608245,-0.006133071812403921,-0.006099543279322911,0.0003064808845290004,1060.0
-0.15625710381382651,-0.056734167639176825,-0.030261806360347657,-0.0061185267877894205,-0.0060904117775086326,0.00030967059860609916,1060.1867140163304
-0.16754595576374356,-0.06801875761012877,-0.029654912977368622,-0.005973829706732176,-0.005996355476648622,0.00033992224264364773,1062.053854179634
-0.18481249406680453,-0.08545593139182174,-0.02858961129978055,-0.005748116202564974,-0.005839358888276284,0.0003822381326768272,1065.0
-0.18481249406680453,-0.08545593139182174,-0.02858961129978055,-0.005748116202564974,-0.005839358888276284,0.0003822381326768272,1065.0
-0.18597622286639026,-0.08663859042713977,-0.02851184838332283,-0.005732702368959456,-0.005828208158776798,0.00038493088512491777,1065.2027257928437
-0.19744215036991483,-0.09833943142864997,-0.027705185242728973,-0.005579265066774312,-0.005714732127780125,0.00041047807670171327,1067.2299837212806
-0.2126085557675211,-0.1139488729076497,-0.026523986761452952,-0.005371478739742258,-0.005554690804506755,0.00044170468014152384,1070.0
-0.2126085557675211,-0.1139488729076497,-0.026523986761452952,-0.005371478739742258,-0.005554690804506755,0.00044170468014152384,1070.0
-0.21375564742386763,-0.11513550864878884,-0.026429278570001005,-0.005355528339826911,-0.005542105655777036,0.00044395348324710246,1070.2138698786905
-0.22503937635173057,-0.1268527607847344,-0.02545661841353279,-0.005196597568398043,-0.005414849411087874,0.000465284886278926,1072.3525686655955
-0.2385380082638278,-0.14097628428335532,-0.02419278820246957,-0.005001153218510407,-0.00525424067461955,0.0004890069861884627,1075.0
-0.2385380082638278,-0.14097628428335532,-0.02419278820246957,-0.005001153218510407,-0.00525424067461955,0.0004890069861884627,1075.0
-0.23964404097434286,-0.14213867807512498,-0.024084258980112346,-0.00498487069321021,-0.005240645168122453,0.0004908662665458695,1075.2215161659246
-0.25050633364928443,-0.1535961943118854,-0.02297707871487522,-0.004822480227625493,-0.005103696696662668,0.0005084814752451358,1077.436677825171
-0.26262799735394454,-0.16647338771491127,-0.021649751937132682,-0.00463543808069269,-0.004943252190597504,0.000526795960898308,1080.0
-0.26262799735394454,-0.16647338771491127,-0.021649751937132682,-0.00463543808069269,-0.004943252190597504,0.000526795960898308,1080.0
-0.2636734274663049,-0.16758860909423678,-0.02153056142141897,-0.004619005335498219,-0.004929000011205302,0.0005283095327186068,1080.2259304373674
-0.2739237787208467,-0.17856317147424666,-0.02032051021926541,-0.0044549842244938995,-0.004785792135145136,0.0005426143170644251,1082.4852348110417
-0.28489806246898614,-0.19039653435057943,-0.018937692633848213,-0.004272984602666778,-0.004625112458818793,0.0005568624185722015,1085.0
-0.28489806246898614,-0.19039653435057943,-0.018937692633848213,-0.004272984602666778,-0.004625112458818793,0.0005568624185722015,1085.0
-0.2858666622670079,-0.1914453134390012,-0.018811083465522113,-0.004256586727072898,-0.004610522284084544,0.000558066291947864,1085.227115720907
-0.29534798671290896,-0.20175048660170125,-0.017530519047281864,-0.0040928030814957874,-0.004464167410259533,0.0005693983396568612,1087.4982729299772
-0.30536175700278245,-0.21271609254902554,-0.016091895434807234,-0.003912734636081067,-0.004302132988843105,0.0005804677318810485,1090.0
-0.30536175700278245,-0.21271609254902554,-0.016091895434807234,-0.003912734636081067,-0.004302132988843105,0.0005804677318810485,1090.0
-0.3062408155246612,-0.21368299030362137,-0.01596110943592885,-0.0038965579549774553,-0.004287495737070994,0.0005813939991131831,1090.2251314190908
-0.31483118163121054,-0.2231705033072746,-0.014642254617816434,-0.003734894958750478,-0.004140846180096843,0.0005900578053059404,1092.4764456099983
-0.3240279280888403,-0.23341220359216877,-0.01314225361347776,-0.003553853262999686,-0.003975961853491082,0.0005985307703178511,1095.0
-0.3240279280888403,-0.23341220359216877,-0.01314225361347776,-0.003553853262999686,-0.003975961853491082,0.0005985307703178511,1095.0
-0.32480841035680397,-0.23428574261560586,-0.013010439583183,-0.0035380813881866146,-0.003961542209997414,0.0005992097764333387,1095.2201041945334
-0.3324223301140115,-0.24284645666788798,-0.011684469378713671,-0.003380395582534922,-0.003817199339884619,0.0006054959227516057,1097.4211461398675
-0.3409016920887299,-0.252472098331012,-0.010114680363480427,-0.003195675144111058,-0.0036478161976107246,0.0006117390254348758,1100.0
-0.3409016920887299,-0.252472098331012,-0.010114680363480427,-0.003195675144111058,-0.0036478161976107246,0.0006117390254348758,1100.0
-0.3415775687932589,-0.2532439590728812,-0.009984942296679351,-0.003180500770014505,-0.003633866593094122,0.0006121999930433941,1100.2120006442292
-0.3481593896937644,-0.26079987234041646,-0.008682498686562288,-0.0030287386707965997,-0.003494317645653249,0.0006163908289943004,1102.3320070865211
-0.355985177889351,-0.26988831730366536,-0.007032079945270432,-0.0028376648342345913,-0.003318620742288782,0.0006206176816580947,1105.0
-0.355985177889351,-0.26988831730366536,-0.007032079945270432,-0.0028376648342345913,-0.003318620742288782,0.0006206176816580947,1105.0
-0.3565518660454003,-0.2705514102171315,-0.00690780009648842,-0.002823331260956929,-0.0033054218679566295,0.0006208890587979611,1105.200207925363
-0.3620608792360598,-0.27703700641350054,-0.005662252218609243,-0.0026799442624582536,-0.0031734429296320283,0.000623263000043503,1107.2022871789927
-0.3692781004200555,-0.2856574806642147,-0.0039150399046019154,-0.0024793879931981596,-0.002989094079334678,0.0006255742265368986,1110.0
-0.3692781004200555,-0.2856574806642147,-0.0039150399046019154,-0.0024793879931981596,-0.002989094079334678,0.0006255742265368986,1110.0
-0.3697294697689096,-0.28620198280317044,-0.0038008434167020656,-0.002466302810681128,-0.0029770606632126785,0.0006256852653733262,1110.1825303478518
-0.3741117572729746,-0.29152622684359886,-0.0026579306263986207,-0.0023353851566013327,-0.002856771634879725,0.0006265351481248964,1112.0078338263693
-0.3807782109417764,-0.2997794071147232,-0.0007823403507280077,-0.002120490435700308,-0.0026598045900887066,0.000626928199163828,1115.0
-0.3807782109417764,-0.2997794071147232,-0.0007823403507280077,-0.002120490435700308,-0.0026598045900887066,0.000626928199163828,1115.0
-0.3810946296003697,-0.30017657380568297,-0.0006885535919306552,-0.0021097424813932364,-0.0026499572606900695,0.0006269159767725537,1115.1495986874659
-0.3841703533162685,-0.30406724342073904,0.00024912771577160803,-0.0020022063415343033,-0.002551533751094988,0.0006266303221502772,1116.6455855621246
-0.3904816577248681,-0.31225646204995755,0.0023486603514319736,-0.0017606829147461735,-0.0023312076801586435,0.0006249315655392025,1120.0
-0.3904816577248681,-0.31225646204995755,0.0023486603514319736,-0.0017606829147461735,-0.0023312076801586435,0.0006249315655392025,1120.0
-0.3907788826407871,-0.3126504259219969,0.0024545130454213713,-0.0017484749514199208,-0.0023200901127982047,0.0006248077464209381,1120.1693995571632
-0.3936373398930934,-0.31648653233895024,0.003511769157321248,-0.0016263096206150266,-0.002208998973162356,0.0006233721802204412,1121.8633951287948
-0.398383155175737,-0.3230932215812282,0.005461724673704836,-0.0013996795460516696,-0.0020037357902653813,0.0006197826321005599,1125.0
-0.398383155175737,-0.3230932215812282,0.005461724673704836,-0.0013996795460516696,-0.0020037357902653813,0.0006197826321005599,1125.0
-0.39864966902046,-0.3234754531925205,0.005580299701254776,-0.001385838203103691,-0.0019912280757283063,0.0006195251901833102,1125.191356748507
-0.40116905090720095,-0.3271662161442974,0.006763179701536773,-0.0012473024646092706,-0.0018662796394781828,0.0006167110329280014,1127.104924233576
-0.40447619070014273,-0.33229613272388575,0.008541494087430343,-0.0010372742440996883,-0.0016777072333581642,0.0006116361316043072,1130.0
-0.40447619070014273,-0.33229613272388575,0.008541494087430343,-0.0010372742440996883,-0.0016777072333581642,0.0006116361316043072,1130.0
-0.40468486618483396,-0.3326347245715383,0.008665380568227112,-0.001022557877825401,-0.001664528279607602,0.0006112446671259896,1130.2026140261416
-0.4066075205935431,-0.3358738945218466,0.0098996994654369,-0.0008752463764606852,-0.001532901071123509,0.0006070715428014496,1132.228754287558
-0.40875336683251734,-0.33987303114082623,0.011573291279034526,-0.0006733182809418358,-0.0013533608565042682,0.0006006108373890697,1135.0
-0.40875336683251734,-0.33987303114082623,0.011573291279034526,-0.0006733182809418358,-0.0013533608565042682,0.0006006108373890697,1135.0
-0.4088908671865139,-0.3401511527821593,0.011697278485341684,-0.0006582507086746407,-0.0013400021260166518,0.0006000949459695892,1135.2065237398617
-0.4100946046823707,-0.3427807617827309,0.012931102012699256,-0.0005074137105630944,-0.0012065976100017336,0.0005946753129559547,1137.271761138479
-0.41120663430660087,-0.34583282078628913,0.01454295388318724,-0.00030769907379379685,-0.0010308863245416572,0.0005867946637278657,1140.0
-0.41120663430660087,-0.34583282078628913,0.01454295388318724,-0.00030769907379379685,-0.0010308863245416572,0.0005867946637278657,1140.0
-0.4112679070662211,-0.346041878968159,0.014662651443977572,-0.0002927385305323237,-0.0010177651762488236,0.0005861723977157054,1140.2040935119398
-0.41171258483104684,-0.34798530840073283,0.01585246376050472,-0.00014297117569496298,-0.0008867421055528744,0.0005797003236744358,1142.2450286313383
-0.41182746529825753,-0.35018524384349875,0.0174366896361014,5.966257826214971e-05,-0.0007104300572830159,0.0005702482163091318,1145.0
-0.41182746529825753,-0.35018524384349875,0.0174366896361014,5.966257826214971e-05,-0.0007104300572830159,0.0005702482163091318,1145.0
-0.4118141349139916,-0.3503253461016325,0.017550090996383078,7.431989748650791e-05,-0.0006977205658131651,0.0005695337921544679,1145.19898768139
-0.41152030844401166,-0.35158740076385425,0.018676122526222742,0.00022104844642168906,-0.0005708108181941465,0.0005621553069837402,1147.18886449529
-0.4106070124478771,-0.3529406791459645,0.02024094641267076,0.00042881544164464596,-0.0003921007696609387,0.0005510072417680409,1150.0
-0.4106070124478771,-0.3529406791459645,0.02024094641267076,0.00042881544164464596,-0.0003921007696609387,0.0005510072417680409,1150.0
-0.4105177226689948,-0.35301957934446415,0.02035360214507819,0.00044396166393430417,-0.0003791218994391091,0.0005501627106514705,1150.204610842608
-0.40945425871030405,-0.3536626647336403,0.021470478746288785,0.0005955867351057281,-0.0002495320451264524,0.0005414706379263084,1152.2507192686876
-0.40753624854232734,-0.3541099726014905,0.022942292870567822,0.0007997826390077705,-7.597678098644482e-05,0.0005290844514034835,1155.0
-0.40753624854232734,-0.3541099726014905,0.022942292870567822,0.0007997826390077705,-7.597678098644482e-05,0.0005290844514034835,1155.0
-0.40737163101893087,-0.35412415458641844,0.023050073397930672,0.0008149502182020708,-6.313482911009226e-05,0.0005281334011088338,1155.2038944974895
-0.40555525114400576,-0.3541221029961393,0.024117037743440567,0.000966783318645016,6.508754613995234e-05,0.0005183766635234295,1157.2428394723845
-0.40260612852321104,-0.35370424906750053,0.02552730125843356,0.0011725479417277714,0.00023790869919257818,0.0005044685385212576,1160.0
-0.40260612852321104,-0.35370424906750053,0.02552730125843356,0.0011725479417277714,0.00023790869919257818,0.0005044685385212576,1160.0
-0.40235777511141296,-0.3536528099891655,0.025633324123788416,0.0011882744011216654,0.0002510652347700112,0.0005033730546089249,1160.210395724016
-0.39969214050175655,-0.3529863266386492,0.026680680496100152,0.0013456983255745424,0.0003824247190813215,0.0004921524180777842,1162.3143529641766
-0.3958077816527903,-0.35173469658942513,0.027982424330879354,0.0015470573703427466,0.0005495638915008828,0.00047712282215085723,1165.0
-0.3958077816527903,-0.35173469658942513,0.027982424330879354,0.0015470573703427466,0.0005495638915008828,0.00047712282215085723,1165.0
-0.3954674252510583,-0.3516129431450147,0.028086700184965566,0.0015634902359173632,0.0005631509011288063,0.0004758624997446956,1165.2188402161992
-0.3918659492848914,-0.3502320368330608,0.02911406413425094,0.0017279782320093872,0.0006988069749031394,0.000462965103226988,1167.4072423781909
-0.38713269429305164,-0.3482123702599973,0.03029387007601719,0.001923221296376393,0.0008590343044658754,0.0004469857551960346,1170.0
-0.38713269429305164,-0.3482123702599973,0.03029387007601719,0.001923221296376393,0.0008590343044658754,0.0004469857551960346,1170.0
-0.3866962395282683,-0.3480167074895792,0.030394700057129825,0.0019402598482383961,0.0008729643069015239,0.0004455563575879031,1170.2259386295616
-0.38211984023623685,-0.3458871464459987,0.031384981600851077,0.002110796188646901,0.0010120505886887503,0.00043093858671092964,1172.4853249251776
-0.37657290438166374,-0.3431479923342044,0.03244747062559692,0.002300907584701209,0.0011664084232076715,0.00041396801173139647,1175.0
-0.37657290438166374,-0.3431479923342044,0.03244747062559692,0.002300907584701209,0.0011664084232076715,0.00041396801173139647,1175.0
-0.3760371022697117,-0.3428757605754962,0.03254331710412044,0.0023184690449981242,0.0011806158699904593,0.00041236387364087504,1175.2319802878903
-0.3704549073707574,-0.3399723378228693,0.03348102634565598,0.0024942161520764695,0.001322486353351078,0.0003959665119620342,1177.5517831667937
-0.3641212357634324,-0.33655171959226793,0.03442853293868397,0.0026799323819281665,0.0014718251934946755,0.0003779480572635219,1180.0
-0.3641212357634324,-0.33655171959226793,0.03442853293868397,0.0026799323819281665,0.0014718251934946755,0.0003779480572635219,1180.0
-0.3634837980760207,-0.33620109894695066,0.034517917659739356,0.002697936944389837,0.00148625458493608,0.00037616262653819484,1180.2370595817476
-0.35687458631597724,-0.3325069112245009,0.0353881616303031,0.002878085013542042,0.0016303653785706832,0.00035791651762631367,1182.607655399224
-0.34977158416876036,-0.3284328699768969,0.036221664067730155,0.0030600484700743264,0.0017754829423747584,0.00033876633430138123,1185.0
-0.34977158416876036,-0.3284328699768969,0.036221664067730155,0.0030600484700743264,0.0017754829423747584,0.00033876633430138123,1185.0
-0.34903145582749506,-0.32800296135913576,0.03630311797007344,0.003078409111074473,0.0017900816063330359,0.0003367926487739576,1185.2411447357842
-0.3413866050405838,-0.3235103811093251,0.037091116359273126,0.003262073530145116,0.001935919232620811,0.0003166235714769523,1187.6525920936267
-0.33351927329787406,-0.3187995961514581,0.03781056164240603,0.0034409285568538185,0.0020776518652032344,0.00029621703290519234,1190.0
-0.33351927329787406,-0.3187995961514581,0.03781056164240603,0.0034409285568538185,0.0020776518652032344,0.00029621703290519234,1190.0
-0.33267702265698434,-0.3182906164781745,0.03788260779794623,0.003459543243378926,0.0020923652537431715,0.00029404818650890477,1190.2441139296645
-0.3240045914223048,-0.31300336078356866,0.03857354273930946,0.0036456859133666545,0.002239400053772966,0.00027188153985842854,1192.68525322631
-0.31536151170893817,-0.30765848526268613,0.03917775510076728,0.003822141157383005,0.002378691325417844,0.0002500364129819305,1195.0
-0.31536151170893817,-0.30765848526268613,0.03917775510076728,0.003822141157383005,0.002378691325417844,0.0002500364129819305,1195.0
-0.3144197628964635,-0.307072011071148,0.03923892047915971,0.0038408873797806113,0.002393460663835044,0.00024766590172984845,1195.2457902332108
-0.3047489271329594,-0.30100763956219057,0.03981807396588314,0.004028261155631956,0.0025411236166420843,0.0002234300716122575,1197.7036925653183
-0.2952979970341493,-0.29501405566310485,0.04030427682841897,0.004203114939885304,0.002679074185056893,0.0001998861161247993,1200.0
-0.2952979970341493,-0.29501405566310485,0.04030427682841897,0.004203114939885304,0.002679074185056893,0.0001998861161247993,1200.0
-0.29426177504119155,-0.2943532184884891,0.0403531296119399,0.0042218474528562915,0.0026938370950047507,0.00019730779849915382,1200.2459884989844
-0.2836462835895053,-0.287545066054348,0.04080626797219199,0.004408972357436069,0.002841526275014263,0.00017093342798092756,1202.7058734888283
-0.2733317401141338,-0.2808681085306918,0.04116923213432165,0.00458308496329119,0.0029794211632770164,0.0001453288472722677,1205.0
-0.2733317401141338,-0.2808681085306918,0.04116923213432165,0.00458308496329119,0.0029794211632770164,0.0001453288472722677,1205.0
-0.2722085881121312,-0.2801376358431416,0.041204433891705756,0.004601637111262745,0.002994115660819494,0.0001425361876478105,1205.2445695961655
-0.2607278075739935,-0.27263510288835663,0.041518323300688054,0.004786811619532402,0.0031412364847463454,0.00011394783670586941,1207.690265557821
-0.24947022661532256,-0.2652188724179664,0.041749220111421105,0.004961008841843743,0.003280550335740313,8.579212981799321e-05,1210.0
-0.24947022661532256,-0.2652188724179664,0.041749220111421105,0.004961008841843743,0.003280550335740313,8.579212981799321e-05,1210.0
-0.24827004940101943,-0.2644249280920161,0.04176957329862997,0.004979195813652419,0.003295121370408846,8.27765048209937e-05,1210.2414793403123
-0.2360271769905561,-0.2562916966561888,0.04193242727726117,0.00516052571953032,0.003441152599288621,5.187426424442075e-05,1212.6562727434348
-0.22372711562777267,-0.2480598465233713,0.04201752875336202,0.005335430867366768,0.0035835497977111325,2.0512639765410492e-05,1215.0
-0.22372711562777267,-0.2480598465233713,0.04201752875336202,0.005335430867366768,0.0035835497977111325,2.0512639765410492e-05,1215.0
-0.22246188645216716,-0.24720974942873214,0.04202200040076147,0.00535305071741969,0.003597956135771802,1.726073014151878e-05,1215.2367462392883
-0.20958081440421739,-0.23852078601609272,0.04202367483505422,0.005528452293696274,0.0037425199774021025,-1.610822475890069e-05,1217.6042086321715
-0.1961248305717781,-0.2293781970919261,0.041942976862414216,0.0057042511025401305,0.0038898863687565396,-5.155236264212429e-05,1220.0
-0.1961248305717781,-0.2293781970919261,0.041942976862414216,0.0057042511025401305,0.0038898863687565396,-5.155236264212429e-05,1220.0
-0.19480458892869792,-0.22847757032886937,0.041930656353881594,0.005721127388795529,0.003904146915814198,-5.507231073152198e-05,1220.2311067885253
-0.18138857949233575,-0.21928946104641425,0.041761916914662835,0.005888733298741816,0.004047478503118681,-9.126060593500367e-05,1222.542174673778
-0.16669870748267981,-0.20915248614233517,0.04148817881849928,0.006064312154843946,0.0042015678138465655,-0.00013187295390066131,1225.0
-0.16669870748267981,-0.20915248614233517,0.04148817881849928,0.006064312154843946,0.0042015678138465655,-0.00013187295390066131,1225.0
-0.16533789934582768,-0.20820932080359658,0.04145819721987931,0.0060801862091018925,0.0042156939464188135,-0.00013570060727363862,1225.2241027278337
-0.15153545430754903,-0.1986027755745104,0.04111028936892332,0.006237246079273454,0.004357962468934158,-0.0001751538253258798,1227.465130006171
-0.13550406431235273,-0.1873493843885082,0.04060683729017682,0.006410594687185398,0.004521390693650792,-0.00022259831437367882,1230.0
-0.13550406431235273,-0.1873493843885082,0.04060683729017682,0.006410594687185398,0.004521390693650792,-0.00022259831437367882,1230.0
-0.1341228345918112,-0.1863747985352726,0.04055848017750103,0.006425089869852239,0.004535385680108056,-0.0002267858142784184,1230.215217032623
-0.12014079142159394,-0.17646228339236936,0.04002427442721371,0.006567561011244057,0.004676680084869976,-0.00027009453396352045,1232.3673873588536
-0.10262917527357944,-0.16391893783413594,0.03923932520308179,0.006734534193234909,0.004853262787802355,-0.00032700973550564387,1235.0
-0.10262917527357944,-0.16391893783413594,0.03923932520308179,0.006734534193234909,0.004853262787802355,-0.00032700973550564387,1235.0
-0.10125490966352667,-0.16292808066431738,0.03917218663451892,0.006747087912892364,0.004867113700602404,-0.00033162901360350526,1235.203872282478
-0.08737413037664926,-0.15286300203599604,0.03844774832514612,0.006868843972801528,0.005007319250971968,-0.0003796058374147747,1237.2425951072576
-0.0682213259093041,-0.13878841856279317,0.03730519530697281,0.007020123639719128,0.005202348316756278,-0.0004503218134165078,1240.0
-0.0682213259093041,-0.13878841856279317,0.03730519530697281,0.007020123639719128,0.005202348316756278,-0.0004503218134165078,1240.0
-0.0668968358912094,-0.1378062874791068,0.0372198089914604,0.007029797432440481,0.005215916433805821,-0.0004554462798987778,1240.1885403412778
-0.05355547751261023,-0.1278430852881579,0.0363113754456605,0.007120555514451658,0.0053534095953872846,-0.0005088864774031604,1242.0739437540553
-0.03254478161316654,-0.11185906749305397,0.03469083113541753,0.007234103335352135,0.005573067492093054,-0.0006007127732336119,1245.0
-0.03254478161316654,-0.11185906749305397,0.03469083113541753,0.007234103335352135,0.005573067492093054,-0.0006007127732336119,1245.0
-0.03135816032621876,-0.11094421028264101,0.03459187873650562,0.0072392376237231226,0.005585561419000755,-0.0006062284410957476,1245.1639730897655
-0.0194507339566374,-0.10168255613323623,0.0335513454613739,0.007281520686014116,0.005711136759236925,-0.0006635979049550157,1246.8037039874202
0.003883281269919721,-0.0830389063982437,0.031237363651129897,0.007304067776212887,0.005952622931208115,-0.0007865859863148781,1250.0
0.003883281269919721,-0.0830389063982437,0.031237363651129897,0.007304067776212887,0.005952622931208115,-0.0007865859863148781,1250.0
0.0047016615419087195,-0.08237144904171487,0.031148970906145223,0.007303106372293877,0.005960757282661314,-0.0007911300241757748,1250.1120516583555
0.012876644097136056,-0.07564767077626597,0.03023683915648707,0.007286066498190114,0.006039638638260848,-0.0008370461248434413,1251.232568241911
0.04007621111304033,-0.052466562880613354,0.02679421837965916,0.0071283502097824,0.00624837330226066,-0.0009879365023766188,1255.0
0.04007621111304033,-0.052466562880613354,0.02679421837965916,0.0071283502097824,0.00624837330226066,-0.0009879365023766188,1255.0
0.04125495355456346,-0.05143206558118527,0.026630231835797755,0.007118235690477086,0.006254817364997009,-0.000994041461559385,1255.165476748438
0.05294383489846546,-0.041036920324295276,0.024937073616445177,0.007006262028320276,0.0063046109039079125,-0.0010510899570703807,1256.820244232819
0.07483239310463663,-0.02092689192549584,0.021448776875381513,0.00675606455028418,0.006329879525613205,-0.0011379254005532496,1260.0
0.07483239310463663,-0.02092689192549584,0.021448776875381513,0.00675606455028418,0.006329879525613205,-0.0011379254005532496,1260.0
0.07587099678094501,-0.019952949840618774,0.021273413718190512,0.006743342766351095,0.0063290560356517485,-0.0011413735898592292,1260.1538739062837
0.08614861979730216,-0.010225227630061541,0.01949247440904745,0.0066148445359253405,0.006312188481168582,-0.001172413651510585,1261.6926129691208
0.10756635679320936,0.010534651521405477,0.015528492793847298,0.006336831639277062,0.006233039913787231,-0.0012209087692549852,1265.0
0.10756635679320936,0.010534651521405477,0.015528492793847298,0.006336831639277062,0.006233039913787231,-0.0012209087692549852,1265.0
0.10843357072608993,0.01138814013875499,0.015361149891383877,0.006325376057229524,0.006228751423898099,-0.0012224626426921815,1265.1369767494914
0.1170196384270019,0.01988899347689356,0.013676828710777751,0.006211313406454089,0.006182324664852196,-0.0012363233371894611,1266.5067442444054
0.13821549049281004,0.04124586398028412,0.009312383450206196,0.0059251796308594845,0.006040185144366618,-0.00125992415170375,1270.0
0.13821549049281004,0.04124586398028412,0.009312383450206196,0.0059251796308594845,0.006040185144366618,-0.00125992415170375,1270.0
0.13921426714647653,0.04226456056800111,0.009099693940250187,0.0059115440854339485,0.006032601938955397,-0.0012607008451102717,1270.1687590104502
0.14907601372518053,0.05237941120065566,0.006966522789881803,0.005776101982456256,0.005953888819871592,-0.001266908250905867,1271.8563491149525
0.1668426894675215,0.07085104910812076,0.002973930438695335,0.0055279745287251545,0.005795570212865402,-0.0012718861024498544,1275.0
0.1668426894675215,0.07085104910812076,0.002973930438695335,0.0055279745287251545,0.005795570212865402,-0.0012718861024498544,1275.0
0.16767902597328166,0.07172820629521472,0.002781294665565756,0.005516154958776305,0.00578760493939391,-0.0012719366575655205,1275.151453611185
0.17594425325005822,0.0804326852217899,0.0008549680595288176,0.0053985560455223494,0.005706569180356416,-0.0012715971824525333,1276.6659897230343
0.19351610770076297,0.09915105115793449,-0.003376971681780947,0.005143166996669202,0.0055206002764437,-0.0012660224107437044,1280.0
0.19351610770076297,0.09915105115793449,-0.003376971681780947,0.005143166996669202,0.0055206002764437,-0.0012660224107437044,1280.0
0.19431222569231552,0.10000588312997691,-0.0035731342371493773,0.005131409337134071,0.0055117251918923894,-0.0012656190084562207,1280.1549685513705
0.20217344804070797,0.10847805876018794,-0.0055309750331152974,0.005014301098319712,0.005422064559226881,-0.0012609514139144326,1281.7046540650758
0.21829031191518422,0.1260252522633778,-0.009665381206718381,0.004767832333617686,0.005226631693448831,-0.0012475457001075096,1285.0
0.21829031191518422,0.1260252522633778,-0.009665381206718381,0.004767832333617686,0.005226631693448831,-0.0012475457001075096,1285.0
0.2191642784793282,0.12698367510029857,-0.00989430974666938,0.004754202534248254,0.005215566316631458,-0.001246672559655455,1285.1835672132609
0.22776664526664137,0.13645564688287445,-0.012174346110585358,0.0046183825456802925,0.0051040855247684695,-0.0012372716329761776,1287.0192393458694
0.24120624866881724,0.15139652236344486,-0.015836737293190836,0.0043995027223904725,0.004920261723804221,-0.001219613721151346,1290.0
0.24120624866881724,0.15139652236344486,-0.015836737293190836,0.0043995027223904725,0.004920261723804221,-0.001219613721151346,1290.0
0.24208359736432358,0.15237810868605495,-0.016080229010357695,0.004384909311620612,0.004907821063539219,-0.001218333189713478,1290.1997512915027
0.2506970440592127,0.16205683460136008,-0.018500637097168992,0.004239381824465238,0.004782765313495669,-0.0012049021107291501,1292.1972642065298
0.26229404434173703,0.17521375849376197,-0.02184920661813533,0.004036304210322041,0.004605555391959449,-0.0011842656710634798,1295.0
0.26229404434173703,0.17521375849376197,-0.02184920661813533,0.004036304210322041,0.004605555391959449,-0.0011842656710634798,1295.0
0.26314518108687407,0.17618535197607596,-0.022099233431680732,0.004021052034624649,0.004592111779747865,-0.0011826317116642386,1295.2112695100802
0.2714795608684102,0.1857447130363325,-0.0245800890020562,0.0038688504069287768,0.004457194342271937,-0.0011657195477771862,1297.3239646108825
0.28157561163668393,0.1974424484472076,-0.027669385253581334,0.003676804081086241,0.004285207925786853,-0.001142888869662577,1300.0
0.28157561163668393,0.1974424484472076,-0.027669385253581334,0.003676804081086241,0.004285207925786853,-0.001142888869662577,1300.0
0.28238309806546985,0.19838400781384938,-0.02792070765304824,0.0036610505691708644,0.0042710029652612,-0.0011409460900569056,1300.2200879005927
0.29026745305456064,0.20762738816199378,-0.030410009370616033,0.003503751012957428,0.0041286157748602675,-0.0011209953839268845,1302.4209669065199
0.299066562197403,0.2180593415689611,-0.03326972130043227,0.003319897654818818,0.0039610945016962185,-0.0010964670347118077,1305.0
0.299066562197403,0.2180593415689611,-0.03326972130043227,0.003319897654818818,0.0039610945016962185,-0.0010964670347118077,1305.0
0.29981789785752433,0.21895629707383635,-0.03351821987873952,0.0033037545353217165,0.0039463170664053885,-0.0010942540998078595,1305.2268644842472
0.3071299561150088,0.22774128975189542,-0.03597521154439482,0.003142481558384936,0.0037983255422039423,-0.0010716461125691796,1307.4955093267197
0.3147776207469427,0.23704917032477887,-0.03862687991962642,0.0029647225895091276,0.0036345704426352537,-0.0010457209388702602,1310.0
0.3147776207469427,0.23704917032477887,-0.03862687991962642,0.0029647225895091276,0.0036345704426352537,-0.0010457209388702602,1310.0
0.3154629112465911,0.23788987005920845,-0.038868984746278576,0.002948291155112353,0.003619387630553232,-0.001043273677202603,1310.2317906112337
0.32210641548601043,0.24610321140251634,-0.0412584762798617,0.0027840667016449275,0.003467442332781781,-0.0010183620755246192,1312.5496967235706
0.32871567488128645,0.25440252398913543,-0.0437206559916997,0.0026105977296929433,0.0033066454023691697,-0.0009911925382672902,1315.0
0.32871567488128645,0.25440252398913543,-0.0437206559916997,0.0026105977296929433,0.0033066454023691697,-0.0009911925382672902,1315.0
0.32932688702012913,0.2551773594347255,-0.04395315141254422,0.002593982314694731,0.0032912158947262147,-0.0009885460231867994,1315.2348747249423
0.33522439621950995,0.2627263624061408,-0.046243585144759375,0.0024278594764350864,0.0031368856612631877,-0.0009616781177333102,1317.5836219743653
0.34088456685479857,0.270114406562145,-0.04853322140994888,0.0022569799880097466,0.0029780895089890833,-0.0009332976127004401,1320.0
0.34088456685479857,0.270114406562145,-0.04853322140994888,0.0022569799880097466,0.0029780895089890833,-0.0009332976127004401,1320.0
0.34141543923071876,0.27081566085490694,-0.04875322870443729,0.0022402908546273123,0.0029625671947170443,-0.00093048705497345,1320.2360864581863
0.3465074459844545,0.27762667364836907,-0.05091650121037629,0.0020733823702002037,0.002807374670279305,-0.0009020124893300724,1322.596951040049
0.3512857031631859,0.28418321980124495,-0.053048585644068315,0.0019034338021438417,0.002649500725987871,-0.0008723599987418115,1325.0
0.3512857031631859,0.28418321980124495,-0.053048585644068315,0.0019034338021438417,0.002649500725987871,-0.0008723599987418115,1325.0
0.35173188107365116,0.28480518815225525,-0.05325362515454475,0.0018867843070079482,0.002634032693729905,-0.0008694206152957784,1325.235436526274
0.3559780212182033,0.29082464157845844,-0.055265679461434826,0.0017202339568141772,0.0024794338388198756,-0.0008396896571504346,1327.5898017890145
0.3599185345250009,0.2966100203956047,-0.05725219710297931,0.0015496093047650415,0.002321349046969752,-0.0008086345569437326,1330.0
0.3599185345250009,0.2966100203956047,-0.05725219710297931,0.0015496093047650415,0.002321349046969752,-0.0008086345569437326,1330.0
0.3602776643199952,0.29714910406954337,-0.05744025186735227,0.0015331117039032258,0.00230607213306112,-0.0008056009883646923,1330.2329953089845
0.36365748240374257,0.3023442666978971,-0.05928167414535692,0.0013680520324398499,0.0021534216199255397,-0.0007749583918224828,1332.5629483988298
0.36678094285924645,0.3073979593204986,-0.06113064018343067,0.0011952265958082196,0.0019940062620601036,-0.0007423229954056225,1335.0
0.36678094285924645,0.3073979593204986,-0.06113064018343067,0.0011952265958082196,0.0019940062620601036,-0.0007423229954056225,1335.0
0.36705261657954313,0.30785258229400625,-0.06130016930048601,0.0011789905730800426,0.0019790461168506684,-0.0007392290657486604,1335.228853273726
0.3695649106094624,0.3122106237622373,-0.06295629404073627,0.00101652785513397,0.001829588047091265,-0.0007080115562821368,1337.517386010985
0.3718695613678867,0.3165518447672525,-0.0646713989131587,0.0008400644748823829,0.0016677662697905215,-0.0006735849976481699,1340.0
0.3718695613678867,0.3165518447672525,-0.0646713989131587,0.0008400644748823829,0.0016677662697905215,-0.0006735849976481699,1340.0
0.37205516162852303,0.31692220612929184,-0.06482128846117159,0.0008242012296549153,0.0016532415878545178,-0.0006704645284296965,1340.2230415765428
0.3737164777275955,0.32044776333743324,-0.06628170810637836,0.0006654561540775995,0.0015081517818540022,-0.0006390090421812519,1342.4534573419703
0.37518004645663994,0.3240777903001317,-0.06786266766511408,0.0004839522869226115,0.0013428592532001397,-0.0006025461188627598,1345.0
0.37518004645663994,0.3240777903001317,-0.06786266766511408,0.0004839522869226115,0.0013428592532001397,-0.0006025461188627598,1345.0
0.3752826453192838,0.3243655671384756,-0.06799213427806854,0.0004685864939282572,0.0013288930464194137,-0.0005994354720880657,1345.215421833987
0.37612649060038417,0.3270779818484603,-0.06924977560641347,0.0003148137603918883,0.0011893915718795335,-0.0005681048744189728,1347.3696401738566
0.3767073157125225,0.3299829217920393,-0.07069319552865752,0.00012676439637486817,0.0010194612631654885,-0.000529303477982547,1350.0
0.3767073157125225,0.3299829217920393,-0.07069319552865752,0.00012676439637486817,0.0010194612631654885,-0.000529303477982547,1350.0
0.37673185489957145,0.3301910586904236,-0.07080165334912168,0.00011205964584979082,0.0010062038712103435,-0.0005262472280323789,1350.2054998555534
0.3768109677276244,0.3321226972245742,-0.07185154634811068,-3.5097417303267835e-05,0.0008737846790037796,-0.0004954875593588924,1352.2604984110874
0.3764457631619082,0.3342751241746814,-0.07315215470683713,-0.0002315834386229994,0.0006977007169523947,-0.0004539297567036224,1355.0
0.3764457631619082,0.3342751241746814,-0.07315215470683713,-0.0002315834386229994,0.0006977007169523947,-0.0004539297567036224,1355.0
0.3763964258240803,0.3344177883203254,-0.07324553701754734,-0.00024640511119052667,0.0006844533803213315,-0.00045077277557551755,1355.206437467593
0.37573468531410653,0.3356941348803672,-0.07414337529538435,-0.0003947338726669003,0.0005521408897598337,-0.00041900896834590797,1357.2708121435242
0.37438944522935225,0.3369628310605687,-0.07522903069490725,-0.0005911421875854355,0.0003776691436851794,-0.00037647796868908024,1360.0
0.37438944522935225,0.3369628310605687,-0.07522903069490725,-0.0005911421875854355,0.0003776691436851794,-0.00037647796868908024,1360.0
0.37426418510645953,0.3370404529928281,-0.0753074565784611,-0.0006062158690484206,0.00036431705481447253,-0.00037319207692933703,1360.2092275708835
0.3728380405380343,0.3376631446224052,-0.07605375936656586,-0.0007570654601482531,0.0002309622932651217,-0.000340137159153989,1362.3015032797186
0.3705322682407756,0.3380548212070972,-0.07691352184517866,-0.0009519208299790605,5.941322544805177e-05,-0.00029698046673293894,1365.0
0.3705322682407756,0.3380548212070972,-0.07691352184517866,-0.0009519208299790605,5.941322544805177e-05,-0.00029698046673293894,1365.0
0.37033482838959164,0.33806570476219844,-0.07697430040656733,-0.0009667980455216675,4.635353758507681e-05,-0.0002936644330580597,1365.2058038686105
0.36819195705621094,0.3380268286664457,-0.07754441556367576,-0.00111567326785129,-8.408562674959538e-05,-0.00026031591501359956,1367.2638425547152
0.3648682027091421,0.33755999381410723,-0.07819543808635354,-0.0013138843443979897,-0.0002570656797590357,-0.00021544962381183188,1370.0
0.3648682027091421,0.33755999381410723,-0.07819543808635354,-0.0013138843443979897,-0.0002570656797590357,-0.00021544962381183188,1370.0
0.36458721086509843,0.33750391122167595,-0.07824087274616827,-0.0013293033039604516,-0.0002704822313351869,-0.00021193696823302847,1370.2126159122638
0.361596910975628,0.3367863136949661,-0.07865399316703123,-0.0014835919201812147,-0.00040448703290549986,-0.00017660930789823245,1372.3387750349018
0.35739151170161304,0.3354871394120454,-0.07906459337086172,-0.0016769500422871284,-0.0005718128254329227,-0.00013187463989538405,1375.0
0.35739151170161304,0.3354871394120454,-0.07906459337086172,-0.0016769500422871284,-0.0005718128254329227,-0.00013187463989538405,1375.0
0.357020083816778,0.33535956615419216,-0.07909325200235373,-0.0016929826915005582,-0.0005856476057541366,-0.00012814193649177418,1375.2204363973908
0.35311135568695595,0.33391622416595623,-0.0793344145443063,-0.0018533983650351603,-0.0007238359773921651,-9.059641591711821e-05,1377.424800371299
0.348096983623851,0.33184471377664115,-0.0795107081211394,-0.0020409893940931505,-0.0008849176195536005,-4.622876283409831e-05,1380.0
0.348096983623851,0.33184471377664115,-0.0795107081211394,-0.0020409893940931505,-0.0008849176195536005,-4.622876283409831e-05,1380.0
0.34763327770665775,0.3316428741041364,-0.07952072468392361,-0.0020574879339322664,-0.0008990472448471733,-4.230218491464306e-05,1380.2262820580938
0.3427908300894145,0.3294487448148785,-0.07957183612241706,-0.0022225424564147733,-0.0010401956082744471,-2.8014313465843146e-06,1382.4891026390321
0.33698018532914115,0.3266405990982519,-0.07952332070055598,-0.002405817948021376,-0.0011965212413953558,4.1534373765002786e-05,1385.0
0.33698018532914115,0.3266405990982519,-0.07952332070055598,-0.002405817948021376,-0.0011965212413953558,4.1534373765002786e-05,1385.0
0.3364224378257276,0.3263625169372105,-0.07951325084034316,-0.0024226936977952258,-0.0012108811878123822,4.564281691895393e-05,1385.2310225426452
0.33063050365850427,0.32339933721461955,-0.07936014544802952,-0.0025914889372802606,-0.0013543548339186797,8.697981547416302e-05,1387.541247969097
0.3240377677630617,0.3198818278207338,-0.07909167875165785,-0.002771184202220774,-0.0015068240608760767,0.00013148517154012553,1390.0
0.3240377677630617,0.3198818278207338,-0.07909167875165785,-0.002771184202220774,-0.0015068240608760767,0.00013148517154012553,1390.0
0.3233835618189966,0.31952549138324915,-0.0790602297399623,-0.002788394003503741,-0.0015213968103926017,0.00013577589387404185,1390.2353437330298
0.31661874458365935,0.3157735759873052,-0.07868997624004932,-0.0029604846623665906,-0.0016670323295645876,0.0001789564144580084,1392.588781063328
0.30926784346292857,0.31157425485704804,-0.0782046124624918,-0.003136751688947116,-0.0018160990360032083,0.00022372091581757098,1395.0
0.30926784346292857,0.31157425485704804,-0.0782046124624918,-0.003136751688947116,-0.0018160990360032083,0.00022372091581757098,1395.0
0.3085173324652573,0.3111391756737216,-0.07815070036713576,-0.003154199631630289,-0.001830832092082374,0.00022818324773131205,1395.2386001539066
0.30078330877900206,0.30659507999678304,-0.07755277325174591,-0.003328609256967153,-0.0019781193949568827,0.00027310300791345073,1397.624601692973
0.2926704730008067,0.3017221493730601,-0.0768503912925446,-0.0035020728222114623,-0.002124710738443211,0.0003183696231434528,1400.0
0.2926704730008067,0.3017221493730601,-0.0768503912925446,-0.0035020728222114623,-0.002124710738443211,0.0003183696231434528,1400.0
0.29182542520316235,0.3012089554090786,-0.07677320510837318,-0.0035196491283976793,-0.0021395516776925496,0.0003229914614552589,1400.2406953032937
0.2831423940490583,0.29588053111793705,-0.07593988736185618,-0.003695258326562085,-0.0022879841478351723,0.0003695324005929103,1402.6476483362308
0.2742482997273762,0.2903276865866421,-0.07501654990868621,-0.003866554912412374,-0.002433136707650185,0.00041559865093817374,1405.0
0.2742482997273762,0.2903276865866421,-0.07501654990868621,-0.003866554912412374,-0.002433136707650185,0.00041559865093817374,1405.0
0.27331243011921774,0.2897383018121423,-0.07491561011763184,-0.003884131446216716,-0.002448031772837797,0.00042036579732055606,1405.2414933273237
0.2637204996820368,0.28364652627057996,-0.07384259770360832,-0.004059631631135046,-0.0025970926096652914,0.0004683895317578039,1407.656426600561
0.25400739961581986,0.27739030515176,-0.07268966622059055,-0.004229406728058079,-0.002742000471487844,0.0005156254458705178,1410.0
0.25400739961581986,0.27739030515176,-0.07268966622059055,-0.004229406728058079,-0.002742000471487844,0.0005156254458705178,1410.0
0.2529866093967777,0.2767280755385966,-0.07256488360784681,-0.004246834837746472,-0.0027568958311803473,0.0005205217157633837,1410.2408591287613
0.24254817321509684,0.26990827454521277,-0.07125187105670668,-0.004420704565706129,-0.002906071110145374,0.0005698708412957326,1412.6494504163738
0.23195846503737189,0.2629058659126587,-0.06985507430074799,-0.0045895559022458305,-0.0030521189357419353,0.000618733166359419,1415.0
0.23195846503737189,0.2629058659126587,-0.06985507430074799,-0.0045895559022458305,-0.0030521189357419353,0.000618733166359419,1415.0
0.2308609214043262,0.2621755704949852,-0.06970678858422434,-0.004606665865554911,-0.0030669644225852616,0.0006237413336909336,1415.2386944239604
0.21966135821145222,0.2546774254198915,-0.0681578289768935,-0.004777161693408152,-0.0032157811799222863,0.0006742492868797758,1417.6256386635644
0.20811851413971155,0.24686552322186764,-0.0664964820744583,-0.004945516707807015,-0.0033645714973780266,0.0007252936750348134,1420.0
0.20811851413971155,0.24686552322186764,-0.0664964820744583,-0.004945516707807015,-0.0033645714973780266,0.0007252936750348134,1420.0
0.20695459796783597,0.2460732727111636,-0.06632547252476838,-0.004962116390812302,-0.0033793257670525914,0.0007303970051509439,1420.2349533684028
0.1951016239603414,0.23795967286254907,-0.06454904239209369,-0.005127252908642394,-0.0035274047601835186,0.0007819040316501231,1422.5844870524306
0.18251346204561858,0.22925417257516462,-0.06259544737082559,-0.005295168544060255,-0.003680802820238344,0.0008358020402864783,1425.0
0.18251346204561858,0.22925417257516462,-0.06259544737082559,-0.005295168544060255,-0.003680802820238344,0.0008358020402864783,1425.0
0.18129574848276558,0.22840729638067042,-0.06240293321453197,-0.005311037015732135,-0.0036954380308862056,0.000840985791576126,1425.2296227733887
0.1689191633365565,0.21975310745459095,-0.06041190063236941,-0.005468510768255586,-0.0038425421569803554,0.0008933547367733696,1427.5258505072752
0.15518217722935318,0.2100482639388933,-0.05813063992425575,-0.00563536444098318,-0.004002777355371884,0.0009509289274416054,1430.0
0.15518217722935318,0.2100482639388933,-0.05813063992425575,-0.00563536444098318,-0.004002777355371884,0.0009509289274416054,1430.0
0.1539257432567687,0.20915538569151781,-0.05791832028123945,-0.005650234411897957,-0.004017280943762478,0.0009561808965783583,1430.2226613668727
0.1411806097334294,0.2000482054117959,-0.05573034038854938,-0.00579722506371894,-0.00416333393083552,0.001009303123572051,1432.4492750355994
0.12618325681422746,0.18921266372650886,-0.05307677844881664,-0.005961192024871493,-0.0043332091637179795,0.0010715996583577244,1435.0
0.12618325681422746,0.18921266372650886,-0.05307677844881664,-0.005961192024871493,-0.0043332091637179795,0.0010715996583577244,1435.0
0.12490676731238513,0.18828429469556252,-0.0528470058577337,-0.005974711449054384,-0.004347578613691411,0.0010769081282749383,1435.213890597267
0.11198463337998993,0.17883057663966184,-0.0504863201334973,-0.0061074526511006744,-0.004492607467616804,0.0011306813375394165,1437.3527965699368
0.0956071603470052,0.16669615463609266,-0.047403093336656946,-0.00626446303226002,-0.004675871996518463,0.00119910383401366,1440.0
0.0956071603470052,0.16669615463609266,-0.047403093336656946,-0.00626446303226002,-0.004675871996518463,0.00119910383401366,1440.0
0.09433566849526114,0.1657465392002229,-0.04715939716931174,-0.006276116415999165,-0.004690089431953871,0.0012044479703410256,1440.2027802344148
0.08149330537944902,0.15609064553872304,-0.04466228413556069,-0.006389022042033982,-0.004833935821455898,0.0012586687170083309,1442.2305825785631
0.06359986712725657,0.1424254590355528,-0.04107124429109045,-0.006530330444981572,-0.00503580785854876,0.00133518143827818,1445.0
0.06359986712725657,0.1424254590355528,-0.04107124429109045,-0.006530330444981572,-0.00503580785854876,0.00133518143827818,1445.0
0.06237232943103257,0.1414781952870519,-0.04081993723327713,-0.006539277603604675,-0.005049737605577923,0.0013404932925965788,1445.1878459156144
0.05000808291582914,0.1318604399866802,-0.03825145592092702,-0.006623203997820922,-0.005190871325023478,0.0013944226474279407,1447.0663050717583
0.03041366765494676,0.11630079336930627,-0.03403360814355095,-0.006729063529585345,-0.005417997357171813,0.0014816234858167346,1450.0
0.03041366765494676,0.11630079336930627,-0.03403360814355095,-0.006729063529585345,-0.005417997357171813,0.0014816234858167346,1450.0
0.029310562914427945,0.1154118739355787,-0.033790401994640965,-0.00673385532888522,-0.005430903854588485,0.0014866096478605944,1450.1638727657923
0.018240906728388226,0.10640575007762218,-0.03131310340185141,-0.006773623194379449,-0.005560973868111766,0.0015369738283548392,1451.8026004237158
-0.0034768057762611833,0.08821711335581076,-0.026239797353621024,-0.006797409670037538,-0.005815353145222055,0.0016363571818006387,1455.0
-0.0034768057762611833,0.08821711335581076,-0.026239797353621024,-0.006797409670037538,-0.005815353145222055,0.0016363571818006387,1455.0
-0.004236086032645755,0.08756700836767393,-0.02605681163289191,-0.0067966608404334645,-0.005824068486085439,0.0016398028727559813,1455.1117074009455
-0.011821646984787444,0.08101301033223962,-0.024205950238752716,-0.006782363065078634,-0.005909607686293874,0.0016738074089388815,1456.2287814104009
-0.03717161099961935,0.05823687526639758,-0.01769394129395344,-0.006636364368902632,-0.006154280923949497,0.0017749540481365453,1460.0
-0.03717161099961935,0.05823687526639758,-0.01769394129395344,-0.006636364368902632,-0.006154280923949497,0.0017749540481365453,1460.0
-0.038258158052585096,0.05722784877470957,-0.017402826676219185,-0.006626744010636287,-0.006162557440158148,0.0017785801940851016,1460.1638445094306
-0.049029845672695506,0.047070960923995105,-0.014461604286851303,-0.0065185222694097876,-0.0062313134612216325,0.001810258539910884,1461.802289603737
-0.06947978913559293,0.027024423983366786,-0.008605164690494903,-0.006265528579876542,-0.0062908534338835375,0.0018473226572227244,1465.0
-0.06947978913559293,0.027024423983366786,-0.008605164690494903,-0.006265528579876542,-0.0062908534338835375,0.0018473226572227244,1465.0
-0.07044152411435055,0.026057760084695937,-0.0083212370954728,-0.006252619229059811,-0.006291424808814449,0.0018483306706568257,1465.1536544380874
-0.07994887919990634,0.016391709032076075,-0.00547527506380353,-0.006121995311726942,-0.006287221646638955,0.0018550524152763383,1466.6901988189616
-0.0997423457667444,-0.004336258688622627,0.0006658052635414328,-0.005838959093444829,-0.006228101451405116,0.0018523783885308893,1470.0
-0.0997423457667444,-0.004336258688622627,0.0006658052635414328,-0.005838959093444829,-0.006228101451405116,0.0018523783885308893,1470.0
-0.10038645802337594,-0.005023689199781197,0.0008702875946321601,-0.005829592960381868,-0.006225181522431041,0.001851961146518632,1470.1104014147672
-0.10677088141626613,-0.011879192890700142,0.0029122020121154476,-0.005736385511727907,-0.0061932444221697676,0.0018468287098894736,1471.2144155624396
-0.12789146573878885,-0.03507200288207166,0.009854269735656838,-0.0054239655626122105,-0.006053017108392583,0.001818301503057923,1475.0
-0.12789146573878885,-0.03507200288207166,0.009854269735656838,-0.0054239655626122105,-0.006053017108392583,0.001818301503057923,1475.0
-0.12876607240560614,-0.036048668780382584,0.010147698969606203,-0.005410901525098206,-0.006046173900318257,0.0018167754613148807,1475.1614430412505
-0.1373967780186013,-0.04575279958912952,0.013067791287630191,-0.005281387304494137,-0.005974667976169653,0.0018003815847985418,1476.775873453756
-0.15401497077673076,-0.064767603203639,0.018812900743086995,-0.0050284723705058855,-0.005817899250222713,0.0017623924633762293,1480.0
-0.15401497077673076,-0.064767603203639,0.018812900743086995,-0.0050284723705058855,-0.005817899250222713,0.0017623924633762293,1480.0
-0.15493163377613592,-0.06582881133982268,0.0191344142516299,-0.005014368064648642,-0.005808547361555043,0.0017600635342712482,1480.182550610151
-0.16395738398639292,-0.0763455095975131,0.0223255831490149,-0.004874459572025357,-0.005712736091572528,0.0017358736348845251,1482.0080567116622
-0.17820334919558622,-0.09319338989477721,0.02745614641067891,-0.004649211128467237,-0.0055479932679681175,0.0016931237777529497,1485.0
-0.17820334919558622,-0.09319338989477721,0.02745614641067891,-0.004649211128467237,-0.0055479932679681175,0.0016931237777529497,1485.0
-0.1791176849479558,-0.09428511085431752,0.027789361560915344,-0.004634548236258958,-0.005536847659908606,0.0016901915534846008,1485.1969753893636
-0.18810287391495242,-0.10508040035894706,0.03108924955067528,-0.004488901236324571,-0.005423715702588871,0.0016601570747802516,1487.1667292829998
-0.2005276421795226,-0.12021131854328768,0.0357293665159614,-0.004282236446962572,-0.005256337928793885,0.0016149202477546845,1490.0
-0.2005276421795226,-0.12021131854328768,0.0357293665159614,-0.004282236446962572,-0.005256337928793885,0.0016149202477546845,1490.0
-0.2014174418859151,-0.12130414896120134,0.03606516513345658,-0.00426717940582177,-0.005243840162640772,0.0016115132086863089,1490.2081545658148
-0.21014365282921563,-0.1320884603607957,0.03938372085719617,-0.004117415895100923,-0.005117628249686485,0.0015768655659466006,1492.2897002239624
-0.22104104836423585,-0.14573274877724937,0.04359476424690404,-0.003924401569890817,-0.004950333826597902,0.001530317919643332,1495.0
-0.22104104836423585,-0.14573274877724937,0.04359476424690404,-0.003924401569890817,-0.004950333826597902,0.001530317919643332,1495.0
-0.22189186045664036,-0.14680661891413233,0.043926777315384684,-0.003909027349375522,-0.004936785515375454,0.001526524868455615,1495.2172260254372
-0.23021679511099558,-0.1573827484527093,0.04720122275773831,-0.0037559301532544666,-0.004800388979168815,0.001488114777634401,1497.389486279809
-0.23978307386637085,-0.1696981645484093,0.0510245654493662,-0.00357334569728054,-0.004634530325440257,0.0014408895856325187,1500.0
-0.23978307386637085,-0.1696981645484093,0.0510245654493662,-0.00357334569728054,-0.004634530325440257,0.0014408895856325187,1500.0
-0.24058395021648069,-0.1707375433171233,0.0513477515502875,-0.0035577078540197198,-0.004620159568993634,0.001436777927396882,1500.2246166080113
-0.24839992583260087,-0.1809532590509353,0.054528495269095575,-0.0034018327722998487,-0.00447577880282449,0.0013952548750810947,1502.470782688124
-0.25678298114841813,-0.19206650666289868,0.057997401887351405,-0.003227300116513979,-0.004311906067994822,0.0013476734146306015,1505.0
-0.25678298114841813,-0.19206650666289868,0.057997401887351405,-0.003227300116513979,-0.004311906067994822,0.0013476734146306015,1505.0
-0.2575248657111888,-0.19305842942790688,0.05830746079712373,-0.0032114523722759605,-0.0042969033305343615,0.0013432996680444503,1505.2304436160973
-0.2647431626237086,-0.20278710667936645,0.06135233123336036,-0.0030533564577754,-0.0041463877614258005,0.0012992126480310883,1507.5348797770705
-0.272062314576169,-0.21280909477393026,0.0644962360989506,-0.0028849225452595344,-0.0039845100475038525,0.0012513891625181592,1510.0
-0.272062314576169,-0.21280909477393026,0.0644962360989506,-0.0028849225452595344,-0.0039845100475038525,0.0012513891625181592,1510.0
-0.2727374605421476,-0.21374235048190776,0.06478936963119654,-0.002868928255257032,-0.003969047835608744,0.0012468049973986873,1510.2346762522097
-0.2792827103530974,-0.22287504755527254,0.06766128528572382,-0.0027092630199134814,-0.0038140829117540046,0.0012006598632616692,1512.5814387743071
-0.2856367181737279,-0.23190592786646608,0.07050709101160983,-0.002545178666894123,-0.0036538076157725113,0.001152555666041905,1515.0
-0.2856367181737279,-0.23190592786646608,0.07050709101160983,-0.002545178666894123,-0.0036538076157725113,0.001152555666041905,1515.0
-0.2862386211575807,-0.2327708745312369,0.07077995632212045,-0.0025291129846877008,-0.003638049670200868,0.0011478109055845385,1515.2372362877375
-0.29204818670910243,-0.24121453905817172,0.07344647853603029,-0.002368646232694678,-0.003480242742944032,0.001100098428155053,1517.609599165112
-0.2975172588583095,-0.2493433056128841,0.0760182299736657,-0.0022072606528253384,-0.003320878908117712,0.0010515588619710967,1520.0
-0.2975172588583095,-0.2493433056128841,0.0760182299736657,-0.0022072606528253384,-0.003320878908117712,0.0010515588619710967,1520.0
-0.29804083973939494,-0.250132028930111,0.07626800097291232,-0.0021912077586458325,-0.0033049819219087067,0.0010467022032972755,1520.2380742015002
-0.30306655082414413,-0.257810989368908,0.07870192340548168,-0.002030796308789731,-0.0031458758352340584,0.0009979039822504913,1522.6188162165026
-0.3077114096403764,-0.2651122262851611,0.08101960391310474,-0.001870530948754242,-0.0029865388355684265,0.000948693220515585,1525.0
-0.3077114096403764,-0.2651122262851611,0.08101960391310474,-0.001870530948754242,-0.0029865388355684265,0.000948693220515585,1525.0
-0.30815322949662316,-0.2658187838700576,0.08124406142084145,-0.0018545787207588477,-0.0029706498441295,0.0009437715434437306,1525.2372117439243
-0.3123633556671251,-0.27267700551942153,0.08342425614622337,-0.001695115359703982,-0.0028116948359450072,0.0008943522572989551,1527.609329183167
-0.31622379763228614,-0.27920726314094513,0.08550246478185805,-0.0015344832752526361,-0.002651412501998301,0.0008441881745893978,1530.0
-0.31622379763228614,-0.27920726314094513,0.08550246478185805,-0.0015344832752526361,-0.002651412501998301,0.0008441881745893978,1530.0
-0.3165821467120749,-0.2798277985124288,0.08570004659540358,-0.0015187185089893952,-0.002635665803912347,0.0008392455842378759,1530.234736589435
-0.31996211857276563,-0.2858298435942646,0.0876119074855044,-0.0013610841770660639,-0.0024781877004264076,0.0007896429230031172,1532.5821024837849
-0.3230567876732193,-0.29162574681319176,0.08945908687064003,-0.0011987151312190213,-0.002315984374987746,0.0007382255754971199,1535.0
-0.3230567876732193,-0.29162574681319176,0.08945908687064003,-0.0011987151312190213,-0.002315984374987746,0.0007382255754971199,1535.0
-0.3233316081191234,-0.29215838243312736,0.08962886730319447,-0.0011832220845747136,-0.0023005012925395316,0.000733303252517891,1535.2307537231536
-0.32588316773689113,-0.297288257412721,0.09126407544272692,-0.0010282712007318039,-0.0021456986074057044,0.0006839261835829188,1537.5382909546897
-0.32821094982517396,-0.3023671493983787,0.09288256052041569,-0.0008629083570298247,-0.0019806310382099977,0.0006309516179890868,1540.0
-0.32821094982517396,-0.3023671493983787,0.09288256052041569,-0.0008629083570298247,-0.0019806310382099977,0.0006309516179890868,1540.0
-0.32840366913088315,-0.3028117094653862,0.09302417438878109,-0.0008477721473453018,-0.0019655243343882746,0.0006260891396154384,1540.2253130160502
-0.3301432573037086,-0.3070701470739251,0.09437995068682638,-0.000696366494046872,-0.001814512105854366,0.0005773310493139229,1542.4784431765524
-0.33168544446418763,-0.3114326043178655,0.09576663590740767,-0.000526815296193892,-0.001645643482621908,0.0005224851961421122,1545.0
-0.33168544446418763,-0.3114326043178655,0.09576663590740767,-0.000526815296193892,-0.001645643482621908,0.0005224851961421122,1545.0
-0.33179885670188675,-0.31179028828539,0.09588018597969059,-0.0005121311998963632,-0.0016310274969692019,0.0005177237900098364,1545.2183215783953
-0.3327566136707359,-0.3151916773152855,0.09695842531882107,-0.0003652329518280485,-0.0014849383129286972,0.0004699950504414115,1547.4015373623479
-0.3334783491276588,-0.3188245187497185,0.09810560234240331,-0.00019024913288819288,-0.0013112422895247258,0.00041292390870947663,1550.0
-0.3334783491276588,-0.3188245187497185,0.09810560234240331,-0.00019024913288819288,-0.0013112422895247258,0.00041292390870947663,1550.0
-0.33351671195955696,-0.31909764062666807,0.09819158981018862,-0.00017614100488569945,-0.0012972518407977243,0.0004083127724382625,1550.209409634307
-0.33373780378114704,-0.32166778024776377,0.09899828402123266,-3.499708338321246e-05,-0.0011574244665732698,0.0003621040419016389,1552.3035059773758
-0.3335869453726106,-0.32454624884654626,0.09989419332477519,0.0001469225705586198,-0.0009775878377494512,0.00030234845491082724,1555.0
-0.3335869453726106,-0.32454624884654626,0.09989419332477519,0.0001469225705586198,-0.0009775878377494512,0.00030234845491082724,1555.0
-0.3335551288976987,-0.3247469256694875,0.09995622443141829,0.00016087818106228684,-0.00096381029081309,0.00029775574819544134,1555.206734358594
-0.3330782356687095,-0.3265970971106772,0.10052425071901669,0.00030050037313170185,-0.0008261169257540594,0.0002517405786058638,1557.2740779445348
-0.3320079685565698,-0.3286018272375547,0.10112751458126744,0.0004847863139726189,-0.0006447911795621335,0.00019082749433618206,1560.0
-0.3320079685565698,-0.3286018272375547,0.10112751458126744,0.0004847863139726189,-0.0006447911795621335,0.00019082749433618206,1560.0
-0.33190435486731235,-0.3287361684430679,0.10116721266777853,0.000499036133022585,-0.0006307921317150802,0.00018610950582748513,1560.2106349813346
-0.33070308393702164,-0.3299174672250622,0.10150947290034266,0.0006416033805965237,-0.000490889319671402,0.00013884424569369851,1562.3169847946804
-0.3287378403297776,-0.3309957190367792,0.10180098746007075,0.000823381175544637,-0.0003129146667955554,7.841897760666572e-05,1565.0
-0.3287378403297776,-0.3309957190367792,0.10180098746007075,0.000823381175544637,-0.0003129146667955554,7.841897760666572e-05,1565.0
-0.328564171438528,-0.3310597069803901,0.1018168929951295,0.0008375595743199643,-0.00029905570031885987,7.369868764553551e-05,1565.2091211402465
-0.3266643605390448,-0.3315402469875939,0.10192159921813934,0.0009794072832930798,-0.0001605501987221947,2.6416798950336444e-05,1567.300332542711
-0.3237729241796793,-0.33173256587062444,0.10191029443804205,0.001162691085844388,1.8033410425033865e-05,-3.4830302622216054e-05,1570.0
-0.3237729241796793,-0.33173256587062444,0.10191029443804205,0.001162691085844388,1.8033410425033865e-05,-3.4830302622216054e-05,1570.0
-0.3235346993560023,-0.33172752201268263,0.10190272864153153,0.001176528989298901,3.149391834497095e-05,-3.9461339319480236e-05,1570.2036788608405
-0.3209973972144846,-0.33152634672553716,0.10177514175581444,0.0013149595685305433,0.0001660257598058721,-8.58423801194139e-05,1572.240467469245
-0.31710979012949086,-0.33081693156372366,0.10145132863275687,0.001502648848287169,0.0003480927812176926,-0.00014888264669033543,1575.0
-0.31710979012949086,-0.33081693156372366,0.10145132863275687,0.001502648848287169,0.0003480927812176926,-0.00014888264669033543,1575.0
-0.3167873849087287,-0.3307411022629865,0.10141901645873733,0.0015171813856049293,0.00036216723244181345,-0.00015377172076853302,1575.2135254036784
-0.3133926330436074,-0.32981757145155105,0.1010384228911305,0.0016625475650580042,0.0005028439515710617,-0.00020273596537627916,1577.3487794404627
-0.30874549359464953,-0.3282530494941097,0.10042013524713658,0.001843126387766176,0.0006773565899609207,-0.00026371471179713465,1580.0
-0.30874549359464953,-0.3282530494941097,0.10042013524713658,0.001843126387766176,0.0006773565899609207,-0.00026371471179713465,1580.0
-0.3083360439417608,-0.3281015783708017,0.10036122565679853,0.0018582038940706575,0.0006919071784577027,-0.00026881459562415913,1580.2212445956905
-0.30405806156093973,-0.32640985056343036,0.09971001392302459,0.0020089984162037647,0.0008373602946578108,-0.0003198883576494516,1582.433690552595
-0.298677883075269,-0.32404454455129955,0.09881288680106544,0.0021839328372599714,0.0010059762214121902,-0.00037929871267071647,1585.0
-0.298677883075269,-0.32404454455129955,0.09881288680106544,0.0021839328372599714,0.0010059762214121902,-0.00037929871267071647,1585.0
-0.2981794090709653,-0.3238140487283885,0.09872601967574555,0.0021994421649901104,0.001020908985807505,-0.0003845752290454968,1585.22743844697
-0.2930006712815655,-0.32132231728666005,0.09779128378288947,0.002354520994421523,0.0011702097667445233,-0.0004374157274966078,1587.5018229166692
-0.2869059504959087,-0.31819412292065635,0.0966258845042153,0.002524799177989319,0.0013341694383092466,-0.0004956107604683953,1590.0
-0.2869059504959087,-0.31819412292065635,0.0966258845042153,0.002524799177989319,0.0013341694383092466,-0.0004956107604683953,1590.0
-0.28631751744481443,-0.31788238145789044,0.09651010795319015,0.002540637490642672,0.0013494097613153747,-0.0005010343797270716,1590.232332598482
-0.28023085019955785,-0.31457021349874764,0.09528297686421815,0.002698957013689348,0.0015018247121776607,-0.0005553454066086154,1592.5556585833008
-0.27343026507518414,-0.310703211490393,0.09385554172311746,0.0028653598546579872,0.0016622325599738037,-0.0006126296489259717,1595.0
-0.27343026507518414,-0.310703211490393,0.09385554172311746,0.0028653598546579872,0.0016622325599738037,-0.0006126296489259717,1595.0
-0.272752273099425,-0.31030917242446365,0.09371033471612882,0.002881420262827495,0.0016777127590069634,-0.0006181709726843597,1595.2359554112993
-0.26576403461948545,-0.3061678350001613,0.0921862911548225,0.0030418928546149995,0.001832579913712388,-0.0006736575340809847,1597.5955095242923
-0.2582535185748929,-0.3015715247038507,0.09049837427454362,0.003205126066454793,0.0019905575562170212,-0.0007303352953293764,1600.0
-0.2582535185748929,-0.3015715247038507,0.09049837427454362,0.003205126066454793,0.0019905575562170212,-0.0007303352953293764,1600.0
-0.2574880564364675,-0.30109546239600865,0.09032372089282563,0.0032212887786290667,0.0020062102928981172,-0.0007359623869218576,1600.2382236698322
-0.24962184828075965,-0.2961296418604375,0.08850340024036885,0.0033826933730771026,0.002162873592909152,-0.0007923038409423487,1602.6204603681545
-0.24138123365902858,-0.29079652951547247,0.08655099997260633,0.0035434463374285985,0.0023196560962180503,-0.0008487065256636612,1605.0
-0.24138123365902858,-0.29079652951547247,0.08655099997260633,0.0035434463374285985,0.0023196560962180503,-0.0008487065256636612,1605.0
-0.2405324024808344,-0.29024023573482766,0.08634747589044373,0.0035595737363513444,0.0023354120391421707,-0.0008543836151058341,1605.2390056774598
-0.23183237257012648,-0.28446999510677545,0.08423755250427477,0.0037205053261758795,0.002493198163155343,-0.0009112205424693804,1607.6290624520575
-0.2228227147404774,-0.2783727673216797,0.08201015200877874,0.003879447426963584,0.002650193300866065,-0.0009677176239870947,1610.0
-0.2228227147404774,-0.2783727673216797,0.08201015200877874,0.003879447426963584,0.002650193300866065,-0.0009677176239870947,1610.0
-0.2218968099889331,-0.27773966397533856,0.08177898370408665,0.0038953825549700094,0.0026659827567727967,-0.000973405111280511,1610.2381800205735
-0.21242942314415264,-0.27120151109023366,0.0793927455643578,0.004054235033809715,0.002824217656433405,-0.0010303391018229116,1612.6199802263086
-0.20259236807518952,-0.2642909735499678,0.07687271477104853,0.004211943021736877,0.0029830358397349367,-0.0010873325496128649,1615.0
-0.20259236807518952,-0.2642909735499678,0.07687271477104853,0.004211943021736877,0.0029830358397349367,-0.0010873325496128649,1615.0
-0.20159785912645065,-0.26358607240956206,0.07661578489884434,0.00422751005307595,0.0029987935673499435,-0.0010929879699234132,1615.235680844153
-0.191451553949165,-0.2563324119859682,0.07397313752290198,0.0043824773429880365,0.0031568510460945887,-0.0011495908479357468,1617.5924892856826
-0.18071160276223674,-0.2485369070047977,0.07113579896347548,0.004539287677646669,0.0033193213297602274,-0.0012074944675374458,1620.0
-0.18071160276223674,-0.2485369070047977,0.07113579896347548,0.004539287677646669,0.0033193213297602274,-0.0012074944675374458,1620.0
-0.17965898135148572,-0.24776664160433973,0.07085560775839596,0.004554291066313105,0.003334992467429531,-0.0012130735096956785,1620.231508654388
-0.16894250599347901,-0.23986392753840743,0.06798263072127883,0.004703351951484339,0.0034923542429861555,-0.0012688966746164483,1622.5465951982692
-0.15721168183791487,-0.2310897583143754,0.06479688986449793,0.004859133046286022,0.0036605593472089637,-0.0013281057905543746,1625.0
-0.15721168183791487,-0.2310897583143754,0.06479688986449793,0.004859133046286022,0.0036605593472089637,-0.0013281057905543746,1625.0
-0.15611339951229408,-0.23026183794766258,0.06449652855444829,0.004873350437779499,0.003676103524705807,-0.0013335619880287901,1625.2256940680406
-0.14495513471121102,-0.2217890143842722,0.06142517968784436,0.0050141854580940315,0.003832401107141689,-0.0013881315548947186,1627.482634748447
-0.132138204401509,-0.21191994481226262,0.05785414029551162,0.005167998825002719,0.004008778356366789,-0.0014489874693508448,1630.0
-0.132138204401509,-0.21191994481226262,0.05785414029551162,0.005167998825002719,0.004008778356366789,-0.0014489874693508448,1630.0
-0.13100902044497745,-0.21104348079981675,0.057537369778727525,0.005181161728247394,0.004024168742823459,-0.0014542689041802408,1630.218217385971
-0.11956059310947355,-0.20209329605688486,0.05430630153775894,0.005310937430170151,0.0041791726354285744,-0.0015070488928207474,1632.400391245681
-0.10555855677217489,-0.1909860284226248,0.050306971455554614,0.005460468520193266,0.0043667301258686455,-0.0015697893299536057,1635.0
-0.10555855677217489,-0.1909860284226248,0.050306971455554614,0.005460468520193266,0.0043667301258686455,-0.0015697893299536057,1635.0
-0.10441675569349612,-0.19007232544946895,0.04997855025345208,0.005472221918699493,0.004381941818522158,-0.0015748297358017128,1635.2088781920695
-0.09286559392374924,-0.18075954475044465,0.04663650941941949,0.005587145720713756,0.004535434522031893,-0.0016251243110339344,1637.2976601127646
-0.07757515883468348,-0.16823051290870206,0.04215738756834982,0.005727565443502267,0.004738117741569554,-0.0016897733838047281,1640.0
-0.07757515883468348,-0.16823051290870206,0.04215738756834982,0.005727565443502267,0.004738117741569554,-0.0016897733838047281,1640.0
-0.0764456875464616,-0.16729548716339285,0.04182398859731726,0.005737388767699541,0.004753086485548921,-0.0016944708702994766,1640.197030048373
-0.06504707623684487,-0.15778190654702606,0.038439263789528576,0.005831849327351582,0.004904400731048075,-0.0017411906978186907,1642.1673305321042
-0.048350959015795475,-0.14357495976265855,0.03341312846302152,0.005953196491298372,0.0051275285424942155,-0.0018072280039970736,1645.0
-0.048350959015795475,-0.14357495976265855,0.03341312846302152,0.005953196491298372,0.0051275285424942155,-0.0018072280039970736,1645.0
-0.04727445225598475,-0.1426470007117588,0.03308614827280095,0.0059602521922863605,0.005141995619901658,-0.0018113885789330926,1645.1807210294614
-0.03644269089534047,-0.13322259783663012,0.029775330373062042,0.006025266163092117,0.005288269122280766,-0.0018524409653897752,1646.9879313240758
-0.018162754681950215,-0.11691940441554849,0.02409615840602756,0.006105925443561696,0.0055381263836808605,-0.0019176829958504164,1650.0
-0.018162754681950215,-0.11691940441554849,0.02409615840602756,0.006105925443561696,0.0055381263836808605,-0.0019176829958504164,1650.0
-0.017237401553871986,-0.11607934001238393,0.02380536547931446,0.006108860899895301,0.005550857801101446,-0.0019208264934503776,1650.1515133469989
-0.007963170586896951,-0.10757232313441939,0.020871785682402704,0.0061309975971888106,0.005678647108167459,-0.0019512035562866856,1651.6666468169874
0.012484491671169712,-0.08817684424025496,0.014268016087865487,0.006122904975996287,0.005956633954968345,-0.002008298378658939,1655.0
0.012484491671169712,-0.08817684424025496,0.014268016087865487,0.006122904975996287,0.005956633954968345,-0.002008298378658939,1655.0
0.013346615794502597,-0.08733716916900966,0.013985045099516548,0.006120512371628091,0.00596799503547827,-0.0020103048347885075,1655.1408302843706
0.02194424589829549,-0.07885411528268951,0.011140952703852989,0.006086217077687404,0.006077984948918152,-0.002027971179349322,1656.5491331280768
0.042694455212461804,-0.057472640547668624,0.004097019394949384,0.0059213672718378095,0.006299614785216568,-0.002048552120276239,1660.0
0.042694455212461804,-0.057472640547668624,0.004097019394949384,0.0059213672718378095,0.006299614785216568,-0.002048552120276239,1660.0
0.04354236809792841,-0.056569357846236484,0.003803445374604087,0.005912267915622607,0.006306767895046938,-0.0020486216482010454,1660.143305250998
0.05194580026027047,-0.04748555846218436,0.0008688969384980537,0.005813557082921679,0.006367453090560115,-0.0020458684345087547,1661.576357760979
0.0713930616177539,-0.025543394770748105,-0.006094086627505853,0.005541266347681782,0.006432458952550585,-0.0020170856765797406,1665.0
0.0713930616177539,-0.025543394770748105,-0.006094086627505853,0.005541266347681782,0.006432458952550585,-0.0020170856765797406,1665.0
0.07220836129936627,-0.02459588380513913,-0.006391062074484367,0.00552896652699217,0.006432929299833118,-0.0020152759170952166,1665.1472958001245
0.08026124858395212,-0.015121702194647873,-0.009345106740287604,0.005405169277482227,0.006428571244849976,-0.001995187344145907,1666.62025380137
0.09804968446588727,0.006519139063609394,-0.015996228889336835,0.005122304444815818,0.00636719524313366,-0.001938683974643849,1670.0
0.09804968446588727,0.006519139063609394,-0.015996228889336835,0.005122304444815818,0.00636719524313366,-0.001938683974643849,1670.0
0.0986909333690148,0.0073168270910173435,-0.016239029365945134,0.005111958096990939,0.006363804495778569,-0.001936382297253303,1670.1253141666705
0.10503244178789824,0.01526875045378772,-0.0186508939652937,0.005009252524968665,0.006326328088814652,-0.0019127466126436581,1671.3784558333753
0.12264743834522882,0.03794139354463073,-0.025447303889782127,0.004720713343332224,0.00618813317504506,-0.0018395482871966804,1675.0
0.12264743834522882,0.03794139354463073,-0.025447303889782127,0.004720713343332224,0.00618813317504506,-0.0018395482871966804,1675.0
0.1234558395003118,0.03900194753915828,-0.02576245580789423,0.004707358874663392,0.006180683190401712,-0.0018359440354417163,1675.171488194359
0.13141476950328448,0.049535016730641986,-0.02887966081360123,0.004575264784292861,0.006102571213387217,-0.0017993802349995905,1676.8863701379487
0.14529483436617924,0.06829760651058353,-0.034376445897286965,0.004341691695953495,0.005946635728147434,-0.0017310486303146553,1680.0
0.14529483436617924,0.06829760651058353,-0.034376445897286965,0.004341691695953495,0.005946635728147434,-0.0017310486303146553,1680.0
0.146121840112581,0.06943120141572837,-0.03470630587053911,0.004327625664800173,0.0059365730031234985,-0.0017267972865271073,1680.190789223836
0.1542452377712269,0.08065975103516816,-0.037960068292257884,0.004188360953220665,0.00583328108738276,-0.0016839516562062494,1682.0986814621956
0.16609499560924412,0.09734660368909431,-0.042750087076096434,0.0039810037865687506,0.0056682119154754795,-0.0016178395820562678,1685.0
0.16609499560924412,0.09734660368909431,-0.042750087076096434,0.0039810037865687506,0.0056682119154754795,-0.0016178395820562678,1685.0
0.166905602504575,0.09850163200897473,-0.04307962863298731,0.003966612978250635,0.005656282202114241,-0.0016131571127784333,1685.2039875102869
0.17485107358636176,0.10991665756914447,-0.046322354835254376,0.0038238927586952604,0.00553503244418591,-0.0015661189650362215,1687.2438626131557
0.1851280279993123,0.12494058670245549,-0.05055061698460019,0.003634168197334698,0.0053662665923369535,-0.00150204501517365,1690.0
0.1851280279993123,0.12494058670245549,-0.05055061698460019,0.003634168197334698,0.0053662665923369535,-0.00150204501517365,1690.0
0.18590485513795404,0.12608854302206984,-0.05087180010163878,0.003619566777753701,0.005352931215399831,-0.0014970467434054203,1690.2141868900815
0.19350185352489577,0.13740990719673513,-0.05402464399245744,0.0034745232764532507,0.005218124057492907,-0.0014469248976120984,1692.356055790896
0.20245402537404383,0.15098279891866315,-0.05776811349207112,0.0032976868612236867,0.005048482919912038,-0.0013847577048890403,1695.0
0.20245402537404383,0.15098279891866315,-0.05776811349207112,0.0032976868612236867,0.005048482919912038,-0.0013847577048890403,1695.0
0.20318553916652846,0.15210359526592337,-0.05807539618120919,0.0032829253409421967,0.005034062172371046,-0.0013795199644347938,1695.2223240160065
0.21032078706170268,0.16313436059164993,-0.06108410553606513,0.003136086651409569,0.004888759057085702,-0.0013270525786515715,1697.4455641760715
0.21811791890666923,0.17540680358657676,-0.06439679718913438,0.0029689538629435507,0.004719609321150145,-0.0012665982633286482,1700.0
0.21811791890666923,0.17540680358657676,-0.06439679718913438,0.0029689538629435507,0.004719609321150145,-0.0012665982633286482,1700.0
0.21879520555188162,0.17648441593150999,-0.0646858439543169,0.002954073073883688,0.004704351877027653,-0.0012611809330452092,1700.2286961967156
0.22538139100302249,0.18706795344994143,-0.06750812539041061,0.0028058749042219316,0.00455094690571083,-0.0012069520793355777,1702.515658163872
0.23215335281192898,0.19816545521786005,-0.07043333177690947,0.0026460237051720184,0.004382762732967827,-0.0011479483316696108,1705.0
0.23215335281192898,0.19816545521786005,-0.07043333177690947,0.0026460237051720184,0.004382762732967827,-0.0011479483316696108,1705.0
0.2327690519838223,0.19918631057077565,-0.07070055622301477,0.0026310719806591407,0.0043668813612757745,-0.0011424047729288404,1705.2333478043824
0.23873453857122787,0.20919052092352006,-0.07330162851632364,0.002482022958217348,0.004207439473648922,-0.0010869389770887502,1707.566825848207
0.24458549245287828,0.21922456755683942,-0.07587593117314703,0.0023274238229476123,0.004040088568673243,-0.0010290585476833407,1710.0
0.24458549245287828,0.21922456755683942,-0.07587593117314703,0.0023274238229476123,0.004040088568673243,-0.0010290585476833407,1710.0
0.24513355063513795,0.22017706307334461,-0.07611837010965337,0.002312461073056668,0.004023777309339,-0.0010234397140096443,1710.236237892267
0.25042001280392595,0.22948969062670396,-0.07846974394755703,0.0021631827379132154,0.00386019420444402,-0.0009672405243064443,1712.598616814936
0.25543303851093585,0.238559038742507,-0.08072385544212368,0.002012022694002694,0.0036931194783482732,-0.0009101031559006097,1715.0
0.25543303851093585,0.238559038742507,-0.08072385544212368,0.002012022694002694,0.0036931194783482732,-0.0009101031559006097,1715.0
0.2559088087934453,0.2394336090394185,-0.08093919201138862,0.001997117938188122,0.0036765591510107914,-0.0009044583058235052,1715.2373428231035
0.26047215805605545,0.24796284424774637,-0.08301887374925089,0.0018483205990399993,0.003510609367294669,-0.0008480140846073984,1717.6107710541387
0.2647096923294289,0.2561503497864398,-0.08497711000222016,0.001698939660106392,0.003342982279285081,-0.0007912096681056555,1720.0
0.2647096923294289,0.2561503497864398,-0.08497711000222016,0.001698939660106392,0.003342982279285081,-0.0007912096681056555,1720.0
0.2651100995008536,0.25693969708251335,-0.08516373147889393,0.0016841656209343823,0.003326339460486288,-0.0007855853130311688,1720.2367098882153
0.2689219702317453,0.26461628722667074,-0.08695673561235719,0.0015365947874825935,0.0031596621524320086,-0.0007293580069768776,1722.603808770368
0.27242524589599515,0.27198487394182025,-0.08863625870110853,0.001387483060301422,0.0029905233824966825,-0.0006724760991687473,1725.0
0.27242524589599515,0.27198487394182025,-0.08863625870110853,0.001387483060301422,0.0029905233824966825,-0.0006724760991687473,1725.0
0.272748839334111,0.272684072666894,-0.08879327181990855,0.0013729112885004298,0.002973947955404811,-0.0006669147663398951,1725.2344545292287
0.2757969591308966,0.27946217538753143,-0.09029171043253809,0.0012272990964745981,0.0028080202286080054,-0.0006113271621897157,1727.5789998215162
0.27858641331157774,0.2860526869671697,-0.09170230469049667,0.0010771074250503683,0.0026363878770046135,-0.0005539815114323162,1730.0
0.27858641331157774,0.2860526869671697,-0.09170230469049667,0.0010771074250503683,0.0026363878770046135,-0.0005539815114323162,1730.0
0.27883326403556097,0.2866590415097386,-0.09182948441367131,0.0010628066561714283,0.0026200132184277295,-0.0005485215547173262,1730.2307108945813
0.28112035427669496,0.2925147123008745,-0.09303202625785065,0.0009198554000545066,0.0024561508551276643,-0.0004939551768672307,1732.5378198403944
0.28319748237647396,0.29834669824540794,-0.09417661387320174,0.0007673835084622961,0.002281071056889915,-0.00043579284283667524,1735.0
0.28319748237647396,0.29834669824540794,-0.09417661387320174,0.0007673835084622961,0.002281071056889915,-0.00043579284283667524,1735.0
0.2833689990545235,0.29885940685460416,-0.0942743110757203,0.0007534224845954147,0.0022650188900305394,-0.00043046987290304504,1735.2255602455962
0.2849109850907981,0.3037872941042823,-0.09518527786913088,0.0006138327853513587,0.0021044242075305914,-0.0003772791364295286,1737.4811627015579
0.28626084005349745,0.3088619932334922,-0.0960608666765547,0.00045797727831095835,0.00192495272136033,-0.00031796959857736647,1740.0
0.28626084005349745,0.3088619932334922,-0.0960608666765547,0.00045797727831095835,0.00192495272136033,-0.00031796959857736647,1740.0
0.286359631241404,0.30928175226952154,-0.09612992223418182,0.00044443259058687815,0.0019093435549373593,-0.00031281975458752987,1740.2189497057655
0.2871844324460851,0.3132913401178538,-0.09675849511542775,0.0003089818653866141,0.001753209312833947,-0.000261364534984514,1742.40844676342
0.2877774095288108,0.31759531781793826,-0.09735702969978546,0.00014863522479693228,0.001568320402480405,-0.00020056721915790796,1745.0
0.2877774095288108,0.31759531781793826,-0.09735702969978546,0.00014863522479693228,0.001568320402480405,-0.00020056721915790796,1745.0
0.28780733679093795,0.3179239864643915,-0.09739874485919453,0.00013560637517819063,0.001553292118720998,-0.00019563306734631813,1745.210576191916
0.28795570014904764,0.3210366031975717,-0.09775878432944461,5.2995998467449525e-06,0.001402986999281351,-0.0001463374920768811,1747.3163381110767
0.2877470264294402,0.32454465855679776,-0.0980673423212999,-0.00016082550229255032,0.0012113849566347062,-8.36397647236715e-05,1750.0
0.2877470264294402,0.32454465855679776,-0.0980673423212999,-0.00016082550229255032,0.0012113849566347062,-8.36397647236715e-05,1750.0
0.2877120318289264,0.32479648400405237,-0.0980843269763498,-0.00017377605961119656,0.001196448418842483,-7.875946425352946e-05,1750.209171818861
0.28721307752363623,0.3271428934229865,-0.09819806581903516,-0.0003033081380194822,0.0010470718519191048,-3.000786386279095e-05,1752.3008900074713
0.28616876165952376,0.32970889829418654,-0.09819431903346286,-0.00047052870758421985,0.0008542954045656524,3.2756440515916885e-05,1755.0
0.28616876165952376,0.32970889829418654,-0.09819431903346286,-0.00047052870758421985,0.0008542954045656524,3.2756440515916885e-05,1755.0
0.286067502353971,0.32988860262950603,-0.09818684392028193,-0.00048368169351581966,0.0008391363902861708,3.768461245542389e-05,1755.2122368715911
0.284901351879662,0.33150868971433783,-0.0980546101479974,-0.0006152414798623754,0.000687540046788566,8.690677602011837e-05,1757.3346055875024
0.28304121931850984,0.33308751540388426,-0.09774075918280649,-0.0007805375824731825,0.0004971417176736424,0.00014856343972163643,1760.0
0.28304121931850984,0.33308751540388426,-0.09774075918280649,-0.0007805375824731825,0.0004971417176736424,0.00014856343972163643,1760.0
0.28287474150635056,0.3331910672431361,-0.09770882012655281,-0.0007936592314740892,0.0004820335955713966,0.00015344872893264323,1760.211508268091
0.28105730020683933,0.3340508288803288,-0.09733264807647113,-0.0009249019859427724,0.0003309459701994799,0.00020223533668295763,1762.3265909490003
0.2783628481756482,0.3346802900661282,-0.09670975611284055,-0.0010908508752256146,0.0001399549478877543,0.00026372121969301185,1765.0
0.2783628481756482,0.3346802900661282,-0.09670975611284055,-0.0010908508752256146,0.0001399549478877543,0.00026372121969301185,1765.0
0.27813714928033445,0.33470756715722527,-0.09665502355134332,-0.0011036239639696482,0.00012526071265241937,0.00026844434026081655,1765.205697414882
0.2757356422437413,0.3348140888934522,-0.09605431389075635,-0.0012313704509826064,-2.169309616581672e-05,0.0003156053778090106,1767.2626715637023
0.2721322681117642,0.3344870088085032,-0.09510472765543992,-0.0014014007010899096,-0.0002172935458714159,0.0003781595784317866,1770.0
0.2721322681117642,0.3344870088085032,-0.09510472765543992,-0.0014014007010899096,-0.0002172935458714159,0.0003781595784317866,1770.0
0.27183821494306004,0.3344400661500055,-0.09502524729162148,-0.001414377908405764,-0.00023221751570163865,0.0003829239956320292,1770.2088610010155
0.26874860917984567,0.33379918617061716,-0.09417577218213455,-0.0015441496283908134,-0.0003814802486907349,0.0004304869971293575,1772.2974710111707
0.2643486194450919,0.3325071654334489,-0.09292945541931594,-0.0017120455025410619,-0.0005746927702555242,0.000491802683128333,1775.0
0.2643486194450919,0.3325071654334489,-0.09292945541931594,-0.0017120455025410619,-0.0005746927702555242,0.000491802683128333,1775.0
0.26397393256357843,0.33238018882552733,-0.09282170877989578,-0.0017255901680352972,-0.0005902782844673465,0.0004967389647581598,1775.2179910322386
0.2600646895756441,0.3309235271281479,-0.09168513446828148,-0.0018610098118841865,-0.0007461775358457822,0.0005460021425546934,1777.3979013546248
0.25501194020201806,0.32873965509486336,-0.09018813753280916,-0.002022565746296994,-0.0009323942038988189,0.0006045591022452906,1780.0
0.25501194020201806,0.32873965509486336,-0.09018813753280916,-0.002022565746296994,-0.0009323942038988189,0.0006045591022452906,1780.0
0.2545552689647459,0.3285280442049045,-0.09005153653077824,-0.0020365349217869506,-0.0009484994698869261,0.0006096121340871833,1780.2250110326427
0.24981573176340327,0.3262125645611475,-0.08862308641568739,-0.002176158589987723,-0.0011096274653844863,0.0006600221737922137,1782.4751213590694
0.24412358818580862,0.32318244460255363,-0.08688548058486142,-0.002332650057576084,-0.00129061928752159,0.0007163160163389441,1785.0
0.24412358818580862,0.32318244460255363,-0.08688548058486142,-0.002332650057576084,-0.00129061928752159,0.0007163160163389441,1785.0
0.2435846898660769,0.322883287822193,-0.08671990893723895,-0.0023469198996257435,-0.001307134904982078,0.000721439323288056,1785.2303195737945
0.23801504239294421,0.31968241311892726,-0.08499940788739392,-0.0024894916253455053,-0.0014724095842643479,0.0007725285471067396,1787.5335153117398
0.23168675807877603,0.31583219201357277,-0.0830268137039463,-0.002641870672592072,-0.001649672360275077,0.0008269360301199914,1790.0
0.23168675807877603,0.31583219201357277,-0.0830268137039463,-0.002641870672592072,-0.001649672360275077,0.0008269360301199914,1790.0
0.23106685476908656,0.315444190309284,-0.08283270343160223,-0.002656316174373307,-0.0016664997458428277,0.0008320844578772944,1790.234005805875
0.2246820697475842,0.31134745778773737,-0.08082547808272592,-0.0028005645409247474,-0.0018349490380587625,0.0008833976260512853,1792.574063864626
0.2177071388401437,0.3066837930071784,-0.07861823168184698,-0.002949651204807396,-0.0020099572286065978,0.0009362485728605318,1795.0
0.2177071388401437,0.3066837930071784,-0.07861823168184698,-0.002949651204807396,-0.0020099572286065978,0.0009362485728605318,1795.0
0.2170092864954432,0.306207414987252,-0.07839666400621914,-0.00296413555408752,-0.0020269983947396905,0.0009413746455025484,1795.2360085908529
0.20984300347288848,0.30122223036289475,-0.07611461492799146,-0.003108666473727926,-0.002197657907596969,0.000992432409226673,1797.5960944993815
0.20219376823693927,0.2957298287524641,-0.07366679020909656,-0.0032552189311435727,-0.0023720003262617294,0.0010440373663341033,1800.0
0.20219376823693927,0.2957298287524641,-0.07366679020909656,-0.0032552189311435727,-0.0023720003262617294,0.0010440373663341033,1800.0
0.2014231125305953,0.2951674811394803,-0.07341956749206337,-0.0032695891417917375,-0.0023891552550651535,0.0010490900041932195,1800.2362232102005
0.1935302204423632,0.2893208480531417,-0.07088189250174569,-0.003412841029015873,-0.0025610418046464007,0.001099375775667424,1802.5984553122053
0.1851601816922523,0.2829598768913211,-0.06818077759091908,-0.0035575329107125847,-0.002736482780457224,0.0011500218731402036,1805.0
0.1851601816922523,0.2829598768913211,-0.06818077759091908,-0.0035575329107125847,-0.002736482780457224,0.0011500218731402036,1805.0
0.18432399008283093,0.2823159289891446,-0.06791042349991532,-0.003571619898892925,-0.0027536527055700877,0.0011549467370140357,1805.2345836654367
0.17578083000131786,0.27565456082879675,-0.06514357429214113,-0.003711862391948367,-0.0029257969362822666,0.0012039094803786142,1807.580420319804
0.16662601061052507,0.2683596329784631,-0.06217010253330095,-0.003855172763294435,-0.003104284817114751,0.0012538285421831068,1810.0
0.16662601061052507,0.2683596329784631,-0.06217010253330095,-0.003855172763294435,-0.003104284817114751,0.0012538285421831068,1810.0
0.16573349085787886,0.2676402454588882,-0.061879789932581086,-0.003868792661733641,-0.003121378597944696,0.001258568862751061,1810.2311039524927
0.15663585711229575,0.2602286384683645,-0.05891668506327002,-0.004004135876268877,-0.0032928886140279117,0.0013056301696074569,1812.54214347742
0.1466192895541292,0.2519097694986928,-0.05564686533450973,-0.004146160211974026,-0.003476547126557637,0.0013549445517284306,1815.0
0.1466192895541292,0.2519097694986928,-0.05564686533450973,-0.004146160211974026,-0.003476547126557637,0.0013549445517284306,1815.0
0.1456813780922671,0.25112264662954653,-0.05534033074159919,-0.004159112133071799,-0.0034934864255602833,0.0013594408297542503,1815.2258592011326
0.13614227084414626,0.24304043082758456,-0.05221945465301481,-0.004287477174073824,-0.0036635992278004352,0.001403989811690809,1817.4844512124587
0.12517992521133853,0.23358443615768668,-0.04862623175277756,-0.004427660845496898,-0.003854753572962221,0.0014526397233437633,1820.0
0.12517992521133853,0.23358443615768668,-0.04862623175277756,-0.004427660845496898,-0.003854753572962221,0.0014526397233437633,1820.0
0.12420933763486752,0.23273875508708333,-0.048307773202739435,-0.004439716039984067,-0.0038714724990311865,0.0014568267019826914,1820.218911883986
0.11435948865614837,0.2240799736117547,-0.04507316235037846,-0.004558714195670656,-0.00403954847927605,0.0014981861466410804,1822.4080307238464
0.10236516078738975,0.21334929182845308,-0.04112783342319054,-0.004695459429239359,-0.004240834446519917,0.001545827072172616,1825.0
0.10236516078738975,0.21334929182845308,-0.04112783342319054,-0.004695459429239359,-0.004240834446519917,0.001545827072172616,1825.0
0.10137703535477227,0.2124561450682145,-0.04080250237210878,-0.004706336889781926,-0.004257269216220295,0.0015496264951366276,1825.2101991507575
0.09137155345734947,0.2033339004161695,-0.0375057362354551,-0.004813004909499329,-0.004422681075625701,0.001586974371524544,1827.3121906583324
0.07825866464434911,0.19115901886389056,-0.03317814152444172,-0.004942980550014494,-0.004637259530053613,0.0016327973034530377,1830.0
0.07825866464434911,0.19115901886389056,-0.03317814152444172,-0.004942980550014494,-0.004637259530053613,0.0016327973034530377,1830.0
0.07727232268488207,0.19023295379786034,-0.03285230399982168,-0.004952301756964253,-0.004653317971406119,0.0016361040718839734,1830.199355836066
0.06730868820440217,0.18079538616844404,-0.029558253450971465,-0.005042617817092276,-0.0048151197974092815,0.0016683251549276534,1832.1929141967253
0.05298662997434959,0.16695467899693123,-0.024814770626553073,-0.005159338261743161,-0.005046956467155064,0.0017106744615033125,1835.0
0.05298662997434959,0.16695467899693123,-0.024814770626553073,-0.005159338261743161,-0.005046956467155064,0.0017106744615033125,1835.0
0.05203006079998315,0.16601816735680114,-0.024497577753504664,-0.005166547657681846,-0.005062429071005521,0.0017133308439917345,1835.1852757476815
0.04239347172358737,0.15649458701090882,-0.021299311149457868,-0.0052346137964297094,-0.005218383874790538,0.0017387483237350195,1837.038033224497
0.0267483131260668,0.14066322380482416,-0.01609490617727953,-0.005325228048182559,-0.005472293213647968,0.0017742179133360242,1840.0
0.0267483131260668,0.14066322380482416,-0.01609490617727953,-0.005325228048182559,-0.005472293213647968,0.0017742179133360242,1840.0
0.02587386806079195,0.13976382145816096,-0.015803538055068688,-0.005329471999451419,-0.005486517731911027,0.001775965772279258,1840.1641423609244
0.01709414894675155,0.13064094141584542,-0.01287494306459459,-0.005366521398073608,-0.0056295074284910115,0.001791911470245381,1841.8055659701686
-0.0001230038037204305,0.11221040997981777,-0.007112972190208203,-0.005404477838248731,-0.00590966692553719,0.001813149918127544,1845.0
-0.0001230038037204305,0.11221040997981777,-0.007112972190208203,-0.005404477838248731,-0.00590966692553719,0.001813149918127544,1845.0
-0.0006024077801019335,0.11168586316090474,-0.006952124713952103,-0.005404757499608075,-0.005917422638203532,0.0018135166727495725,1845.0887025981997
-0.005396990722610985,0.10640264713309468,-0.00534210173963173,-0.0054048873287412605,-0.005994674109378946,0.0018164006697288123,1845.9757285801966
-0.02704799479852404,0.08159584054034452,0.001963679542711794,-0.005334430232508723,-0.006326683342373112,0.0018080538762150797,1850.0
-0.02704799479852404,0.08159584054034452,0.001963679542711794,-0.005334430232508723,-0.006326683342373112,0.0018080538762150797,1850.0
-0.027755412243472628,0.08075581741595032,0.002203489816217633,-0.005329896617856995,-0.0063366908238500315,0.0018070894598563295,1850.1326695633068
-0.034792691081040106,0.07228499032286594,0.0045933195764164495,-0.005276356784701065,-0.006431393392342258,0.0017947779063737933,1851.4593651963744
-0.05312948636270211,0.04914917409656385,0.010858463302402872,-0.005067076210045803,-0.006619482098767962,0.0017389632295571682,1855.0
-0.05312948636270211,0.04914917409656385,0.010858463302402872,-0.005067076210045803,-0.006619482098767962,0.0017389632295571682,1855.0
-0.05396265887252576,0.048058994805944465,0.011144455027613721,-0.005055444868618656,-0.006625494961988707,0.0017356545656406067,1855.1646172326639
-0.062185364973436345,0.037110975349484904,0.01397283109812436,-0.004932959057362153,-0.006671393468177037,0.0016998937820231039,1856.8107895593027
-0.07751427891283161,0.015779924745902795,0.0192709100972942,-0.004677865121585591,-0.006691534795368074,0.0016210740607934628,1860.0
-0.07751427891283161,0.015779924745902795,0.0192709100972942,-0.004677865121585591,-0.006691534795368074,0.0016210740607934628,1860.0
-0.07819215355943518,0.014809091514757497,0.019505845564054335,-0.004666055418347313,-0.006690544275547762,0.0016173082311974616,1860.145094258981
-0.08487668333869061,0.00511267285618177,0.02182489493155222,-0.004548073527348584,-0.006672853807004363,0.0015791762377285504,1861.596036848792
-0.09989281783582186,-0.017468516478027184,0.027045711442991886,-0.004276254388915457,-0.006585247554746881,0.0014881663566438136,1865.0
-0.09989281783582186,-0.017468516478027184,0.027045711442991886,-0.004276254388915457,-0.006585247554746881,0.0014881663566438136,1865.0
-0.10052798648117947,-0.018447608643775808,0.027266759601615283,-0.004264615572322387,-0.006580210165757592,0.0014841825926710404,1865.1487363524268
-0.10678511069843219,-0.028194924517108772,0.029444689994555587,-0.004149478727398117,-0.006525299992394451,0.0014444241903914256,1866.6360998766947
-0.12031653442306922,-0.04990272037262198,0.03415347549481318,-0.0038975303144714443,-0.0063758606500635235,0.001355431557131538,1870.0
-0.12031653442306922,-0.04990272037262198,0.03415347549481318,-0.0038975303144714443,-0.0063758606500635235,0.001355431557131538,1870.0
-0.12102060011670593,-0.0510556387521447,0.03439831353186192,-0.003884304068022095,-0.00636699160772469,0.0013506914412593721,1870.1809512098416
-0.12793071163297312,-0.062494105895201484,0.036799702706869004,-0.003753745281115589,-0.006274495796697849,0.0013035821188815912,1871.9904633082579
-0.1389086726036399,-0.0811300090884144,0.040606418236207746,-0.003542954521645883,-0.006107644096432935,0.0012264396619958299,1875.0
-0.1389086726036399,-0.0811300090884144,0.040606418236207746,-0.003542954521645883,-0.006107644096432935,0.0012264396619958299,1875.0
-0.13960969507865936,-0.08233968188192835,0.04084905548853325,-0.0035293311957716907,-0.006096157555869393,0.0012214127121159234,1875.1982450929324
-0.1464724887944486,-0.09430918717423949,0.04322086545379341,-0.0033946833424598924,-0.005978482439303412,0.0011715007454779572,1877.1806960222568
-0.15577841391107958,-0.11091958790033116,0.04642486428678502,-0.0032077231759270503,-0.005803495951757365,0.0011016084884447853,1880.0
-0.15577841391107958,-0.11091958790033116,0.04642486428678502,-0.0032077231759270503,-0.005803495951757365,0.0011016084884447853,1880.0
-0.15645195488354904,-0.11213938691187803,0.04665612782444219,-0.0031939703062436823,-0.005790111603963302,0.001096443479333116,1880.2104260133958
-0.16302919695395762,-0.12418092000360648,0.048909257287007145,-0.003057785565577611,-0.005654187428540284,0.0010451597640711858,1882.314686147354
-0.1710105491610813,-0.139125897627498,0.05162899233774296,-0.002887225587483687,-0.005475879899686963,0.0009806463383482396,1885.0
-0.1710105491610813,-0.139125897627498,0.05162899233774296,-0.002887225587483687,-0.005475879899686963,0.0009806463383482396,1885.0
-0.17164338717816455,-0.14032738062943698,0.051843876039587844,-0.0028734244879507487,-0.005461067006936086,0.0009754146551678864,1885.2197107588136
-0.17780584921742687,-0.15216198941183284,0.05392976818317425,-0.002736514170321749,-0.005311371225299454,0.0009234542116389073,1887.4168183469492
-0.18466936158653305,-0.1656513986870984,0.056237163931513276,-0.002577877773517687,-0.005132113521597371,0.0008631617249790229,1890.0
-0.18466936158653305,-0.1656513986870984,0.056237163931513276,-0.002577877773517687,-0.005132113521597371,0.0008631617249790229,1890.0
-0.18525246384324956,-0.16681357127963514,0.05643233537106783,-0.002564067761630476,-0.005116213642584631,0.000857910293095572,1890.2268023145311
-0.19091192832490606,-0.17823599863552592,0.0583188143263974,-0.002426851943473974,-0.004956018619614816,0.0008057367105000862,1892.4948254598426
-0.19680355450070677,-0.19042765778138546,0.06026586324593847,-0.002276992366358789,-0.004776791919237135,0.0007488041125569622,1895.0
-0.19680355450070677,-0.19042765778138546,0.06026586324593847,-0.002276992366358789,-0.004776791919237135,0.0007488041125569622,1895.0
-0.19733000739064513,-0.19153349344205653,0.060438909613941584,-0.002263210719338769,-0.0047600813436171115,0.0007435721471069564,1895.2319073119838
-0.20241932630434012,-0.2023779522906117,0.06210290381235737,-0.002126092985566353,-0.0045920551268638235,0.0006915762374700026,1897.5509804318222
-0.20745015277098242,-0.21340500813085794,0.06372998317630371,-0.0019825495190437664,-0.0044129630150302815,0.0006372877929443334,1900.0
-0.20745015277098242,-0.21340500813085794,0.06372998317630371,-0.0019825495190437664,-0.0044129630150302815,0.0006372877929443334,1900.0
-0.20791457250689566,-0.21444031731811233,0.06387917978656962,-0.001968841881552253,-0.004395682865525138,0.000632112143351915,1900.235066532756
-0.21238199961706267,-0.22456940935303715,0.06530448477881787,-0.0018323075340352416,-0.0042221715197430934,0.0005806623425071543,1902.5857318603164
-0.2166373563576568,-0.23454649817696477,0.06664314266245364,-0.0016930129982478202,-0.004042738617279212,0.0005283872674327063,1905.0
-0.2166373563576568,-0.23454649817696477,0.06664314266245364,-0.0016930129982478202,-0.004042738617279212,0.0005283872674327063,1905.0
-0.21703583234347298,-0.2354997661329695,0.06676740653121559,-0.0016794326580905701,-0.0040251062631794675,0.0005233030489761736,1905.2363128606962
-0.22084443009807117,-0.24480281751710348,0.06794420496900795,-0.001544040706269583,-0.003848236403270238,0.0004727507879637207,1907.5994414676584
-0.22438661219946426,-0.25382413609786353,0.06901796316710848,-0.0014071997064022364,-0.0036676329494142322,0.00042192730294564085,1910.0
-0.22438661219946426,-0.25382413609786353,0.06901796316710848,-0.0014071997064022364,-0.0036676329494142322,0.00042192730294564085,1910.0
-0.22471676881659997,-0.2546866538985166,0.06911684427356184,-0.001393802879295661,-0.0036498436407555145,0.0004169667263376173,1910.2357418255117
-0.2278448887982538,-0.2630808303183685,0.07004156364596448,-0.0012601391255195721,-0.0034715320459467805,0.00036763452372678756,1912.5931600806286
-0.23071414037377205,-0.2712164391430408,0.07086629613029867,-0.0011241895065208357,-0.003288760738979975,0.00031777368459842584,1915.0
-0.23071414037377205,-0.2712164391430408,0.07086629613029867,-0.0011241895065208357,-0.003288760738979975,0.00031777368459842584,1915.0
-0.2309751117839191,-0.27198231760891367,0.0709399374521121,-0.0011110311516468335,-0.0032709868216451964,0.00031296497477255835,1915.233508482257
-0.23341601480980226,-0.2794125692542507,0.07161480350361595,-0.000979666487784329,-0.0030929288599384546,0.0002651356020731032,1917.568593304828
-0.23563208374471947,-0.2867067629534184,0.07219940891025477,-0.0008432629961142568,-0.0029069584628450135,0.00021582590330452062,1920.0
-0.23563208374471947,-0.2867067629534184,0.07219940891025477,-0.0008432629961142568,-0.0029069584628450135,0.00021582590330452062,1920.0
-0.23582436472609405,-0.28737268157293855,0.07224846763442702,-0.0008303958663587154,-0.0028893512956629707,0.0002111933777083452,1920.2297732729498
-0.23758468986871165,-0.2938091605158812,0.0726807063606467,-0.0007018767403264833,-0.0027130380587060197,0.00016511057642982244,1922.5275060024483
-0.23914939684862055,-0.3002821170652955,0.07302813901489028,-0.0005638582128943623,-0.0025228614494806636,0.00011601173849184928,1925.0
-0.23914939684862055,-0.3002821170652955,0.07302813901489028,-0.0005638582128943623,-0.0025228614494806636,0.00011601173849184928,1925.0
-0.23927464900983678,-0.3008468802823501,0.07305370042902878,-0.0005513360401911713,-0.0025055582711118094,0.0001115773113488636,1925.2246284853193
-0.24037254592141827,-0.3062805944595001,0.07325470819338536,-0.00042621626936901666,-0.002332344054979206,6.74606684642027e-05,1927.470913338512
-0.24127255312435034,-0.3119322938586887,0.07336302534864225,-0.00028554047223635845,-0.00213695429891776,1.82834253344301e-05,1930.0
-0.24127255312435034,-0.3119322938586887,0.07336302534864225,-0.00028554047223635845,-0.00213695429891776,1.82834253344301e-05,1930.0
-0.2413334853373708,-0.31239634942675515,0.07336655203402345,-0.00027342559506299724,-0.0021200910075223046,1.4069511347681829e-05,1930.2180176566894
-0.24179758932976175,-0.3168345918917506,0.07335145239594931,-0.00015234269992031222,-0.0019513203235127369,-2.7856781016241537e-05,1932.3981942235837
-0.24200612571522664,-0.32164920463974045,0.07321442371906435,-7.981444312976985e-06,-0.0017496045523525566,-7.738485425078913e-05,1935.0
-0.24200612571522664,-0.32164920463974045,0.07321442371906435,-7.981444312976985e-06,-0.0017496045523525566,-7.738485425078913e-05,1935.0
-0.24200657855718827,-0.32201521567081587,0.07319774134773838,3.6721426820223418e-06,-0.0017332942920861322,-8.136117415370758e-05,1935.2101760705982
-0.24187642644085763,-0.3254867067326279,0.07298509848013483,0.00012016609611007132,-0.0015700866376603222,-0.00012092605170201042,1937.3119367765803
-0.24135327398249032,-0.3294263619781227,0.07259260681211493,0.0002690579633357274,-0.0013610882529997176,-0.00017100069951416646,1940.0
-0.24135327398249032,-0.3294263619781227,0.07259260681211493,0.0002690579633357274,-0.0013610882529997176,-0.00017100069951416646,1940.0
-0.24129404810895558,-0.32971767015481834,0.07255535231869145,0.0002809809958794286,-0.0013443316742310011,-0.0001749864101414437,1940.2153515190294
-0.2405605933222045,-0.3324322104203095,0.0721357580824821,0.0004001793428461604,-0.0011766721810485057,-0.00021463271226818166,1942.368866709323
-0.23931615575450843,-0.33525846630372264,0.07150786762188201,0.0005457403820984481,-0.0009716065430578525,-0.0002625484282201967,1945.0
-0.23931615575450843,-0.33525846630372264,0.07150786762188201,0.0005457403820984481,-0.0009716065430578525,-0.0002625484282201967,1945.0
-0.23919663973620353,-0.33546710621896747,0.07145056977588306,0.0005577208804804807,-0.0009547130779650663,-0.00026646752012716735,1945.2166202168346
-0.23785876404433562,-0.33735217008462753,0.07083106396189212,0.0006774975105315887,-0.0007856933940954635,-0.00030544039236925496,1947.3828223851806
-0.23589633805391996,-0.3391410290382317,0.06997062569118956,0.00082213997160975,-0.0005812839741737647,-0.0003519929639022526,1950.0
-0.23589633805391996,-0.3391410290382317,0.06997062569118956,0.00082213997160975,-0.0005812839741737647,-0.0003519929639022526,1950.0
-0.23571962555617829,-0.3392633022895591,0.06989510391333514,0.0008339318715249043,-0.0005646070071406306,-0.00035576331848416524,1950.2134116206003
-0.2338141147837115,-0.3402902273858151,0.06909579399800511,0.0009518194086093816,-0.0003977580911813791,-0.0003932484393653612,1952.3475278266028
-0.23109521190635865,-0.3410700239175987,0.06799152924678159,0.0010982528011486037,-0.00019018161847581333,-0.00043927762485932386,1955.0
-0.23109521190635865,-0.3410700239175987,0.06799152924678159,0.0010982528011486037,-0.00019018161847581333,-0.00043927762485932386,1955.0
-0.23086841806170655,-0.3411074432066289,0.06790091879879546,0.0011095918678063154,-0.00017409603903843486,-0.00044281713094198417,1955.205443649147
-0.22847238354359345,-0.3412998242622635,0.06695497143276631,0.0012229422211682548,-1.3164359188452091e-05,-0.0004780012647586762,1957.259880140616
-0.22491438816015452,-0.3410415777589059,0.06558156866651506,0.0013739940432406163,0.00020170016353788047,-0.0005243217639376125,1960.0
-0.22491438816015452,-0.3410415777589059,0.06558156866651506,0.0013739940432406163,0.00020170016353788047,-0.0005243217639376125,1960.0
-0.22462980806540656,-0.34099830498866196,0.06547306222868932,0.0013853603778686372,0.00021788290352090265,-0.0005277811471964187,1960.206265693736
-0.22165510336863986,-0.3403819295676361,0.06434891378137701,0.0014989633827997189,0.00037979491710165485,-0.0005621510922999039,1962.2689226310958
-0.2173561273558047,-0.33905166265605874,0.06275219729172359,0.0016491870728273766,0.00059442387428762,-0.0006070201256767265,1965.0
-0.2173561273558047,-0.33905166265605874,0.06275219729172359,0.0016491870728273766,0.00059442387428762,-0.0006070201256767265,1965.0
-0.21699804828249816,-0.3389212221207885,0.06262049052286207,0.001661079992601285,0.0006114359255647644,-0.0006105442818953854,1965.2163445037322
-0.21327581812642618,-0.33741430948553075,0.0612616871735146,0.001779910247356745,0.0007816651603899772,-0.0006455235557439002,1967.3797895410544
-0.20842381760197884,-0.335095780274779,0.0595154751800765,0.001923554956346041,0.000988115889785702,-0.0006872342743876672,1970.0
-0.20842381760197884,-0.335095780274779,0.0595154751800765,0.001923554956346041,0.000988115889785702,-0.0006872342743876672,1970.0
-0.20799219524391302,-0.3348727906634179,0.0593613629646564,0.0019358062260098495,0.0010057514590848591,-0.0006907628767512276,1970.2236755195183
-0.2035253736400539,-0.3324258298120681,0.05777706707585008,0.002058164725018922,0.0011822478376618884,-0.0007257469058103888,1972.4604307147017
-0.1981225121320596,-0.3291686331926162,0.055884258132386726,0.002196704763039076,0.001382970674261959,-0.0007647829450280828,1975.0
-0.1981225121320596,-0.3291686331926162,0.055884258132386726,0.002196704763039076,0.001382970674261959,-0.0007647829450280828,1975.0
-0.19761865741351958,-0.32885025160830184,0.05570893897985058,0.00220916539448019,0.0014010627922656986,-0.0007682641637303244,1975.2287196968025
-0.19242354186757235,-0.3254387001535659,0.053912229811269016,0.002333542188311896,0.0015821658383870032,-0.000802731981466592,1977.5159166648275
-0.18645958396964482,-0.32126375851496186,0.05187242903879093,0.0024680959028471543,0.0017792617267137823,-0.0008394345512473933,1980.0
-0.18645958396964482,-0.32126375851496186,0.05187242903879093,0.0024680959028471543,0.0017792617267137823,-0.0008394345512473933,1980.0
-0.18588660050186365,-0.32084960769672616,0.051677650297091204,0.002480614750346714,0.0017976535985637877,-0.0008428184387248977,1980.2315687453502
-0.17999758492556608,-0.3164736683549465,0.049687079648544324,0.002605474758470718,0.001981805326014459,-0.0008762670525500187,1982.5472561988518
-0.17344556117842475,-0.31137310199126306,0.047495184057134085,0.002736998690399287,0.002177354544877308,-0.0009108924706774969,1985.0
-0.17344556117842475,-0.31137310199126306,0.047495184057134085,0.002736998690399287,0.002177354544877308,-0.0009108924706774969,1985.0
-0.17280860962217795,-0.31086538527489627,0.04728330598802309,0.0027494145871384146,0.0021958900419198567,-0.0009141287325809042,1985.232192280128
-0.1662809007535733,-0.30555127230395857,0.04512355248818263,0.002873118705332768,0.00238153920304359,-0.0009460509038484406,1987.5541150814074
-0.15909521559978926,-0.29948651629178596,0.04276940800842996,0.003002432960694443,0.0025777241294227533,-0.000978773601086436,1990.0
-0.15909521559978926,-0.29948651629178596,0.04276940800842996,0.003002432960694443,0.0025777241294227533,-0.000978773601086436,1990.0
-0.15840149120966926,-0.2988899888511873,0.04254336435215356,0.0030145747428038825,0.0025962499289320837,-0.0009818116406075357,1990.230587767427
-0.15131074990551902,-0.292689472509216,0.04024479646510111,0.0031353792692721248,0.002781872733819431,-0.0010116958873310792,1992.536465441698
-0.14342903121413034,-0.2855911585387611,0.03771418094593912,0.003263075166991518,0.002980977881584425,-0.001042576536947703,1995.0
-0.14342903121413034,-0.2855911585387611,0.03771418094593912,0.003263075166991518,0.002980977881584425,-0.001042576536947703,1995.0
-0.14268750182278506,-0.28491286310132463,0.037477363959394924,0.003274764241684729,0.0029993503948612873,-0.001045365995564938,1995.2268422578536
-0.13512700652209056,-0.27790033833534333,0.035074833225031,0.0033908445638987524,0.0031835190812432804,-0.0010727010212586647,1997.4952648363897
-0.12647525446188665,-0.26967075930795764,0.03235148271101936,0.0035171141778432683,0.0033878840257286344,-0.0011016328028368365,2000.0
-0.12647525446188665,-0.26967075930795764,0.03235148271101936,0.0035171141778432683,0.0033878840257286344,-0.0011016328028368365,2000.0
-0.12569641653454983,-0.2689197157982562,0.032107641800523556,0.0035281636067574173,0.003405973153390011,-0.0011041229496732046,2000.2210949275866
-0.11777448095552853,-0.26118890793743327,0.029639439107701317,0.0036376013915102273,0.003587392354202915,-0.001128390147944013,2002.4320442034525
-0.10827286405794442,-0.2517047395143096,0.026707206011507396,0.0037620196948763853,0.0037994032277818596,-0.0011550296678190064,2005.0
-0.10827286405794442,-0.2517047395143096,0.026707206011507396,0.0037620196948763853,0.0037994032277818596,-0.0011550296678190064,2005.0
-0.1074688642030103,-0.25089196372270656,0.026460465124523967,0.003772225268488818,0.0038170864038583486,-0.0011571667028651455,2005.2134253501865
-0.0993100766738909,-0.2425561798501355,0.023968508200337107,0.0038729139228995163,0.0039945306759979786,-0.0011778116550970367,2007.3476788520518
-0.08887605001331383,-0.2316671800261181,0.02081266852091344,0.0039941546941298966,0.00421671274451757,-0.0012014828892099997,2010.0
-0.08887605001331383,-0.2316671800261181,0.02081266852091344,0.0039941546941298966,0.00421671274451757,-0.0012014828892099997,2010.0
-0.08806154001165357,-0.230806520467984,0.020567759456507018,0.004003275522633554,0.004233853548119799,-0.0012032050759837032,2010.2036928020786
-0.07981549894162308,-0.2220074100474414,0.018099967540499046,0.004092720526556251,0.004405946031815968,-0.0012195878676158766,2012.2406208228651
-0.06836128214151371,-0.20952575779312582,0.014706967431819129,0.004208095859364498,0.004641184947236532,-0.0012391174242363154,2015.0
-0.06836128214151371,-0.20952575779312582,0.014706967431819129,0.004208095859364498,0.004641184947236532,-0.0012391174242363154,2015.0
-0.06755572461485772,-0.20863654156389472,0.014469862388966755,0.004215821467084129,0.004657581737988469,-0.0012403486115745708,2015.19125470337
-0.05942037884083724,-0.19957142642803616,0.01208650954471159,0.004290813190981911,0.004822262067159519,-0.0012516815629135872,2017.1038017370709
-0.04683904709313785,-0.18524113518574056,0.008440822971658067,0.004395379980681597,0.005074191213577831,-0.0012650717946203513,2020.0
-0.04683904709313785,-0.18524113518574056,0.008440822971658067,0.004395379980681597,0.005074191213577831,-0.0012650717946203513,2020.0
-0.04607338268243408,-0.18435649035661889,0.008220542065788053,0.004401275798006003,0.005089432164203805,-0.0012657165878456904,2020.1740806327607
-0.038361993913122866,-0.17536373873623604,0.00601223828717307,0.004457397701968577,0.005242463532352117,-0.0012710378386633255,2021.9148869603678
-0.024474422167306942,-0.15876856545962328,0.002083165134895394,0.004542087408617927,0.005516283993922396,-0.0012747593965107484,2025.0
-0.024474422167306942,-0.15876856545962328,0.002083165134895394,0.004542087408617927,0.005516283993922396,-0.0012747593965107484,2025.0
-0.023827376060337215,-0.1579821277833814,0.0019016379446048606,0.0045454687943673605,0.005528993721259547,-0.0012747313128654157,2025.1424025291203
-0.0173319014852334,-0.15001806983523097,8.712869088152355e-05,0.004576296548832128,0.005656356460052777,-0.0012733501531337352,2026.5664278203235
-0.0015247859277973258,-0.1300680077578769,-0.00426718654418273,0.004624196944032088,0.0059641481978378935,-0.0012605276188495508,2030.0
-0.0015247859277973258,-0.1300680077578769,-0.00426718654418273,0.004624196944032088,0.0059641481978378935,-0.0012605276188495508,2030.0
-0.001027899236957539,-0.12942667761674947,-0.004402588288485834,0.004624985049996522,0.005973752573447812,-0.0012598761432498287,2030.1074443682792
0.003944597173988653,-0.1229567237834866,-0.00575240270376324,0.004630107225414775,0.0060695033864682285,-0.0012524147068126604,2031.181888051071
0.02159241029455642,-0.09914512087921296,-0.010461733757578065,0.004600603575101348,0.0063998144042052875,-0.001209964492676403,2035.0
0.02159241029455642,-0.09914512087921296,-0.010461733757578065,0.004600603575101348,0.0063998144042052875,-0.001209964492676403,2035.0
0.02233660021060292,-0.09810845665349442,-0.01065732839307377,0.004597455907008759,0.00641320492388936,-0.0012075500236646206,2035.1618140484914
0.029745050138368995,-0.08762513892010478,-0.012590071647256165,0.00455630796024161,0.006542526547744837,-0.0011803630373211282,2036.7799545334049
0.04421595524377696,-0.06618699364064856,-0.016282799644954264,0.004419413412419898,0.006762796937112874,-0.0011096056382064081,2040.0
0.04421595524377696,-0.06618699364064856,-0.016282799644954264,0.004419413412419898,0.006762796937112874,-0.0011096056382064081,2040.0
0.044994342723787904,-0.06499368306385794,-0.01647805128762314,0.004409831426383397,0.006772931676953847,-0.0011051317508288493,2040.1763195996318
0.05267862632269222,-0.052970679362374894,-0.018385372930390668,0.00430339736576493,0.006860490095972951,-0.0010575368032343722,2041.93951559595
0.06552154313294803,-0.031820325285822765,-0.02148449990492671,0.0040835952717663965,0.006946775561990104,-0.0009665207136226396,2045.0
0.06552154313294803,-0.031820325285822765,-0.02148449990492671,0.0040835952717663965,0.006946775561990104,-0.0009665207136226396,2045.0
0.06618868926238226,-0.030683482146731493,-0.021642235631663797,0.004071023612097607,0.006948990642038411,-0.0009615058757796401,2045.1636239232807
0.07274557000443653,-0.01930245169035634,-0.023174354597542936,0.003942961058132013,0.006958442109738291,-0.0009112224732003146,2046.7998631560881
0.08495684167524042,0.0029196245277759436,-0.02593494284660478,0.0036890123104568887,0.0069179687112541875,-0.0008147796048491241,2050.0
0.08495684167524042,0.0029196245277759436,-0.02593494284660478,0.0036890123104568887,0.0069179687112541875,-0.0008147796048491241,2050.0
0.08535634840814442,0.003669546406080291,-0.02602311029401126,0.003680475803131618,0.006915426967554281,-0.0008115991701008974,2050.10842186235
0.08930071195176956,0.011152226190876663,-0.02688596237435783,0.003595653984940553,0.006886405598618433,-0.0007801749522086289,2051.1926404858505
0.10243731332879046,0.03711393281819632,-0.029654494317316912,0.003307797307456876,0.006741247446329663,-0.000675670108472654,2055.0
0.10243731332879046,0.03711393281819632,-0.029654494317316912,0.003307797307456876,0.006741247446329663,-0.000675670108472654,2055.0
0.1030008252155913,0.03826387137149233,-0.029769436808284686,0.00329530189364663,0.006733432830513967,-0.0006712006675657384,2055.170681183889
0.10851981139690525,0.04968690116474198,-0.030877494188568673,0.0031722978927904177,0.006650351832039717,-0.0006274879807191173,2056.8774930227787
0.11808490172352319,0.07019078143810402,-0.03271737314074698,0.002956079767709693,0.006478877598768985,-0.0005518736731180305,2060.0
0.11808490172352319,0.07019078143810402,-0.03271737314074698,0.002956079767709693,0.006478877598768985,-0.0005518736731180305,2060.0
0.11865426650058755,0.07144032851661622,-0.032823468242956996,0.0029430724515376637,0.0064675737693270135,-0.0005473729104888101,2060.1930329606353
0.12421124393827318,0.08381323724139274,-0.03383733349666691,0.00281509282986127,0.00635081958986525,-0.0005033905837610449,2062.123362566988
0.1320425268477939,0.10181931129008015,-0.03519487529154507,0.002630878994211871,0.0061660878368633674,-0.0004410571320508108,2065.0
0.1320425268477939,0.10181931129008015,-0.03519487529154507,0.002630878994211871,0.0061660878368633674,-0.0004410571320508108,2065.0
0.1325870552931376,0.10309727882763241,-0.035285937427370635,0.002617876345589053,0.006152325896806201,-0.00043670040434042214,2065.207488830836
0.13788532145283852,0.11571790556095307,-0.03614753214985256,0.0024897131003521374,0.006011995246368906,-0.00039407833613114377,2067.2823771391977
0.14442856245419625,0.13179916263712546,-0.03714533172106448,0.0023265328427271564,0.005821680764829795,-0.0003406758599389276,2070.0
0.14442856245419625,0.13179916263712546,-0.03714533172106448,0.0023265328427271564,0.005821680764829795,-0.0003406758599389276,2070.0
0.14493435703396498,0.13306662866245347,-0.037219146156026416,0.0023136622376668434,0.0058061229768881645,-0.0003365048888261171,2070.2180059713705
0.14983918539947405,0.14555319483122892,-0.037907931039387416,0.0021865196666399907,0.005648540555983683,-0.00029564323272092196,2072.398065685076
0.1553346218196416,0.16000105587791943,-0.03861576710463143,0.0020381756019112966,0.0054562309955735995,-0.00024877081358824787,2075.0
0.1553346218196416,0.16000105587791943,-0.03861576710463143,0.0020381756019112966,0.0054562309955735995,-0.00024877081358824787,2075.0
0.15579333592726172,0.16123097504909029,-0.03867148201251543,0.0020254735670277198,0.005439341553648463,-0.00024479738782799676,2075.225764845762
0.1602237766562926,0.17331924310998298,-0.03917989643954378,0.001899732755819721,0.005268940228987437,-0.00020582206795302166,2077.4834133033833
0.1648308932419888,0.18633692666168192,-0.039644809494952714,0.0017620830424982191,0.005076095641863519,-0.0001639179789661347,2080.0
0.1648308932419888,0.18633692666168192,-0.039644809494952714,0.0017620830424982191,0.005076095641863519,-0.0001639179789661347,2080.0
0.16523677871961184,0.1875082787310393,-0.039682265642363324,0.001749570585001037,0.005058234541433849,-0.0001601481895861256,2080.231165084708
0.16913739221331603,0.19899377283482667,-0.040009452218920875,0.001625477283508406,0.004878476816316964,-0.00012313173716857223,2082.5428159317903
0.17297137587959874,0.21074419801602112,-0.04026499746238508,0.001495459784210021,0.004685330818977765,-8.508266446799194e-05,2085.0
0.17297137587959874,0.21074419801602112,-0.04026499746238508,0.001495459784210021,0.004685330818977765,-8.508266446799194e-05,2085.0
0.17332041151833152,0.21184008433614268,-0.04028452007916556,0.001483161780004878,0.004666799596148551,-8.152238341586916e-05,2085.2343607167227
0.17665292861773568,0.22255935397023377,-0.04043436103673575,0.0013610022632064836,0.004480608611747282,-4.653371929789327e-05,2087.5779678839494
0.1797979004620329,0.23317694520214183,-0.04050441910507582,0.0012361973906009013,0.0042866549018554245,-1.1503127586349703e-05,2090.0
0.1797979004620329,0.23317694520214183,-0.04050441910507582,0.0012361973906009013,0.0042866549018554245,-1.1503127586349703e-05,2090.0
0.1800875742761756,0.23418411413421655,-0.04050673376300918,0.0012241442964201368,0.004267715290512434,-8.158090938156337e-06,2090.2354746539777
0.18282874836614926,0.2440099518897883,-0.04048701781234657,0.0011042581616150828,0.00407764376897573,2.473716838773273e-05,2092.5902211937546
0.18534307449741322,0.25360062080838136,-0.04038786332964904,0.0009826888084625456,0.003881963178771413,5.738945812417136e-05,2095.0
0.18534307449741322,0.25360062080838136,-0.04038786332964904,0.0009826888084625456,0.003881963178771413,5.738945812417136e-05,2095.0
0.1855729931014028,0.254512114495224,-0.04037398567060492,0.000970877732227013,0.00386278522633322,6.052423175428242e-05,2095.2353836290404
0.18771969097408328,0.26337833686004825,-0.04019504417774031,0.0008532707541964283,0.003670483223872698,9.136609540641876e-05,2097.589219919444
0.18963243547655367,0.27198873765527487,-0.039937638483839015,0.0007336948844332879,0.0034726209515571695,0.00012202574423219239,2100.0
0.18963243547655367,0.27198873765527487,-0.039937638483839015,0.0007336948844332879,0.0034726209515571695,0.00012202574423219239,2100.0
0.18980231989776117,0.2727969360295904,-0.039908819462319195,0.0007221693105501478,0.0034534165338320644,0.0001249439656178357,2100.2333796858165
0.1913535440881678,0.2806320814807759,-0.039583548974173564,0.0006073026360342654,0.0032609689812627624,0.0001536650883788237,2102.567176543982
0.19268606102137167,0.2883206768470479,-0.03917417412548929,0.000488258241733593,0.003059632464006979,0.00018273149391212672,2105.0
0.19268606102137167,0.2883206768470479,-0.03917417412548929,0.000488258241733593,0.003059632464006979,0.00018273149391212672,2105.0
0.19279681921721126,0.2890205966902245,-0.03913193274232485,0.00047706910007719826,0.003040602322394316,0.00018542709037901818,2105.2294730468184
0.19376342397763577,0.29577936386234255,-0.03867583541235024,0.0003654751976415663,0.0028499905130656227,0.00021196352653823382,2107.5242035150022
0.19451980651008663,0.3025801749820595,-0.03811647852480538,0.00024563863027646194,0.002643749709648763,0.00023975278700668826,2110.0
0.19451980651008663,0.3025801749820595,-0.03811647852480538,0.00024563863027646194,0.002643749709648763,0.00023975278700668826,2110.0
0.19457357218012958,0.30316976218422464,-0.03806254493135255,0.00023483713457079255,0.002625075232514375,0.0002422217488029935,2110.223802128627
0.19497845091239493,0.30883557970907044,-0.03749311692514232,0.00012704867757401252,0.0024380921621970325,0.000266530680747044,2112.461823414898
0.19514627410611926,0.3147542475728475,-0.036782492521525816,5.268960404691746e-06,0.002225541399437375,0.0002932727890972471,2115.0
0.19514627410611926,0.3147542475728475,-0.036782492521525816,5.268960404691746e-06,0.002225541399437375,0.0002932727890972471,2115.0
0.19514629385393867,0.31523374798775233,-0.03671880507799889,-5.085853996120043e-06,0.002207400384005701,0.00029551140270965245,2115.2163350554574
0.19502341726057967,0.3198127632290755,-0.036055555132467575,-0.00010846096120434,0.0020258075041321368,0.000317553901235728,2117.3796856100316
0.19457559831288204,0.3248323933844194,-0.03518937418923514,-0.00023327489290087547,0.0018054382082356363,0.00034342298370416827,2120.0
0.19457559831288204,0.3248323933844194,-0.03518937418923514,-0.00023327489290087547,0.0018054382082356363,0.00034342298370416827,2120.0
0.19452297345375996,0.3252286805270078,-0.03511336847044409,-0.00024376336841069705,0.001786861963468993,0.00034555968634302983,2120.2206313888637
0.19386956834068114,0.3289660106975158,-0.034327652915952606,-0.00034849580527264164,0.0016009404498286825,0.000366577375690203,2122.4269452775006
0.19281608715568654,0.3328059967058566,-0.033353738161045456,-0.0004703021146609536,0.0013837677589064086,0.0003902902866178632,2125.0
0.19281608715568654,0.3328059967058566,-0.033353738161045456,-0.0004703021146609536,0.0013837677589064086,0.0003902902866178632,2125.0
0.19271084782523576,0.3331101676980621,-0.03326714218393175,-0.0004807613424967032,0.00136507145617589,0.0003922897100637759,2125.221308647909
0.19153125160601706,0.3359241993148623,-0.032377114719065694,-0.0005852164573359739,0.0011779705178603774,0.0004119364230963777,2127.4343951270007
0.1898748011787499,0.3386678422477543,-0.03129186329951045,-0.0007060041692733695,0.0009607653912622792,0.0004339226885864647,2130.0
0.1898748011787499,0.3386678422477543,-0.03129186329951045,-0.0007060041692733695,0.0009607653912622792,0.0004339226885864647,2130.0
0.18971964203529026,0.33887545100734656,-0.031196987676721754,-0.00071626123263368,0.0009422792692157369,0.00043575338082891093,2130.218185861528
0.18804506156642944,0.3407296091300712,-0.030226520574817138,-0.0008187035035917385,0.0007572981170680184,0.0004537225897026724,2132.4000444768094
0.18575810294479392,0.3424117028890625,-0.029019881306501703,-0.0009404695008248492,0.0005365928813259724,0.00047433133841952454,2135.0
0.18575810294479392,0.3424117028890625,-0.029019881306501703,-0.0009404695008248492,0.0005365928813259724,0.00047433133841952454,2135.0
0.1855583198040076,0.3425231984028455,-0.02891947314620128,-0.0009503524074058772,0.0005186419951597134,0.0004759680356424322,2135.2113187922823
0.18344571659773867,0.3434294407332667,-0.027896605655127395,-0.0010490558608077026,0.00033902778984164043,0.0004920148074549667,2137.3245067151056
0.18047216567743773,0.3440319961662472,-0.02655395850678367,-0.0011736852569615226,0.00011134748493283385,0.00051149121220029,2140.0
0.18047216567743773,0.3440319961662472,-0.02655395850678367,-0.0011736852569615226,0.00011134748493283385,0.00051149121220029,2140.0
0.18023615324182526,0.34405259011736045,-0.026451368720813218,-0.0011830011645511218,9.429178990615399e-05,0.000512911523625393,2140.200291728082
0.17777349275005558,0.3440705780102555,-0.02541003049640458,-0.001276033579468272,-7.635836639121651e-05,0.0005268207104634088,2142.203209008902
0.17402348642273294,0.34352347644694864,-0.02391047881642947,-0.0014055337322397218,-0.00031493267417630655,0.000545339969560129,2145.0
0.17402348642273294,0.34352347644694864,-0.02391047881642947,-0.0014055337322397218,-0.00031493267417630655,0.000545339969560129,2145.0
0.17373329795804082,0.34345686722054175,-0.02379813080363093,-0.001415043987149666,-0.0003324969894909429,0.0005466609626212309,2145.2057652334383
0.17072389877153696,0.3425919247688114,-0.022659931519195018,-0.001509987306567975,-0.0005082421316786967,0.0005595501893718054,2147.2634175678218
0.16641944567128922,0.34088093921773516,-0.021106233345220805,-0.001635777242637652,-0.0007422690324352677,0.0005757763780486095,2150.0
0.16641944567128922,0.34088093921773516,-0.021106233345220805,-0.001635777242637652,-0.0007422690324352677,0.0005757763780486095,2150.0
0.1660686621680985,0.3407202834805235,-0.020982999336832325,-0.0016455836306466635,-0.0007605658240862872,0.0005770000335818215,2150.2138036321103
0.16244566990513434,0.3388984812904327,-0.019736540620040516,-0.0017434344780402453,-0.0009436533927912236,0.0005888743099363598,2152.351839953213
0.157668920015059,0.3360989370394605,-0.018158634278966714,-0.0018640517280924245,-0.0011707374586355957,0.000602652184143279,2155.0
0.157668920015059,0.3360989370394605,-0.018158634278966714,-0.0018640517280924245,-0.0011707374586355957,0.000602652184143279,2155.0
0.15726253800639428,0.3358423504676661,-0.018027479113824154,-0.0018739289107555883,-0.0011893965895840798,0.000603737568288491,2155.2174339352055
0.1530808085885711,0.3330532370121226,-0.01670324881281939,-0.00197242140313769,-0.001376127491210826,0.0006141945030207297,2157.39177328726
0.14778297647148442,0.3291715009161547,-0.01508596687630043,-0.0020898400885892873,-0.001600471151858422,0.0006257648133249388,2160.0
0.14778297647148442,0.3291715009161547,-0.01508596687630043,-0.0020898400885892873,-0.001600471151858422,0.0006257648133249388,2160.0
0.14732878642629987,0.32882245079094696,-0.014950184516660673,-0.0020995678545319063,-0.0016191369432736085,0.0006266784467246682,2160.2168277420724
0.1426711453086804,0.3251092288310364,-0.013581785907332642,-0.002196488803528997,-0.0018059556986683286,0.0006353911389470984,2162.385105162796
0.13677572944580216,0.320091842614392,-0.011907687531251125,-0.002312433095155459,-0.0020316653024685335,0.0006448460340496059,2165.0
0.13677572944580216,0.320091842614392,-0.011907687531251125,-0.002312433095155459,-0.0020316653024685335,0.0006448460340496059,2165.0
0.13628443026678344,0.31965912496556886,-0.011770884360184204,-0.0023217914405006266,-0.0020499852489713017,0.0006455614553793567,2165.212030745975
0.1312626286817269,0.3151181732429089,-0.01039483579432854,-0.0024149335044481987,-0.0022333659980927315,0.0006522746224415313,2167.3323382057247
0.12466542943152835,0.30885203275779005,-0.008644792751915919,-0.0025308746241870174,-0.002464582012799682,0.000659544604263021,2170.0
0.12466542943152835,0.30885203275779005,-0.008644792751915919,-0.0025308746241870174,-0.002464582012799682,0.000659544604263021,2170.0
0.12415106945999733,0.3083502255029725,-0.00851093183253642,-0.0025396366786564727,-0.0024821878917322747,0.0006600425764401672,2170.2028828199755
0.11891006779540265,0.303135557501146,-0.007167081842864754,-0.0026267311999779008,-0.0026584440673125824,0.0006645757357120471,2172.23171101973
0.11147588773087858,0.29544265314575024,-0.005320293627977428,-0.002743880091470757,-0.002899555422823958,0.0006694008854650551,2175.0
0.11147588773087858,0.29544265314575024,-0.005320293627977428,-0.002743880091470757,-0.002899555422823958,0.0006694008854650551,2175.0
0.11095865398436396,0.2948953139570105,-0.005194264404635584,-0.0027517747819600954,-0.002915974902677612,0.0006696700313991535,2175.1882336483577
0.10570497106219655,0.2892518010757847,-0.003931469480234177,-0.0028301286537437778,-0.0030803720928824344,0.0006719289653700243,2177.070570131935
0.09723840633201673,0.2798524277898037,-0.0019598457746583067,-0.0029497126571311994,-0.0033369944513088534,0.0006738091331805645,2180.0
0.09723840633201673,0.2798524277898037,-0.0019598457746583067,-0.0029497126571311994,-0.0033369944513088534,0.0006738091331805645,2180.0
0.09675752966681325,0.2793078553678292,-0.0018501165310258734,-0.002956273724055215,-0.0033512870387079263,0.0006738525896556324,2180.162843763737
0.09189033031935413,0.2737340192255972,-0.0007526455280659099,-0.0030212989769932293,-0.003494392176575243,0.0006739159635011292,2181.7912814011056
0.08199448524827065,0.2620678581357053,0.0014073871484325512,-0.0031459901892257696,-0.0037773767823542793,0.0006719602339030936,2185.0
0.08199448524827065,0.2620678581357053,0.0014073871484325512,-0.0031459901892257696,-0.0037773767823542793,0.0006719602339030936,2185.0
0.08150201539329678,0.261476029969059,0.0015124623657227542,-0.003151945764396695,-0.003791203086506291,0.0006717902833416918,2185.1563908215207
0.07652648345363033,0.25543871608861296,0.0025615332978991255,-0.0032107765993495967,-0.003929659286925118,0.0006696879723706525,2186.720299036728
0.06579969096054887,0.24207296228463726,0.004747507595942388,-0.0033294025468405563,-0.00422120956162693,0.0006627511472133808,2190.0
0.06579969096054887,0.24207296228463726,0.004747507595942388,-0.0033294025468405563,-0.00422120956162693,0.0006627511472133808,2190.0
0.06518917235092475,0.24129816203538115,0.004868875034744282,-0.003335826990708202,-0.004237541838998869,0.0006622553273007853,2190.1831949645225
0.05902012599185586,0.23338540880801495,0.006077125472447587,-0.0033986990274183196,-0.004401163610771455,0.0006566247868040584,2192.0151446097475
0.048729555187407875,0.2198492965313978,0.008020075559717768,-0.003495161820009629,-0.004668944833980955,0.0006446377641737556,2195.0
0.048729555187407875,0.2198492965313978,0.008020075559717768,-0.003495161820009629,-0.004668944833980955,0.0006446377641737556,2195.0
0.04806121817905524,0.218955623145083,0.008143152280626774,-0.0035010621943360994,-0.004686133867396173,0.0006437410765302891,2195.1910563260312
0.04131723512688004,0.2098380428600506,0.009363888915896098,-0.003557963904315925,-0.00485835578822205,0.0006338573310834249,2197.1016195863435
0.030889150336984517,0.19537677229601624,0.011175370186165032,-0.0036360425999396296,-0.005120715990281566,0.0006154024637239385,2200.0
0.030889150336984517,0.19537677229601624,0.011175370186165032,-0.0036360425999396296,-0.005120715990281566,0.0006154024637239385,2200.0
0.030222877182051022,0.19443751360504985,0.011287945830401703,-0.0036406044157390083,-0.0051373320133178794,0.0006140812680191524,2200.183126216248
0.02351596773862041,0.1848774247419048,0.0123997016113867,-0.00368342806887648,-0.005303714902141813,0.0005997771655553996,2202.01438837873
0.012428865948139465,0.1686368978824398,0.014150130673586349,-0.0037407838704480653,-0.005575546326438132,0.0005717664285647276,2205.0
0.012428865948139465,0.1686368978824398,0.014150130673586349,-0.0037407838704480653,-0.005575546326438132,0.0005717664285647276,2205.0
0.011843913512722246,0.16776422229893587,0.01423938008981603,-0.0037433022918842767,-0.005589783471149016,0.0005701200575901244,2205.1563188174287
0.005974378459796145,0.15891509977063642,0.015117142151936613,-0.0037654503667328295,-0.0057320739984756805,0.0005525918939384701,2206.719506991715
-0.0064287298258607585,0.13962297363186754,0.016860871619519137,-0.0037911436711774277,-0.006029094681915607,0.0005088099402126306,2210.0
-0.0064287298258607585,0.13962297363186754,0.016860871619519137,-0.0037911436711774277,-0.006029094681915607,0.0005088099402126306,2210.0
-0.006955047279887126,0.13878514136423478,0.01693136063350875,-0.003791512713982273,-0.006041571352799577,0.0005067234627684907,2210.1388211954395
-0.012219269066180453,0.13031187729130006,0.017619768616251096,-0.003791519319894171,-0.006165653313907446,0.0004847149912505294,2211.5270331498346
-0.025343405984212683,0.10837056549469831,0.019194522342935002,-0.0037575341995859193,-0.006467043191371296,0.0004196266219797639,2215.0
-0.025343405984212683,0.10837056549469831,0.019194522342935002,-0.0037575341995859193,-0.006467043191371296,0.0004196266219797639,2215.0
-0.0260042208815662,0.10723146649203612,0.019268025215497583,-0.0037543322330720022,-0.006481790235841102,0.0004159191028708537,2215.1759383254234
-0.03257590438114833,0.09570026931301957,0.019965739865811797,-0.003713317745812978,-0.00662505986371423,0.00037650116311942693,2216.9353215796577
-0.04379549356106675,0.0750440988173468,0.021001998308145975,-0.003599077171213874,-0.0068482207676605995,0.000297652140287348,2220.0
-0.04379549356106675,0.0750440988173468,0.021001998308145975,-0.003599077171213874,-0.0068482207676605995,0.000297652140287348,2220.0
-0.04445846110048222,0.07377999490366699,0.02105642103580375,-0.0035903740890779294,-0.006860197006855068,0.00029252302886549473,2220.184426957474
-0.05099248508224076,0.06102498128061827,0.02154728277861212,-0.003491990737275085,-0.006968061051412096,0.00023921658461605435,2222.028696532214
-0.06108591061791745,0.040125846046597746,0.022124061843779682,-0.003294994969343501,-0.007086840596468781,0.00014846842712698142,2225.0
-0.06108591061791745,0.040125846046597746,0.022124061843779682,-0.003294994969343501,-0.007086840596468781,0.00014846842712698142,2225.0
-0.061646889213494045,0.03891662965904067,0.02214893796560806,-0.003282536652876613,-0.007091337886708472,0.00014320792911306674,2225.170573765745
-0.06713689119559155,0.02679093991197915,0.022348578952120196,-0.0031533064876899442,-0.00712180207317398,9.105921043006359e-05,2226.8763114231933
-0.07660147263787853,0.00453881253851994,0.022489683475307387,-0.0029055838332830643,-0.007112141236215732,7.575496959763252e-07,2230.0
-0.07660147263787853,0.00453881253851994,0.022489683475307387,-0.0029055838332830643,-0.007112141236215732,7.575496959763252e-07,2230.0
-0.07693664648383311,0.003717194220962621,0.022489588634444693,-0.002896376569040421,-0.007110301306973393,-2.3968188003564947e-06,2230.115538154149
-0.08023003767477152,-0.004485188655212054,0.02246892886225717,-0.002804735003121727,-0.00708673751699425,-3.311197939294671e-05,2231.270919695638
-0.09015074564767701,-0.030692189959578328,0.02217534242170095,-0.002519123698273109,-0.006956357675357609,-0.0001216570459212599,2235.0
-0.09015074564767701,-0.030692189959578328,0.02217534242170095,-0.002519123698273109,-0.006956357675357609,-0.0001216570459212599,2235.0
-0.09056282445382069,-0.031832253285872567,0.02215510411957129,-0.002507030088155177,-0.006949035047633907,-0.00012518564517247026,2235.1639740465803
-0.094575901007751,-0.043163394678224054,0.021921816012316048,-0.002388460602150274,-0.006869890832000293,-0.00015888266049187257,2236.803714512383
-0.10185613095673524,-0.06484189501962163,0.021318695238355313,-0.002169629989437683,-0.0066899254738536544,-0.0002169155686564721,2240.0
-0.10185613095673524,-0.06484189501962163,0.021318695238355313,-0.002169629989437683,-0.0066899254738536544,-0.0002169155686564721,2240.0
-0.10226670804481112,-0.06611044571901852,0.02127722803355672,-0.0021571371501800485,-0.006678346610341145,-0.00022007052954705632,2240.189785083805
-0.10624398684168199,-0.07867206510864562,0.02083070842080252,-0.002035064410432765,-0.006558082131098147,-0.00025000316461086416,2242.0876359218546
-0.11190907621021248,-0.09748689174664257,0.020041855990716263,-0.0018570943814933342,-0.0063601756984749255,-0.0002907415139085038,2245.0
-0.11190907621021248,-0.09748689174664257,0.020041855990716263,-0.0018570943814933342,-0.0063601756984749255,-0.0002907415139085038,2245.0
-0.11228914595963602,-0.09879134198402403,0.019981884891508008,-0.0018449499884141492,-0.006345697609029427,-0.0002933972706023362,2245.2053301112464
-0.11595458472975709,-0.11167003963087062,0.019353210116220494,-0.0017261105738434388,-0.006197766984192089,-0.00031853822293039473,2247.258631223711
-0.12047661226213797,-0.12838096415734063,0.018438104564919247,-0.0015741996468554434,-0.005992577791542673,-0.00034842951692616944,2250.0
-0.12047661226213797,-0.12838096415734063,0.018438104564919247,-0.0015741996468554434,-0.005992577791542673,-0.00034842951692616944,2250.0
-0.12081448000007475,-0.12967014001996188,0.018362808613579844,-0.0015625710764320855,-0.005976122841353519,-0.0003506142675535933,2250.21542440246
-0.1240570394399718,-0.14236523292989842,0.01758487730142935,-0.001448466475697078,-0.0058093504661452505,-0.0003712606077006813,2252.3696684270603
-0.1276891112279035,-0.15737268368055393,0.016578162672527486,-0.00131406344182447,-0.005600918942004947,-0.00039372923239156,2255.0
-0.1276891112279035,-0.15737268368055393,0.016578162672527486,-0.00131406344182447,-0.005600918942004947,-0.00039372923239156,2255.0
-0.12797844197240887,-0.15860914987550656,0.016490909669256884,-0.001303000821294359,-0.0055831782584852335,-0.00039548976085400806,2255.2211113890853
-0.1307385888969718,-0.17075682251186672,0.015597757348562653,-0.001194131513479612,-0.005404188033414831,-0.0004120852540499037,2257.4322252799384
-0.1336464552376216,-0.1843632451945473,0.014517165933505613,-0.0010713807574134753,-0.005193115002475127,-0.0004292019241944646,2260.0
-0.1336464552376216,-0.1843632451945473,0.014517165933505613,-0.0010713807574134753,-0.005193115002475127,-0.0004292019241944646,2260.0
-0.13388394387014863,-0.1855179795831601,0.014421405041061836,-0.0010609129064270604,-0.005174652572017803,-0.00043058366041524485,2260.222754605156
-0.13613166949816927,-0.1968382363863647,0.013447531215890653,-0.0009576142107828572,-0.004988895397149514,-0.00044355588488186146,2262.4503006567143
-0.13842557251084397,-0.20928494027256955,0.012299550614391001,-0.0008422140091594604,-0.004774001771967777,-0.000456622445555609,2265.0
-0.13842557251084397,-0.20928494027256955,0.012299550614391001,-0.0008422140091594604,-0.004774001771967777,-0.000456622445555609,2265.0
-0.1386104221549878,-0.21033684211948814,0.012198625291249305,-0.0008323618821797216,-0.004755286170219075,-0.00045766858697530175,2265.2207723324877
-0.1403401178276463,-0.22062797335948167,0.011177216848599417,-0.0007349030477344341,-0.004567319824778199,-0.00046742550412952604,2267.428495657365
-0.1420863739258106,-0.23208955258265668,0.009962252946232774,-0.000623638687539041,-0.004346697440688295,-0.00047725168143284276,2270.0
-0.1420863739258106,-0.23208955258265668,0.009962252946232774,-0.000623638687539041,-0.004346697440688295,-0.00047725168143284276,2270.0
-0.1422198509467525,-0.2330248010543904,0.009859264897133927,-0.0006144186157703139,-0.004328118576119252,-0.0004780034231105216,2270.215623771891
-0.14344588969057356,-0.24215651299045604,0.008820912554392157,-0.0005230222568437528,-0.004141752593455518,-0.00048493629163262164,2272.3718614908003
-0.1446760730735703,-0.2527417078823318,0.007536818354846094,-0.0004134604309405866,-0.003913304290539284,-0.0004920072915919593,2275.0
-0.1446760730735703,-0.2527417078823318,0.007536818354846094,-0.0004134604309405866,-0.003913304290539284,-0.0004920072915919593,2275.0
-0.1447609628816106,-0.2535517015430707,0.007434692888456178,-0.00040489787626277586,-0.003895211631025532,-0.0004925032061536304,2275.2074641419345
-0.14551259549069584,-0.26144489272551236,0.006408130130153707,-0.0003198706155396069,-0.003713877658064338,-0.0004969814762009166,2277.282105561279
-0.14623230681788424,-0.27121484318833794,0.005050829962895479,-0.00021001540779861018,-0.0034752915700336654,-0.0005015705668271562,2280.0
-0.14623230681788424,-0.27121484318833794,0.005050829962895479,-0.00021001540779861018,-0.0034752915700336654,-0.0005015705668271562,2280.0
-0.14627262716855124,-0.2718930644281061,0.004952675659911601,-0.00020217554958902842,-0.0034580735222805334,-0.0005018466938840405,2280.1956398212487
-0.14659177092960138,-0.27848981341968254,0.0039684274056020095,-0.00012421010948544456,-0.0032856122023236845,-0.0005042207707039698,2282.152038033736
-0.14678542415381607,-0.2874886401599406,0.0025289075360663367,-1.2033535932269387e-05,-0.0030337156419578196,-0.0005064546214746498,2285.0
-0.14678542415381607,-0.2874886401599406,0.0025289075360663367,-1.2033535932269387e-05,-0.0030337156419578196,-0.0005064546214746498,2285.0
-0.14678694363673955,-0.28802540820613864,0.0024390573122630736,-5.098555133339092e-06,-0.0030179930929278196,-0.0005065470982005058,2285.177393863259
-0.14673466011708433,-0.29323957537493484,0.0015398352321883985,6.395670673409407e-05,-0.0028605858177306277,-0.0005071787417126198,2286.9513324958502
-0.14636020645009562,-0.30154731859103295,-6.570629535003567e-06,0.00018145499412547026,-0.002589352471664944,-0.0005070489175071386,2290.0
-0.14636020645009562,-0.30154731859103295,-6.570629535003567e-06,0.00018145499412547026,-0.002589352471664944,-0.0005070489175071386,2290.0
-0.14633456904665576,-0.30190700240215507,-7.717047966712038e-05,0.00018678578340382065,-0.002576943298621666,-0.0005070071234272244,2290.1392424312426
-0.14603744507779517,-0.305408762972764,-0.0007827664597520604,0.0002399403287046016,-0.0024527618657094945,-0.0005064202599926925,2291.531666743668
-0.14497718394909148,-0.31337846435498745,-0.0025349286082607023,0.00037118959472957945,-0.0021427833788535207,-0.0005036489719002829,2295.0
-0.14497718394909148,-0.31337846435498745,-0.0025349286082607023,0.00037118959472957945,-0.0021427833788535207,-0.0005036489719002829,2295.0
-0.1449105145608181,-0.31375847202834994,-0.0026245635345873296,0.00037788391191350323,-0.002126850938305522,-0.0005034572388624064,2295.1780047716366
-0.14417841623559546,-0.31740249218309646,-0.0035188728802830038,0.00044461179039789414,-0.001967408818562689,-0.0005012789876036278,2296.958052488002
-0.14265354215499543,-0.32297225929745843,-0.005036773014520837,0.0005577744159738606,-0.0016944723537037185,-0.0004964748755568688,2300.0
-0.14265354215499543,-0.32297225929745843,-0.005036773014520837,0.0005577744159738606,-0.0016944723537037185,-0.0004964748755568688,2300.0
-0.1425436613711125,-0.3233021930915847,-0.0051339119299474495,0.0005650206505947707,-0.001676892670136224,-0.0004961196362333223,2300.195727105338
-0.14136700744250422,-0.32641220531508836,-0.006101269470412043,0.0006372508126601874,-0.0015009789325259716,-0.000492264757205556,2302.1529981587173
-0.13940403472658175,-0.33032083704937265,-0.0074936550004351616,0.0007415822471744128,-0.0012447411484331553,-0.00048568636247047956,2305.0
-0.13940403472658175,-0.33032083704937265,-0.0074936550004351616,0.0007415822471744128,-0.0012447411484331553,-0.00048568636247047956,2305.0
-0.13925131174752373,-0.33057400447599544,-0.0075931234717301985,0.0007490606592010739,-0.001226284253725269,-0.0004851688062591147,2305.2049087736004
-0.13763997075617773,-0.33289759201199753,-0.008581744208784112,0.0008236076097429321,-0.0010416073640153124,-0.00047967123874593923,2307.253996509605
-0.13524192011058142,-0.33541772110811946,-0.009887793904108108,0.0009228407569311181,-0.0007938272122120201,-0.0004713921962203184,2310.0
-0.13524192011058142,-0.33541772110811946,-0.009887793904108108,0.0009228407569311181,-0.0007938272122120201,-0.0004713921962203184,2310.0
-0.13504999536594445,-0.33558021336061594,-0.009985366624735339,0.0009302980284224242,-0.0007751250145324793,-0.0004707253770798919,2310.207134696754
-0.13304596366511737,-0.3369920029826545,-0.010953262534875288,0.0010046334086514347,-0.0005880071425840218,-0.00046373369043640393,2312.278481664295
-0.13017965850966778,-0.3382574468745152,-0.012201838204993244,0.001101642644445295,-0.00034190010328055844,-0.0004536560123644798,2315.0
-0.13017965850966778,-0.3382574468745152,-0.012201838204993244,0.001101642644445295,-0.00034190010328055844,-0.0004536560123644798,2315.0
-0.12995604644095057,-0.33832476857341565,-0.012293542419511458,0.0011088276266619566,-0.00032359440899181456,-0.0004528661508287404,2315.20232074652
-0.1276401387885139,-0.3387942276790851,-0.013201577863212934,0.0011804440622566834,-0.00014045482839325298,-0.00044466051425504755,2317.2255282117194
-0.12422957685908832,-0.3388352523494556,-0.014418648964527873,0.0012779483999032656,0.00011092713331789172,-0.0004324995568761159,2320.0
-0.12422957685908832,-0.3388352523494556,-0.014418648964527873,0.0012779483999032656,0.00011092713331789172,-0.0004324995568761159,2320.0
-0.12397663997810696,-0.33881159040417413,-0.014503930979158421,0.001284857324910375,0.00012882059646388092,-0.00043159377208992793,2320.197390545547
-0.12137243002285951,-0.338380659616532,-0.015346714380840185,0.0013537062290067165,0.0003078294009380559,-0.00042224180848061103,2322.1712960010173
-0.11740454263168759,-0.33714681484960607,-0.016521092848145826,0.0014515800045651894,0.0005645907056675291,-0.00040790331099555373,2325.0
-0.11740454263168759,-0.33714681484960607,-0.016521092848145826,0.0014515800045651894,0.0005645907056675291,-0.00040790331099555373,2325.0
-0.117099519556838,-0.33702647569201644,-0.01660647771962327,0.0014587984353656733,0.0005836262796068364,-0.0004067958904402628,2325.2096105271385
-0.11396629420531532,-0.3356035704806232,-0.017447311789542425,0.0015306763082196606,0.0007740645322676576,-0.0003953838066442358,2327.305715798523
-0.10971868756287742,-0.333188018573613,-0.018491832306978904,0.0016222071055856618,0.0010190708227132978,-0.0003798047285254949,2330.0
-0.10971868756287742,-0.333188018573613,-0.018491832306978904,0.0016222071055856618,0.0010190708227132978,-0.0003798047285254949,2330.0
-0.10936338605607372,-0.3329631527986778,-0.01857468653950643,0.0016295914252481745,0.001038951843081181,-0.0003784947894924212,2330.2185260726746
-0.10572191552003271,-0.33047547584792936,-0.01938719548088112,0.0017030448108907522,0.0012378544277295354,-0.00036501659875807417,2332.403786799421
-0.10118819532354828,-0.32695475401864177,-0.020313107882137752,0.0017893348324438004,0.0014743840998651223,-0.00034809685112658246,2335.0
-0.10118819532354828,-0.32695475401864177,-0.020313107882137752,0.0017893348324438004,0.0014743840998651223,-0.00034809685112658246,2335.0
-0.10078495945256893,-0.32662087733756434,-0.020391220712851762,0.001796762107249344,0.0014948823852163682,-0.0003465828858230767,2335.224888347276
-0.09666112137630417,-0.3230284882244344,-0.02115329367020591,0.0018705386674853037,0.001699969601411173,-0.00033102400257688274,2337.473771820038
-0.09183221673497335,-0.3184427405481901,-0.021966499763869763,0.001952264463787328,0.0019305816450837726,-0.0003126212385168613,2340.0
-0.09183221673497335,-0.3184427405481901,-0.021966499763869763,0.001952264463787328,0.0019305816450837726,-0.0003126212385168613,2340.0
-0.09138484203033588,-0.3179987760360802,-0.02203780835239132,0.0019596059084554312,0.001951471987837618,-0.0003109041122002252,2340.2287266453986
-0.08681923952364849,-0.3132962371380699,-0.022728925975870493,0.0020323908115739723,0.0021604932512861146,-0.0002932733794048929,2342.515993099385
-0.08167400641804841,-0.3076473660842191,-0.02343264830783599,0.0021100431624359035,0.0023877438553296586,-0.0002731584871741844,2345.0
-0.08167400641804841,-0.3076473660842191,-0.02343264830783599,0.0021100431624359035,0.0023877438553296586,-0.0002731584871741844,2345.0
-0.08118840296429525,-0.3070963615004889,-0.023495187213629684,0.00211715293736755,0.002408774525559751,-0.0002712438166585037,2345.2297519095623
-0.07624315764378256,-0.30132045977220356,-0.024095982231471406,0.0021874588567109858,0.0026192121325195328,-0.0002515985853987016,2347.5272710051854
-0.07074236835895957,-0.29456356015204005,-0.02469091617272326,0.0022613890333375254,0.0028459717598847945,-0.00022941410260677477,2350.0
-0.07074236835895957,-0.29456356015204005,-0.02469091617272326,0.0022613890333375254,0.0028459717598847945,-0.00022941410260677477,2350.0
-0.07022682055364622,-0.2939133248493537,-0.0247429011509931,0.0022681034861745724,0.002866860278186288,-0.0002273134672742918,2350.227640282843
-0.06498805159249649,-0.2871493316687589,-0.025236026054298803,0.002334265119804806,0.003075885679569816,-0.0002057722699598976,2352.504043111272
-0.059073563258583185,-0.2791857275960301,-0.025718964326515964,0.002404578590530987,0.0033053703896278584,-0.0001809977657881892,2355.0
-0.059073563258583185,-0.2791857275960301,-0.025718964326515964,0.002404578590530987,0.0033053703896278584,-0.0001809977657881892,2355.0
-0.05853854975094686,-0.278448957117307,-0.02575893259205053,0.0024107216578104504,0.003325815219879652,-0.0001787285459236099,2355.222213814948
-0.05311426023114536,-0.2708312711341896,-0.02613044244788918,0.0024709513100581552,0.0035304042501772877,-0.0001554693952092358,2357.44435196443
-0.04671391607617134,-0.26150780291183084,-0.02649220163670937,0.002537274444728438,0.003766015034462138,-0.00012739285779089955,2360.0
-0.04671391607617134,-0.26150780291183084,-0.02649220163670937,0.002537274444728438,0.003766015034462138,-0.00012739285779089955,2360.0
-0.0461719955111199,-0.2607021970958275,-0.026519124461036256,0.0025426608596894047,0.003785698772235988,-0.00012497875042347814,2360.213357094227
-0.040690647789261215,-0.25241506352949517,-0.026759583510778822,0.0025950831092704206,0.003982661194007182,-0.00010024470513644875,2362.346928036496
-0.03372351076565083,-0.2415235535017224,-0.026983048240430612,0.002656254263083769,0.004227880735322232,-6.791146416941945e-05,2365.0
-0.03372351076565083,-0.2415235535017224,-0.026983048240430612,0.002656254263083769,0.004227880735322232,-6.791146416941945e-05,2365.0
-0.033190343422711675,-0.2406737747193233,-0.02699641541069767,0.0026606835005125147,0.004246429020808801,-6.538912021110726e-05,2365.2005541062085
-0.027810986882037942,-0.23197133144029225,-0.027101840509000816,0.002703286354554897,0.004431994190617308,-3.955825596540935e-05,2367.206095168294
-0.020181623905976092,-0.21922741193133344,-0.027159923322063555,0.0027569707747568555,0.004690690292676118,-1.6277544750471586e-06,2370.0
-0.020181623905976092,-0.21922741193133344,-0.027159923322063555,0.0027569707747568555,0.004690690292676118,-1.6277544750471586e-06,2370.0
-0.019680478011075163,-0.21837373926397688,-0.027159987285086944,0.0027602110194441345,0.004707514959543237,9.253263998634819e-07,2370.181667168984
-0.014637825424869511,-0.20966890380216657,-0.02713474362889067,0.002790735237484519,0.004875761025266905,2.7047349820603302e-05,2371.9983388588234
-0.006195032150293699,-0.19461647417654043,-0.026985827997847493,0.002832813663653322,0.005153572873549138,7.271867520328259e-05,2375.0
-0.006195032150293699,-0.19461647417654043,-0.026985827997847493,0.002832813663653322,0.005153572873549138,7.271867520328259e-05,2375.0
-0.005780552107611101,-0.19386167967802573,-0.026975022395766265,0.0028345675044741028,0.005167097105569266,7.50329256001754e-05,2375.146268503773
-0.0016224985987446459,-0.1862049894596275,-0.026848112426009058,0.0028504181892833923,0.005302229336975486,9.863956890472052e-05,2376.608953541505
0.008088786029957705,-0.1676951954264951,-0.02641635762335096,0.0028738394851499835,0.005614255116989171,0.00015685250168157283,2380.0
0.008088786029957705,-0.1676951954264951,-0.02641635762335096,0.0028738394851499835,0.005614255116989171,0.00015685250168157283,2380.0
0.008527665871989474,-0.16683682816501846,-0.026392196765988207,0.002874399320777469,0.005628243773141359,0.00015959716271550254,2380.1527004240997
0.012919759976141,-0.15813589212309612,-0.026127204257715315,0.0028773391650139743,0.005767704772801397,0.00018767015997678466,2381.6797046650972
0.02246021779901239,-0.13848660749545288,-0.025397411786482516,0.0028646967835440984,0.006067068718751844,0.0002529304950354826,2385.0
0.02246021779901239,-0.13848660749545288,-0.025397411786482516,0.0028646967835440984,0.006067068718751844,0.0002529304950354826,2385.0
0.022982132797442233,-0.13737948255663016,-0.02535097633048502,0.0028631450789304664,0.006083285664856538,0.0002566877273288611,2385.1822374034323
0.028182166787252844,-0.12614676469877695,-0.024848270874156402,0.0028419686649197684,0.006243713130507924,0.00029535040631047387,2387.004611437755
0.03661320122530151,-0.10706031204910418,-0.02386310142772327,0.002781617709290157,0.006497712856291958,0.00036338825181555004,2390.0
0.03661320122530151,-0.10706031204910418,-0.02386310142772327,0.002781617709290157,0.006497712856291958,0.00036338825181555004,2390.0
0.037149534751641906,-0.10580479108623729,-0.02379252999834766,0.00277649856619395,0.006513515115352076,0.0003679630250710758,2390.1929901832373
0.04245234951267891,-0.09308523050700789,-0.023037393141249533,0.0027160510887032797,0.006666364032146274,0.0004149813427065585,2392.12289201561
0.050098113550505446,-0.07360367373213328,-0.02173810536036224,0.002591659651446087,0.00687034749141547,0.00048886124911462,2395.0
0.050098113550505446,-0.07360367373213328,-0.02173810536036224,0.002591659651446087,0.00687034749141547,0.00048886124911462,2395.0
0.0505867892217865,-0.07230465823685206,-0.021645285892562094,0.0025819659771098933,0.006882426489469666,0.0004938294505896001,2395.1889091634307
0.05536586087770533,-0.05919641595596205,-0.020665177309236008,0.0024745225427024375,0.006991733250395096,0.0005439001440654726,2397.078000797738
0.06231231498648102,-0.03857670661389638,-0.01896338036185717,0.002273736221802507,0.007110266428875627,0.0006203446904568824,2400.0
0.06231231498648102,-0.03857670661389638,-0.01896338036185717,0.002273736221802507,0.007110266428875627,0.0006203446904568824,2400.0
0.06269712075365759,-0.03736959139520195,-0.01885773418448756,0.002260997859430894,0.007114961694839655,0.0006246407558579054,2400.169714197916
0.06642342075454036,-0.025263121416122986,-0.017762024236451485,0.0021290156222258804,0.0071475368257538936,0.0006661095813188158,2401.866856177078
0.07269652568851115,-0.002859419598948223,-0.015566491837280769,0.0018745329021589866,0.007139124283140828,0.0007330029429254175,2405.0
0.07269652568851115,-0.002859419598948223,-0.015566491837280769,0.0018745329021589866,0.007139124283140828,0.0007330029429254175,2405.0
0.07289739814921899,-0.0020927086623394736,-0.015487651605161273,0.0018657987701891075,0.00713734263876484,0.0007350325121452014,2405.10740894225
0.07485473561306434,0.005561998100347335,-0.014687641261408684,0.0017790487972033713,0.007114570429976324,0.0007543119522991787,2406.18149836475
0.08107924468964224,0.03248301995562206,-0.01169734947382221,0.0014858460580331016,0.006971106194691828,0.0008081912582614501,2410.0
0.08107924468964224,0.03248301995562206,-0.01169734947382221,0.0014858460580331016,0.006971106194691828,0.0008081912582614501,2410.0
0.08132247477287177,0.033628126869932405,-0.011564364793233035,0.0014739078809482417,0.006963098874272651,0.000810025784453327,2410.164358877466
0.08364879924076841,0.04500294515703476,-0.010219086449201893,0.0013579058448490921,0.006876419225675986,0.0008263867246293268,2411.807947652125
0.0876454419043255,0.06664786712520217,-0.007542217515696777,0.0011499397861637552,0.006679936526940292,0.000848946797512579,2415.0
0.0876454419043255,0.06664786712520217,-0.007542217515696777,0.0011499397861637552,0.006679936526940292,0.000848946797512579,2415.0
0.08785032146615186,0.06784266412555075,-0.007390151294841444,0.0011389328406828571,0.006668013496120493,0.0008498925848631596,2415.179023110416
0.08979297074063002,0.07967053612511088,-0.005861215953625159,0.0010323976524624391,0.006544550721352996,0.000857710669978096,2416.969254214576
0.09266498356925798,0.09917069844231938,-0.003249025447767169,0.0008655141978212181,0.006320996251688302,0.0008649184043725414,2420.0
0.09266498356925798,0.09917069844231938,-0.003249025447767169,0.0008655141978212181,0.006320996251688302,0.0008649184043725414,2420.0
0.09280720164018268,0.10021351429383683,-0.003106174964351615,0.0008568733855195984,0.006308373476291985,0.000865117920522897,2420.165141305446
0.0941522431725465,0.11052580955989112,-0.0016764296600249391,0.0007727701956052629,0.006180077512909146,0.0008661335598646157,2421.816554359906
0.09636784441465583,0.12979459989987194,0.001078264725350034,0.0006213960593055669,0.0059237767458608,0.0008635809481909695,2425.0
0.09636784441465583,0.12979459989987194,0.001078264725350034,0.0006213960593055669,0.0059237767458608,0.0008635809481909695,2425.0
0.09645719629921562,0.1306500591024612,0.0012030831435376405,0.0006148330232789859,0.005911896665634753,0.0008633382878277907,2425.1445560298175
0.0972992122574566,0.139109699472752,0.0024490581374956963,0.0005505312451472523,0.005792122720815513,0.0008603625552392444,2426.5901163279927
0.09892944236729871,0.15837034566835773,0.005366040975717867,0.00040757069237753617,0.00550354065189451,0.0008497412921800512,2430.0
0.09892944236729871,0.15837034566835773,0.005366040975717867,0.00040757069237753617,0.00550354065189451,0.0008497412921800512,2430.0
0.09900200194906944,0.15935751507766047,0.005518611007767469,0.0004003517454649802,0.005488134186639581,0.0008490539252780584,2430.1796212404315
0.09965725681157003,0.16907639510000794,0.007037114741007045,0.00032970205234847134,0.005333109923346064,0.0008415395344016319,2431.9758336447467
0.1004815034283498,0.1848057193732026,0.009559995685378573,0.00021654689104120834,0.005068648074320816,0.0008264587848006011,2435.0
0.1004815034283498,0.1848057193732026,0.009559995685378573,0.00021654689104120834,0.005068648074320816,0.0008264587848006011,2435.0
0.10052344277342472,0.1858021263814347,0.009722635380378201,0.00020941187628029784,0.005051294397545652,0.0008253791231113191,2435.1969194522517
0.10086654697488168,0.19557770339322683,0.011336916509634686,0.0001394815145795441,0.004876979789625609,0.0008139740169389997,2437.1661139747685
0.10112403908984378,0.2090404991905004,0.013618283121081647,4.3018442172245474e-05,0.004623917061842572,0.0007957478103190413,2440.0
0.10112403908984378,0.2090404991905004,0.013618283121081647,4.3018442172245474e-05,0.004623917061842572,0.0007957478103190413,2440.0
0.10113225073927769,0.20999801017107744,0.013783250899867362,3.6135514485058694e-05,0.004605296310255466,0.0007943347380355811,2440.207495642818
0.1011367208513505,0.21936016977213516,0.015416398099018827,-3.146031151559257e-05,0.0044184829210210394,0.0007796510687418787,2442.2824520709955
0.10093443937705368,0.23103348587712813,0.017507412451725022,-0.00011684666972054344,0.00417232059586382,0.0007589864521231144,2445.0
0.10093443937705368,0.23103348587712813,0.017507412451725022,-0.00011684666972054344,0.00417232059586382,0.0007589864521231144,2445.0
0.10090842257223931,0.23193460465748053,0.01767153711702969,-0.00012350569001102067,0.004152644948187646,0.0007572742717354406,2445.2164858489346
0.10056978447522759,0.2407111546708876,0.019292010929813176,-0.0001890263414049746,0.0039554118890519595,0.0007396455497192089,2447.38134433828
0.09997363865519784,0.2507555028997639,0.021199705028538646,-0.0002658597751585298,0.0037157877564214454,0.0007171507507009525,2450.0
0.09997363865519784,0.2507555028997639,0.021199705028538646,-0.0002658597751585298,0.0037157877564214454,0.0007171507507009525,2450.0
0.09991334013712697,0.251585842244385,0.02136018390960488,-0.0002723193713771539,0.003695234497556679,0.0007151691245838092,2450.224082233738
0.09923147783375474,0.2596356270106142,0.02294018066280795,-0.0003359863099834641,0.0034893242191773584,0.0006948842799807475,2452.4649045711185
0.0982904317700601,0.26818532326352157,0.024671657777435702,-0.00040610574904380965,0.0032556197345704387,0.0006709524191212828,2455.0
0.0982904317700601,0.26818532326352157,0.024671657777435702,-0.00040610574904380965,0.0032556197345704387,0.0006709524191212828,2455.0
0.09819651090199262,0.26893006906023453,0.024825389874119617,-0.00041236009036934516,0.0032344264821354387,0.0006687363263435993,2455.229503970659
0.09717900653755848,0.27610976807221843,0.02633438831296007,-0.0004740987692435255,0.003022195337437704,0.0006461424413487724,2457.5245436772507
0.09592456960409498,0.2833071689591993,0.02790284768016462,-0.000539144016705057,0.002792723754021441,0.0006209226432919595,2460.0
0.09592456960409498,0.2833071689591993,0.02790284768016462,-0.000539144016705057,0.002792723754021441,0.0006209226432919595,2460.0
0.0957984895746251,0.28395410888422146,0.02804696314948221,-0.0005451773238595406,0.002771139748267849,0.0006185094604282467,2460.2325505787517
0.09446109203416618,0.29014724956413707,0.029456926739290287,-0.0006048140450885881,0.002555064979725098,0.0005939789630605362,2462.5580563662684
0.09290902985634614,0.2961091111508679,0.030875170917944797,-0.0006661422472621376,0.0023277494970047104,0.0005674648972516885,2465.0
0.09290902985634614,0.2961091111508679,0.030875170917944797,-0.0006661422472621376,0.0023277494970047104,0.0005674648972516885,2465.0
0.09275314563616585,0.29664894316418455,0.031007089922687938,-0.0006719290496952832,0.0023060398647130214,0.0005648954237071513,2465.232998051487
0.09112064083644772,0.3017689061111286,0.03229305401477822,-0.0007291937971075584,0.0020887607439825625,0.0005388360171248133,2467.562978566356
0.08927174007611588,0.3065820054667217,0.033572296169434475,-0.0007879647978074161,0.0018611718037680497,0.0005108893184493644,2470.0
0.08927174007611588,0.3065820054667217,0.033572296169434475,-0.0007879647978074161,0.0018611718037680497,0.0005108893184493644,2470.0
0.08908928137770225,0.3070089829462778,0.03368987453868269,-0.0007934738114366779,0.0018396069895650021,0.0005082069468220484,2470.230750040607
0.08719520404160515,0.31100495843500675,0.034831347797374915,-0.0008480387614111062,0.0016238180333899978,0.0004810526345613713,2472.538250446675
0.08503693603006947,0.31471875824175,0.03597925908878137,-0.0009052320122452447,0.0013933430497564607,0.0004514356803568154,2475.0
0.08503693603006947,0.31471875824175,0.03597925908878137,-0.0009052320122452447,0.0013933430497564607,0.0004514356803568154,2475.0
0.08483190443210742,0.3150310524398096,0.03608090424679085,-0.000910429708158421,0.0013721867475214675,0.00044868499381085254,2475.225847619034
0.08271739045653641,0.31789111336999365,0.037062952867274845,-0.0009619451473239205,0.0011605164841773975,0.0004208815668459945,2477.484323809375
0.0802262768680316,0.3205138058487409,0.03808215219720138,-0.0010183593570542333,0.000924527507241592,0.00038928910408759707,2480.0
0.0802262768680316,0.3205138058487409,0.03808215219720138,-0.0010183593570542333,0.000924527507241592,0.00038928910408759707,2480.0
0.08000343310622202,0.3207133996809798,0.03816683385325412,-0.0010232096022163041,0.000904039567490733,0.0003865161785931864,2480.218306243651
0.07771707345701692,0.322463280369118,0.03898015529756978,-0.0010713014196102805,0.000699079483759323,0.0003585243021500339,2482.4013686801622
0.0748598034608042,0.32396273603317005,0.03986788038873054,-0.0011275817118371488,0.0004549246653082657,0.00032459090796945796,2485.0
0.0748598034608042,0.32396273603317005,0.03986788038873054,-0.0011275817118371488,0.0004549246653082657,0.00032459090796945796,2485.0
0.0746250148126115,0.32405524548054243,0.039935049413013776,-0.0011320393581559004,0.0004353924672248216,0.00032184773144210203,2485.2078123056253
0.07222644707054178,0.324757049505238,0.04057521987011175,-0.0011762469236907258,0.00024001078492307313,0.0002941878232138256,2487.2859353618787
0.06895680497804009,0.32506200748340236,0.04132396197948165,-0.0012329661669339116,-1.5314252605388534e-05,0.00025744617192472043,2490.0
0.06895680497804009,0.32506200748340236,0.04132396197948165,-0.0012329661669339116,-1.5314252605388534e-05,0.00025744617192472043,2490.0
0.06871688562182474,0.3250572566035824,0.04137371808371273,-0.0012369835789773436,-3.359581270353141e-05,0.00025478838797007966,2490.194270558982
0.06627499242149423,0.324814381949225,0.04184274951014572,-0.001276824826280839,-0.00021645462376677427,0.00022801731036459504,2492.1369761488045
0.06253664716226627,0.32380874071701793,0.042438360933982094,-0.0013344147051206855,-0.00048607391485702353,0.0001879287671076652,2495.0
0.06253664716226627,0.32380874071701793,0.042438360933982094,-0.0013344147051206855,-0.00048607391485702353,0.0001879287671076652,2495.0
0.06225911305698638,0.3237057711980332,0.042477081304653434,-0.0013385405781859623,-0.0005056351258586606,0.000184990029158729,2495.207660771559
0.059436945272496156,0.3224526305990035,0.04283056344531128,-0.001379390313570992,-0.0007012884087987956,0.00015538644169982302,2497.2842684871484
0.05561962086645182,0.3202005639817572,0.043199331099833774,-0.0014316534433789594,-0.0009572649488440539,0.00011608119917112365,2500.0
0.05561962086645182,0.3202005639817572,0.043199331099833774,-0.0014316534433789594,-0.0009572649488440539,0.00011608119917112365,2500.0
0.05531034068645545,0.31999186785108563,0.04322403229997835,-0.0014357488420863188,-0.0009776023396238583,0.00011292829382339965,2500.2157214031076
0.05216931796765023,0.3176635817472383,0.04343346165495749,-0.0014762109043164838,-0.0011810133596431857,8.11682428920058e-05,2502.372935434184
0.048227836303236425,0.31423550936275346,0.043595283649051804,-0.0015242246415144624,-0.001428813607073957,4.192413161425647e-05,2505.0
0.048227836303236425,0.31423550936275346,0.043595283649051804,-0.0015242246415144624,-0.001428813607073957,4.192413161425647e-05,2505.0
0.04789348349739818,0.313920226773947,0.043604106470818915,-0.0015281653776018412,-0.0014494813777531522,3.862092870821628e-05,2505.219075946825
0.04450291717184732,0.3105183471615915,0.04365235101159683,-0.0015669897867438048,-0.0016561902182689395,5.350442308018866e-06,2507.4098354150738
0.040386224385352304,0.3059119586557638,0.04361467119445699,-0.0016114515423876492,-0.0019006518074034598,-3.4546480497982905e-05,2510.0
0.040386224385352304,0.3059119586557638,0.04361467119445699,-0.0016114515423876492,-0.0019006518074034598,-3.4546480497982905e-05,2510.0
0.040034448406999205,0.3054952791996446,0.043606768930105684,-0.0016151214009314378,-0.0019212337229992415,-3.793573543101353e-05,2510.2180491596437
0.03647319302338786,0.3010816342484124,0.043486917635853904,-0.0016511393517868044,-0.002127075534736686,-7.206733661497254e-05,2512.3985407560804
0.03212374019422106,0.2952286482823726,0.04324586165388736,-0.0016923916950216963,-0.0023727030502394197,-0.00011336059138518041,2515.0
0.03212374019422106,0.2952286482823726,0.04324586165388736,-0.0016923916950216963,-0.0023727030502394197,-0.00011336059138518041,2515.0
0.03176353026366765,0.2947219958508245,0.04322139528340781,-0.0016956774196544642,-0.002392780867431256,-0.00011676649873478821,2515.2126342022557
0.028123580497733752,0.28942065560437175,0.04293672697935313,-0.0017277553611130514,-0.0025935695955892524,-0.00015105816221694336,2517.3389762248125
0.02347485885778017,0.2821847589122359,0.04247700817281238,-0.0017657651651745523,-0.002844861849679949,-0.00019457440538453365,2520.0
0.02347485885778017,0.2821847589122359,0.04247700817281238,-0.0017657651651745523,-0.002844861849679949,-0.00019457440538453365,2520.0
0.023117640085623156,0.28160776074916205,0.042437339170415936,-0.0017685501682042986,-0.0028639504398666935,-0.0001979108422857338,2520.2021429792135
0.019515095598889892,0.2756255587863727,0.042003401480757555,-0.0017955362925507088,-0.00305482991476447,-0.00023149263386819393,2522.2235727713482
0.014481514314107137,0.2667801372425893,0.04129591826001601,-0.0018298466308939512,-0.0033169600268286342,-0.0002782702882954163,2525.0
0.014481514314107137,0.2667801372425893,0.04129591826001601,-0.0018298466308939512,-0.0033169600268286342,-0.0002782702882954163,2525.0
0.014142638387379398,0.26616460439017375,0.04124412356756062,-0.001832012601105602,-0.003334430912351401,-0.00028141893652135376,2525.185083947458
0.010732411328979506,0.2598314466473578,0.040694001413170235,-0.001852768578223369,-0.003509111423437945,-0.0003130959003102312,2527.0359234220405
0.005195705501876407,0.24901574446528515,0.03968991583194499,-0.0018823019006358784,-0.0037887069661730597,-0.00036455954059163545,2530.0
0.005195705501876407,0.24901574446528515,0.03968991583194499,-0.0018823019006358784,-0.0037887069661730597,-0.00036455954059163545,2530.0
0.004905682543408585,0.2484310837796606,0.039633557768111706,-0.0018837015811895505,-0.00380322823403773,-0.0003672615504854688,2530.1540215136306
0.0019940207484642996,0.24246148968555523,0.0390470130880049,-0.0018969050221758134,-0.003948393340684924,-0.00039442065689856477,2531.6942366499366
-0.004316867935471461,0.22889451400882546,0.03764569583227674,-0.0019199319431419228,-0.004259579853862068,-0.0004535821228614387,2535.0
-0.004316867935471461,0.22889451400882546,0.03764569583227674,-0.0019199319431419228,-0.004259579853862068,-0.0004535821228614387,2535.0
-0.004602658432319018,0.22825955600415063,0.03757799276734624,-0.001920782478427407,-0.004273573338929297,-0.000456274751457133,2535.1488214194273
-0.007467027374545223,0.22179548445556307,0.036878850941112665,-0.0019283251407046554,-0.004413414924139917,-0.00048333857902134865,2536.637035613701
-0.013971581291506052,0.2064229531343388,0.03514935668312394,-0.0019382825599735048,-0.004728623497040853,-0.0005454343122439014,2540.0
-0.013971581291506052,0.2064229531343388,0.03514935668312394,-0.0019382825599735048,-0.004728623497040853,-0.0005454343122439014,2540.0
-0.014323642220605627,0.20556257712911313,0.035049984758023164,-0.001938513371545145,-0.004745608017671546,-0.0005488236138193637,2540.1816244267648
-0.017845345330537665,0.1967893288839061,0.03402227131845882,-0.0019388964004957503,-0.004915169991871984,-0.0005829329021888854,2541.9978686944123
-0.023657176736690547,0.18161426394711327,0.03218656351031996,-0.001931013912536876,-0.005194013203315379,-0.0006401857868028266,2545.0
-0.023657176736690547,0.18161426394711327,0.03218656351031996,-0.001931013912536876,-0.005194013203315379,-0.0006401857868028266,2545.0
-0.02403883097392255,0.18058564329297522,0.03205962796875993,-0.0019300828392718038,-0.005212297318187332,-0.000643991919980427,2545.1976916734166
-0.02784310206989625,0.17010108965971188,0.0307487075913007,-0.0019176314833371884,-0.005394461248894989,-0.0006823142131692345,2547.174608407582
-0.03322364525742308,0.15449480553192535,0.028742605985338236,-0.0018887221847544613,-0.005652078014404784,-0.0007378935953931347,2550.0
-0.03322364525742308,0.15449480553192535,0.028742605985338236,-0.0018887221847544613,-0.005652078014404784,-0.0007378935953931347,2550.0
-0.03361072907932399,0.15333372539990314,0.028590855207301712,-0.0018860552589591933,-0.005670620712933381,-0.0007419610883264931,2550.205088864404
-0.03744809242980571,0.14151481752489034,0.027027286171301776,-0.0018545970083667176,-0.005854539153823809,-0.0007828846484408403,2552.2559775084433
-0.042462636895904134,0.12511812539638972,0.024803207498595485,-0.0017970966302670852,-0.006095047891472266,-0.0008382513780737761,2555.0
-0.042462636895904134,0.12511812539638972,0.024803207498595485,-0.0017970966302670852,-0.006095047891472266,-0.0008382513780737761,2555.0
-0.0428297970735723,0.12386930356721851,0.02463128076726577,-0.001792014707829929,-0.006112654173775328,-0.0008423985420057275,2555.204595578582
-0.04643935108290805,0.11118522430826423,0.02286527413073538,-0.0017343136354895242,-0.006285467550412672,-0.0008839605111674394,2557.2505513644023
-0.05107689151886763,0.09359744069947787,0.020358119496691782,-0.0016345221715877527,-0.006505404792849926,-0.0009397120698571964,2560.0
-0.05107689151886763,0.09359744069947787,0.020358119496691782,-0.0016345221715877527,-0.006505404792849926,-0.0009397120698571964,2560.0
-0.05139745041748061,0.09231692755576777,0.02017297256407759,-0.001626295996089257,-0.0065204315704983995,-0.0009436702467310182,2560.1966109999626
-0.05450804735644516,0.07935380348292524,0.01827897146862459,-0.0015351793211620536,-0.006663964759168872,-0.0009828285367505679,2562.162720999588
-0.05864285555155101,0.060183345480595556,0.01541284373416563,-0.0013732691092476282,-0.006842689594094487,-0.0010368309007287224,2565.0
-0.05864285555155101,0.060183345480595556,0.01541284373416563,-0.0013732691092476282,-0.006842689594094487,-0.0010368309007287224,2565.0
-0.058891281122398005,0.05893933390304832,0.015224184342865914,-0.001361637371225079,-0.006852673809093979,-0.0010401274551106606,2565.1816685676913
-0.06125410001761657,0.046406964326947776,0.013305597107490972,-0.001237187221212461,-0.006940467410020749,-0.0010715526559544354,2566.9983542446043
-0.06462500643613957,0.025423061062596005,0.010020825954995663,-0.0010041110284371604,-0.007027999334138266,-0.0011150155082472264,2570.0
-0.06462500643613957,0.025423061062596005,0.010020825954995663,-0.0010041110284371604,-0.007027999334138266,-0.0011150155082472264,2570.0
-0.06478048021682763,0.024327720991650165,0.00984692792743731,-0.000991340340092743,-0.007030320419401417,-0.0011169063380286916,2570.1558275941716
-0.06622469403297764,0.013361408270374023,0.008092985375075492,-0.0008618450289693263,-0.007040713808640125,-0.001133514784269289,2571.7141035358873
-0.06860753003326914,-0.009714011955448458,0.004329237960278352,-0.0005905977893697948,-0.0069883152331321995,-0.001154025250605718,2575.0
-0.06860753003326914,-0.009714011955448458,0.004329237960278352,-0.0005905977893697948,-0.0069883152331321995,-0.001154025250605718,2575.0
-0.06868413862080057,-0.010628322131457124,0.004178181742324457,-0.0005801541917910299,-0.006984303586426276,-0.0011544361924005005,2575.130871487554
-0.06937613758531748,-0.019739262452288908,0.0026654012207539177,-0.000478135023182384,-0.006937097013833259,-0.0011569423002022957,2576.4395863630943
-0.07061920777787706,-0.04413370465108586,-0.0014478730415733968,-0.0002269283457577048,-0.006754451745110482,-0.0011507063056667185,2580.0
-0.07061920777787706,-0.04413370465108586,-0.0014478730415733968,-0.0002269283457577048,-0.006754451745110482,-0.0011507063056667185,2580.0
-0.07065029183338406,-0.045077097687226064,-0.001608652467750093,-0.0002179109556160872,-0.006745970588817505,-0.0011501256669224184,2580.139757415379
-0.07089351359908586,-0.05444370431845372,-0.0032114019922585184,-0.00013119008555979804,-0.006656872784838353,-0.0011431451814457017,2581.5373315691677
-0.0710097900642711,-0.07707506026789077,-0.0071292028587725265,5.829050609400393e-05,-0.006409255506686893,-0.0011180850835717346,2585.0
-0.0710097900642711,-0.07707506026789077,-0.0071292028587725265,5.829050609400393e-05,-0.006409255506686893,-0.0011180850835717346,2585.0
-0.07099891476694307,-0.07818718259840696,-0.00732328094003025,6.691781628189125e-05,-0.006396036041972012,-0.0011165833676999067,2585.1736971616338
-0.07081028624686768,-0.0891800858639356,-0.00924905821040034,0.00014904522470661843,-0.006260567439834709,-0.0011005014301723865,2586.9106687779713
-0.07014498008219287,-0.10813385570068137,-0.012599598053018572,0.0002783343288637146,-0.006007693068305291,-0.001067820563426732,2590.0
-0.07014498008219287,-0.10813385570068137,-0.012599598053018572,0.0002783343288637146,-0.006007693068305291,-0.001067820563426732,2590.0
-0.07009083866944099,-0.10928557101388042,-0.012804372554373576,0.0002857323911101689,-0.005991572720065744,-0.0010656425237780764,2590.1919641862423
-0.06947379394054298,-0.1206310717380149,-0.014828572001165717,0.0003560641110351298,-0.005828247507325036,-0.001043055645124664,2592.1116060486656
-0.06830572260380496,-0.1371032549814281,-0.01778940584578994,0.00045064621375994304,-0.005576462806166292,-0.0010066655184730253,2595.0
-0.06830572260380496,-0.1371032549814281,-0.01778940584578994,0.00045064621375994304,-0.005576462806166292,-0.0010066655184730253,2595.0
-0.0682124692759404,-0.1382473616421017,-0.017996001169389327,0.0004569134004282583,-0.005558320140059476,-0.0010039798704610456,2595.205501301502
-0.0672113067458088,-0.1494823485300739,-0.020031152687587893,0.0005165514531745204,-0.005375499640673768,-0.000976510147873145,2597.2605143165215
-0.06569607090118351,-0.16387082614452803,-0.02265439184893277,0.0005882871241366655,-0.005128443238376553,-0.000938352650705631,2600.0
-0.06569607090118351,-0.16387082614452803,-0.02265439184893277,0.0005882871241366655,-0.005128443238376553,-0.000938352650705631,2600.0
-0.06556829583746616,-0.16497757197012305,-0.022856949110862806,0.0005936074405351252,-0.005108806326087137,-0.0009352737349898132,2600.2162193052573
-0.06422918415854947,-0.17581078001213946,-0.02484554140598291,0.0006443152309934686,-0.004911493008502864,-0.0009040072116363872,2602.37841235783
-0.06246549855514298,-0.18837092435446665,-0.027164642411685005,0.0007002426481388476,-0.0046702700148504965,-0.0008650485987862031,2605.0
-0.06246549855514298,-0.18837092435446665,-0.027164642411685005,0.0007002426481388476,-0.0046702700148504965,-0.0008650485987862031,2605.0
-0.06230773774653795,-0.1894173812377044,-0.027358523325251252,0.0007047757128591435,-0.004649519773308956,-0.0008616623071195253,2605.224566576891
-0.06067576971294912,-0.19962513623246944,-0.029255206580501708,0.0007480549475237948,-0.004441360973891974,-0.0008274203541501723,2607.470232345801
-0.058726027730292174,-0.2105628129760506,-0.03129880163494628,0.0007927007553956191,-0.004205617291897192,-0.0007880936039480972,2610.0
-0.058726027730292174,-0.2105628129760506,-0.03129880163494628,0.0007927007553956191,-0.004205617291897192,-0.0007880936039480972,2610.0
-0.05854287177461983,-0.21152968296157276,-0.03148003204246593,0.0007965702127363834,-0.004184081258820382,-0.0007844733922411983,2610.230489762531
-0.0566636326689384,-0.22092499182913583,-0.03324619483365163,0.0008335784317930338,-0.003968256881407694,-0.0007479668777922167,2612.5353873878394
-0.054563659285033254,-0.2304199598791247,-0.035040957215729605,0.0008700092199837231,-0.0037366519800681054,-0.0007083671602027731,2615.0
-0.054563659285033254,-0.2304199598791247,-0.035040957215729605,0.0008700092199837231,-0.0037366519800681054,-0.0007083671602027731,2615.0
-0.05435986286031534,-0.23129102453748857,-0.03520613259253068,0.0008733097865354487,-0.0037146423412228683,-0.0007045817390884077,2615.233802208521
-0.05228059870818062,-0.239718372037126,-0.036809006662018466,0.0009049314612200687,-0.0034942153071335674,-0.0006664823992362023,2617.5718242937305
-0.05004592264475492,-0.24792442266379242,-0.038378858096884405,0.0009352885453670324,-0.0032647214811049323,-0.0006264768346389938,2620.0
-0.05004592264475492,-0.24792442266379242,-0.038378858096884405,0.0009352885453670324,-0.0032647214811049323,-0.0006264768346389938,2620.0
-0.04982631905955369,-0.24868722123560086,-0.0385252773336455,0.0009380954590950136,-0.003242536500932671,-0.0006225912965912593,2620.2344454409235
-0.047595027097475734,-0.25602894668029325,-0.039939204868624845,0.0009650309502025474,-0.003020450983307858,-0.0005835393229123339,2622.578899850159
-0.04522697831175058,-0.26306371441109544,-0.04130283742651818,0.0009908159230024376,-0.002790701763484496,-0.0005428614797820772,2625.0
-0.04522697831175058,-0.26306371441109544,-0.04130283742651818,0.0009908159230024376,-0.002790701763484496,-0.0005428614797820772,2625.0
-0.0449962301397528,-0.26371028400426283,-0.0414286546005923,0.0009931919826782888,-0.0027686095933707766,-0.0005389348225039621,2625.2326077780467
-0.04265911202788004,-0.2698932074465248,-0.042636462608492375,0.0010160236736642043,-0.0025475206916146954,-0.0004995119631020511,2627.558685558514
-0.04015118125037824,-0.27582896064169404,-0.043805131007160936,0.0010382684525058342,-0.0023151847260046003,-0.0004578508860965479,2630.0
-0.04015118125037824,-0.27582896064169404,-0.043805131007160936,0.0010382684525058342,-0.0023151847260046003,-0.0004578508860965479,2630.0
-0.039913556401071644,-0.27635582950444737,-0.04390936907831101,0.0010402673271783422,-0.002293411332593043,-0.00045393387543362084,2630.2286461270555
-0.037512786623394793,-0.28135061088833363,-0.04490239226808897,0.0010594913081984798,-0.0020755600250571835,-0.00041464106937572466,2632.515107397611
-0.03485566121816717,-0.2862137690092683,-0.045879429890346664,0.0010788799951758743,-0.0018385847135285393,-0.00037170210185200026,2635.0
-0.03485566121816717,-0.2862137690092683,-0.045879429890346664,0.0010788799951758743,-0.0018385847135285393,-0.00037170210185200026,2635.0
-0.034614987901046126,-0.2866212277579262,-0.04596185335108229,0.0010805468728132361,-0.0018173174779823802,-0.00036783782007430245,2635.222904606623
-0.03218831762471471,-0.29043502028167306,-0.0467386383375858,0.001096579781801839,-0.001604564255164941,-0.00032910032453586273,2637.4519506728548
-0.029372264674675734,-0.2942135135403544,-0.04752057880261162,0.001113543721072304,-0.0013612021466265656,-0.00028462265522737144,2640.0
-0.029372264674675734,-0.2942135135403544,-0.04752057880261162,0.001113543721072304,-0.0013612021466265656,-0.00028462265522737144,2640.0
-0.029132082071422007,-0.2945047135545633,-0.0475815252137934,0.0011149151083068394,-0.0013406075274511244,-0.0002808496688417184,2640.215559222
-0.02671440306480451,-0.2971725077410795,-0.048146203527463904,0.0011280928041753119,-0.00113460752519334,-0.00024304859684744353,2642.3711514420015
-0.023729078286167934,-0.2998248720741486,-0.048724369912553106,0.0011428793090840698,-0.0008832634277559827,-0.00019678613453886357,2645.0
-0.023729078286167934,-0.2998248720741486,-0.048724369912553106,0.0011428793090840698,-0.0008832634277559827,-0.00019678613453886357,2645.0
-0.023492947130278236,-0.30000523642587973,-0.048764632300338,0.0011439830610603951,-0.000863514437288179,-0.00019314359536659758,2645.2065109069863
-0.021119431537865687,-0.3015845443973554,-0.04912584634336054,0.001154561421645146,-0.0006659911124728211,-0.0001566667905095069,2647.2716199768493
-0.01795168046499302,-0.30304552636566356,-0.049487402179750596,0.0011672759481388963,-0.0004049473467382477,-0.0001083432281664322,2650.0
-0.01795168046499302,-0.30304552636566356,-0.049487402179750596,0.0011672759481388963,-0.0004049473467382477,-0.0001083432281664322,2650.0
-0.0177237016654473,-0.3031227632253547,-0.04950821656435363,0.0011681317623034133,-0.0003862649847188825,-0.00010487867911268061,2650.195236729496
-0.015434995677771717,-0.303694507826871,-0.04967913410741419,0.00117629237693699,-0.00019942359058038237,-7.01985864727838e-05,2652.147604024458
-0.012064223792003491,-0.30387397317811765,-0.04980698860614873,0.0011869177963736927,7.359619182886022e-05,-1.943008609966175e-05,2655.0
-0.012064223792003491,-0.30387397317811765,-0.04980698860614873,0.0011869177963736927,7.359619182886022e-05,-1.943008609966175e-05,2655.0
-0.011846820735056938,-0.3038588915638371,-0.0498102477246493,0.0011875474779438032,9.11245376530259e-05,-1.6165791332612012e-05,2655.183117404902
-0.009666673902594703,-0.30353153546458245,-0.04980994908171789,0.0011934920682899102,0.0002664138771652499,1.649810502413246e-05,2657.014291453923
-0.006090426290789862,-0.30230941790512644,-0.04968109929024431,0.0012017954113302657,0.0005522314007775041,6.982555574015849e-05,2660.0
-0.006090426290789862,-0.30230941790512644,-0.04968109929024431,0.0012017954113302657,0.0005522314007775041,6.982555574015849e-05,2660.0
-0.005884929098485941,-0.3022136085487549,-0.04966890045529607,0.001202218042088576,0.0005685969192971569,7.288287579929573e-05,2660.170961696894
-0.00382617516467384,-0.30110163364009157,-0.04951815829458898,0.0012061229431232926,0.0007322486934808413,0.0001034661119220448,2661.8805786658363
-5.4535721296404636e-05,-0.29835173908771745,-0.049108322903589616,0.0012117052400471965,0.0010308226511288924,0.00015930299598833272,2665.0
-5.4535721296404636e-05,-0.29835173908771745,-0.049108322903589616,0.0012117052400471965,0.0010308226511288924,0.00015930299598833272,2665.0
8.861345060535498e-05,-0.2982292999993785,-0.04908937940681005,0.0012118763546582307,0.001042128073848758,0.00016141922334634383,2665.1181302438763
0.0015211484114246035,-0.29693145836280405,-0.04888619457936176,0.0012134214392801302,0.0011551763322589712,0.00018258233831512763,2666.2994326826392
0.006017673223499431,-0.29200151599152413,-0.048087875124581535,0.0012162366759077038,0.0015092228452145797,0.0002488710505798426,2670.0
0.006017673223499431,-0.29200151599152413,-0.048087875124581535,0.0012162366759077038,0.0015092228452145797,0.0002488710505798426,2670.0
0.006226298439609629,-0.29174123251683565,-0.04804492303783264,0.0012162900098917529,0.0015256298038720422,0.00025194158057271923,2670.171529559285
0.008312817874148443,-0.28898362699559077,-0.047586439091521104,0.0012164288619948328,0.0016896747797599534,0.00028263876828149516,2671.8868251521335
0.012097841336342991,-0.28326008695977084,-0.046619873762854896,0.001214762241641638,0.001987272358254915,0.0003382988892415911,2675.0
0.012097841336342991,-0.28326008695977084,-0.046619873762854896,0.001214762241641638,0.001987272358254915,0.0003382988892415911,2675.0
0.012331936746989116,-0.2828753179739835,-0.04655434395275002,0.0012145741002053732,0.0020056888987241834,0.0003417402671983982,2675.192723618961
0.014670509512297713,-0.27883245004021473,-0.04586258389137762,0.0012121156956400297,0.0021898037991472104,0.00037612988692271057,2677.119959808569
0.018153802632604937,-0.2721297438803795,-0.044705420961439014,0.0012063756712556344,0.0024647448446389222,0.00042742198348639794,2680.0
0.018153802632604937,-0.2721297438803795,-0.044705420961439014,0.0012063756712556344,0.0024647448446389222,0.00042742198348639794,2680.0
0.018402439978499507,-0.2716196186878595,-0.044616931812083954,0.0012058648654585421,0.0024844142696642496,0.0004310865578085532,2680.206146197643
0.020882459549534167,-0.26629541696206493,-0.04369052434148505,0.001199972126190326,0.002681019944528745,0.00046768563644410994,2682.267608174075
0.02414801770726985,-0.2586141065509523,-0.04234651242749402,0.0011898191693201605,0.002941328412140342,0.0005160450101895178,2685.0
0.02414801770726985,-0.2586141065509523,-0.04234651242749402,0.0011898191693201605,0.002941328412140342,0.0005160450101895178,2685.0
0.024404397693943855,-0.2579778582034567,-0.04223486292950054,0.0011888977145965475,0.0029618489377814037,0.0005198503226951113,2685.2155613036803
0.026956491765316726,-0.2513721944211159,-0.04107331006206722,0.0011786395656723596,0.0031669082128315896,0.0005578262185608624,2687.371174340483
0.03003556032833591,-0.24271867634008676,-0.03954623558420532,0.0011633732234661793,0.0034165706287314175,0.0006039228826666655,2690.0
0.03003556032833591,-0.24271867634008676,-0.03954623558420532,0.0011633732234661793,0.0034165706287314175,0.0006039228826666655,2690.0
0.030293616531335995,-0.24195801836048803,-0.039411762101918844,0.0011619362178400573,0.00343762643756668,0.0006078011816288303,2690.221953906055
0.03285557755142349,-0.23409457946782444,-0.03801977400909197,0.0011461908102725516,0.0036479502673889093,0.000646465427557239,2692.4414929666073
0.03576141340502435,-0.22445175209913787,-0.03630908458930312,0.001124685792304803,0.0038897845156120082,0.0006907319216901596,2695.0
0.03576141340502435,-0.22445175209913787,-0.03630908458930312,0.001124685792304803,0.0038897845156120082,0.0006907319216901596,2695.0
0.03601464353880266,-0.22357273766694014,-0.036152981076692445,0.001122606311162528,0.003911050671225704,0.0006946122226957399,2695.225364154685
0.038519762923030734,-0.21451928701694464,-0.03454398600680219,0.0011000099453527677,0.004123340076774177,0.0007332396234344133,2697.4790057015343
0.041256684403753456,-0.20382598314633862,-0.03264146351008223,0.001070502538790293,0.004359879174689694,0.0007760213304805442,2700.0
0.041256684403753456,-0.20382598314633862,-0.03264146351008223,0.001070502538790293,0.004359879174689694,0.0007760213304805442,2700.0
0.041497752079564555,-0.20284048041560696,-0.03246604736789532,0.001067627116097811,0.004380981296991438,0.0007798217442522616,2700.2254932559417
0.043870936654393414,-0.19272419935267215,-0.03066495063483797,0.0010365271150469717,0.004591411360395265,0.0008175711926361911,2702.480425815359
0.04643309095058974,-0.18086110770588545,-0.028552517385716444,0.000996229742623464,0.00482503590523831,0.0008591261276853449,2705.0
0.04643309095058974,-0.18086110770588545,-0.028552517385716444,0.000996229742623464,0.00482503590523831,0.0008591261276853449,2705.0
0.04665395478718233,-0.17978704897893372,-0.028361277637305903,0.000992369565068318,0.004845543576487169,0.0008627523180586324,2705.222129074162
0.0488130990727669,-0.16879663911731985,-0.026404859915370442,0.0009507291594424278,0.005049672011848797,0.0008986462743354478,2707.4434198157796
0.051174605430764346,-0.15558904370904436,-0.02405557322710154,0.0008952090214165595,0.005282045361575602,0.000939000167343139,2710.0
0.051174605430764346,-0.15558904370904436,-0.02405557322710154,0.0008952090214165595,0.005282045361575602,0.000939000167343139,2710.0
0.05136685662690367,-0.1544493769850191,-0.023852983986806034,0.0008901213130072687,0.005301470715899399,0.0009423442458465505,2710.2153662832056
0.053226184024269055,-0.1428237596947036,-0.021787878995775282,0.0008353200971653079,0.005494167995700049,0.000975246472262348,2712.369029115262
0.055324362654246485,-0.12806400323910522,-0.019170799760986054,0.0007575105116038642,0.0057248426271334875,0.0010138712917166905,2715.0
0.055324362654246485,-0.12806400323910522,-0.019170799760986054,0.0007575105116038642,0.0057248426271334875,0.0010138712917166905,2715.0
0.055479313357737016,-0.12688600613964718,-0.018962197942184962,0.0007508722215134432,0.005742587960002598,0.0010168007015872306,2715.2054507926005
0.05695023213608354,-0.1149073758485335,-0.016843650572631017,0.0006794490497045388,0.005917389558445724,0.0010452821472763292,2717.259958718605
0.058663946700498015,-0.09838422724038133,-0.013930487436113014,0.0005680970284343757,0.006141003344633529,0.001080478107852487,2720.0
0.058663946700498015,-0.09838422724038133,-0.013930487436113014,0.0005680970284343757,0.006141003344633529,0.001080478107852487,2720.0
0.058772387810691065,-0.09720162891814503,-0.013722448501290039,0.0005595054605674945,0.00615618578267494,0.0010828030089683873,2720.1923361626327
0.059761748324337796,-0.0852181288463878,-0.011618303387211513,0.00046733271416460136,0.006303296384598744,0.0011047795419600157,2722.11569778896
0.06088350915716913,-0.06674240189918593,-0.00839024219419638,0.000305488852288694,0.006502992542013173,0.0011323481000842682,2725.0
0.06088350915716913,-0.06674240189918593,-0.00839024219419638,0.000305488852288694,0.006502992542013173,0.0011323481000842682,2725.0
0.06093600612825243,-0.06560383516845919,-0.008192031447993043,0.00029468250271793775,0.006514068332537946,0.001133763793317864,2725.1749342249755
0.06135300433536063,-0.054116571323604444,-0.006197483928597687,0.0001800749020298947,0.006616516405618756,0.001145954219083349,2726.92427647473
0.06156255720076578,-0.03354340580702554,-0.0026522608382826326,-4.9421537011099935e-05,0.006749771711721857,0.0011568245223377383,2730.0
0.06156255720076578,-0.03354340580702554,-0.0026522608382826326,-4.9421537011099935e-05,0.006749771711721857,0.0011568245223377383,2730.0
0.061554402513745485,-0.03254795866747179,-0.0024817021441251638,-6.121413154937976e-05,0.006754307498839533,0.0011569466734548443,2730.147428756982
0.061375669450397,-0.022562292095296713,-0.0007762802120057709,-0.00018204983565726798,0.006788725798960422,0.0011559131996163863,2731.6217163268043
0.0602804215199893,0.0003995168941053964,0.0031038198972085764,-0.00046580614120763253,0.006785392995309676,0.0011374425575479696,2735.0
0.0602804215199893,0.0003995168941053964,0.0031038198972085764,-0.00046580614120763253,0.006785392995309676,0.0011374425575479696,2735.0
0.06023884616587975,0.0010003652437134095,0.0032045186691620296,-0.0004730993219727776,0.0067837271648871055,0.001136664787761747,2735.0885610507567
0.059787892139395483,0.006999412121366547,0.004207482842865223,-0.0005449554140064301,0.006762822190043278,0.0011281341076601504,2735.974171558323
0.05698687969297296,0.03390611017321763,0.008649394459372215,-0.000835257255412585,0.006583508532005584,0.0010752352251405845,2740.0
0.05698687969297296,0.03390611017321763,0.008649394459372215,-0.000835257255412585,0.006583508532005584,0.0010752352251405845,2740.0
0.05684898433686489,0.03498552154320598,0.0088256088804419,-0.0008455781797111655,0.0065738002126708335,0.001072702133297399,2740.1640775156516
0.055380814617626506,0.045687473729453976,0.010564240472183255,-0.0009419741327639458,0.0064689667636950035,0.001046266301902013,2741.8048526721673
0.05211360152167028,0.06598996887988567,0.013819565341287412,-0.0010961211045663129,0.006233668950529703,0.000990708799287835,2745.0
0.05211360152167028,0.06598996887988567,0.013819565341287412,-0.0010961211045663129,0.006233668950529703,0.000990708799287835,2745.0
0.05190904342380179,0.06714784043320772,0.014003489541070745,-0.0011038440104419232,0.006219021993515386,0.0009873621602791355,2745.1859630529016
0.04978889921740813,0.07857388580871076,0.01580821070750737,-0.0011743517972899891,0.006068269853638719,0.0009534658878382486,2747.0455935819173
0.04618058949288842,0.09613313228090366,0.018544273712603844,-0.0012641425588683032,0.005816458757821179,0.0008985772437748033,2750.0
0.04618058949288842,0.09613313228090366,0.018544273712603844,-0.0012641425588683032,0.005816458757821179,0.0008985772437748033,2750.0
0.0459271544097415,0.0972950598766422,0.01872367356614456,-0.001269358754172689,0.005798992408330342,0.000894831523268973,2750.2000657287076
0.04333915722610509,0.1087205514298041,0.020476386292758865,-0.0013162354016305236,0.005622113976187049,0.0008572830338223959,2752.2007230157838
0.039579221264986184,0.12410579142744582,0.022802494892029013,-0.0013675903696189792,0.005369310024035776,0.0008046550425460561,2755.0
0.039579221264986184,0.12410579142744582,0.022802494892029013,-0.0013675903696189792,0.005369310024035776,0.0008046550425460561,2755.0
0.03929354619818806,0.12522406411376769,0.02296996972397351,-0.0013708338154528217,0.0053502742363524,0.0008007327938794974,2755.208640979345
0.03640249799783586,0.13618747637236933,0.024599747412263062,-0.0013993182775595314,0.005158747995391716,0.0007615657601559897,2757.295050772796
0.032578117712774746,0.14980291150188424,0.02659129541397786,-0.0014267175089779185,0.004907896284650181,0.0007110036402703873,2760.0
0.032578117712774746,0.14980291150188424,0.02659129541397786,-0.0014267175089779185,0.004907896284650181,0.0007110036402703873,2760.0
0.03227617841166306,0.15083885989579449,0.026741257501383835,-0.0014284568024839882,0.004888185618979892,0.0007070607696901351,2760.21150255476
0.029238716424976913,0.16096858352297783,0.028195097069135037,-0.0014429612662622243,0.004690453934441949,0.0006677477329514575,2762.3265281023605
0.02536397848951677,0.17317278308858183,0.029914226322900406,-0.0014545225710496227,0.004439182163040244,0.0006183805756244042,2765.0
0.02536397848951677,0.17317278308858183,0.029914226322900406,-0.0014545225710496227,0.004439182163040244,0.0006183805756244042,2765.0
0.025060752160987076,0.17409598102120297,0.03004271376488049,-0.001455138196938605,0.00441954232989208,0.0006145461022085366,2765.208426804357
0.02202295504742282,0.18310257177058864,0.0312837293586969,-0.001459228054438226,0.004222811247366519,0.0005763355788303225,2767.292694847925
0.01807088014214643,0.19418825361676526,0.032777270163735064,-0.0014594347539681747,0.003966524379606379,0.0005270772961866143,2770.0
0.01807088014214643,0.19418825361676526,0.032777270163735064,-0.0014594347539681747,0.003966524379606379,0.0005270772961866143,2770.0
0.017779778531693213,0.19497758888892958,0.0328820482599068,-0.0014592426300310125,0.00394761393360882,0.0005234632599252617,2770.199474708309
0.014871882687803125,0.20266335010728873,0.033890270454844953,-0.0014558844652571106,0.00375833674561671,0.0004874537205114785,2772.1942217913993
0.010798268658037348,0.212834397427643,0.035187359398519885,-0.0014471016841857407,0.003491659750999427,0.00043721009957709234,2775.0
0.010798268658037348,0.212834397427643,0.035187359398519885,-0.0014471016841857407,0.003491659750999427,0.00043721009957709234,2775.0
0.010532611376569932,0.2134739489540395,0.03526734147096341,-0.0014463751258815443,0.0034741923593315906,0.0004339371135755776,2775.183624771566
0.007883991027948884,0.21969299964449115,0.036034180162752734,-0.001438160442993985,0.00329943429173231,0.0004013209633339877,2777.0198724872257
0.00362202656388065,0.2291027882481096,0.037151815236646825,-0.0014214307710066737,0.003015540808504469,0.00034882912349198963,2780.0
0.00362202656388065,0.2291027882481096,0.037151815236646825,-0.0014214307710066737,0.003015540808504469,0.00034882912349198963,2780.0
0.0034037259122021582,0.22956494202701344,0.03720519914241611,-0.0014204628026919157,0.003000898363301936,0.0003461368276532555,2780.1536303309604
0.0012291856096627797,0.23406273767995456,0.037716332600801206,-0.0014102521179225576,0.002854440355255837,0.0003192946248113031,2781.689933640564
-0.0033984734038486953,0.24298864776945428,0.038678143100187676,-0.0013851950103249391,0.0025387169542788078,0.00026196254520448466,2785.0
-0.0033984734038486953,0.24298864776945428,0.038678143100187676,-0.0013851950103249391,0.0025387169542788078,0.00026196254520448466,2785.0
-0.0036101700706803156,0.24337569486698427,0.03871799522618469,-0.001383943526435958,0.002524128621517749,0.0002593312671238364,2785.1528970565637
-0.005716382710623299,0.24712347813753183,0.039094432563473856,-0.0013710013621054224,0.00237822791037519,0.0002330995917709087,2786.6818676222006
-0.010215698055925964,0.25448932921735323,0.039774094163765907,-0.001340404855078098,0.002061513215263935,0.0001766823988317839,2790.0
-0.010215698055925964,0.25448932921735323,0.039774094163765907,-0.001340404855078098,0.002061513215263935,0.0001766823988317839,2790.0
-0.010462442916958746,0.25486745143448974,0.03980635361598571,-0.00133861231668917,0.002043927932827406,0.00017357319225086163,2790.1842053997525
-0.01291139789684221,0.25847050524216847,0.0400975250744449,-0.001320173404559495,0.0018680651989580628,0.00014260100158757508,2792.0262593972775
-0.01679076771967329,0.2636034848980846,0.04044778602561232,-0.0012885400720969453,0.0015841359710512422,9.306418797302364e-05,2795.0
-0.01679076771967329,0.2636034848980846,0.04044778602561232,-0.0012885400720969453,0.0015841359710512422,9.306418797302364e-05,2795.0
-0.017047999689544773,0.2639180913258395,0.04046605011269717,-0.0012863372275388895,0.0015650583162913373,8.975882816303483e-05,2795.199801218273
-0.019595749860808243,0.2668545104253789,0.040612469161867844,-0.001263793184768023,0.0013742827971168021,5.684980721241878e-05,2797.1978134010033
-0.023091117865733438,0.2703306442924511,0.04070761023639646,-0.0012306644092444099,0.0011067365989195427,1.1142791630081822e-05,2800.0
-0.023091117865733438,0.2703306442924511,0.04070761023639646,-0.0012306644092444099,0.0011067365989195427,1.1142791630081822e-05,2800.0
-0.023344982594223334,0.27055714201339354,0.04070956572638421,-0.0012281573928688747,0.0010870218034620587,7.79771453070479e-06,2800.206492860836
-0.025854804906552748,0.27259822462005934,0.04069124541539823,-0.0012026013089542027,0.0008898859123873597,-2.5493452927324435e-05,2802.271421469197
-0.02908866846952657,0.27467100565028874,0.04056216603430531,-0.0011675199395829222,0.0006294355245164813,-6.903305627513616e-05,2805.0
-0.02908866846952657,0.27467100565028874,0.04056216603430531,-0.0011675199395829222,0.0006294355245164813,-6.903305627513616e-05,2805.0
-0.029328365112664942,0.2747983647614888,0.04054764210848873,-0.0011648198130849358,0.0006098179793302942,-7.228986642901707e-05,2805.2055416704325
-0.03169448901303443,0.2758501992796758,0.040365703732731816,-0.0011373773179679644,0.0004136646916199767,-0.00010469303887954135,2807.260958374757
-0.03475836981378793,0.27662533937325084,0.040020332663144254,-0.001099584168903089,0.00015234414701864281,-0.0001473995308713387,2810.0
-0.03475836981378793,0.27662533937325084,0.040020332663144254,-0.001099584168903089,0.00015234414701864281,-0.0001473995308713387,2810.0
-0.03497448053264653,0.27665347160399195,0.03999102679545076,-0.0010968171914295115,0.00013357282254023418,-0.00015044492133724807,2810.196786076653
-0.03710537365922782,0.276731648108961,0.03966511657192681,-0.001068760892949739,-5.4110077022857936e-05,-0.00018073962600179095,2812.164646843184
-0.04007697816608342,0.2761949818506,0.03909136432170496,-0.0010271061878241797,-0.000324420169014431,-0.0002238698212603758,2815.0
-0.04007697816608342,0.2761949818506,0.03909136432170496,-0.0010271061878241797,-0.000324420169014431,-0.0002238698212603758,2815.0
-0.04028464046389411,0.2761273393457,0.039045725772241587,-0.001024077402446676,-0.00034371869919645515,-0.00022692451750648746,2815.202480337444
-0.04232724412809498,0.27523602922023416,0.038555448827476205,-0.0009933807031789418,-0.0005366591379691736,-0.00025729193257434125,2817.227283711882
-0.04502196962764012,0.27338190059727757,0.03778500512346239,-0.0009501264200563466,-0.0008007200821950231,-0.00029833388729799833,2820.0
-0.04502196962764012,0.27338190059727757,0.03778500512346239,-0.0009501264200563466,-0.0008007200821950231,-0.00029833388729799833,2820.0
-0.04522488685245015,0.2732084069623905,0.03772084048871427,-0.0009467309320003717,-0.0008210884442789344,-0.00030147285591072663,2820.213950797457
-0.04721374682321179,0.27123384055100824,0.03704241836204285,-0.0009122986439320925,-0.0010247039320091056,-0.0003326463535130743,2822.353458772028
-0.049570497970361574,0.2681888291865937,0.03611163023064728,-0.0008684745668240838,-0.0012763839029142567,-0.0003706481448079788,2825.0
-0.049570497970361574,0.2681888291865937,0.03611163023064728,-0.0008684745668240838,-0.0012763839029142567,-0.0003706481448079788,2825.0
-0.04976335167127478,0.2679024287532163,0.0360287938327197,-0.0008647271636355665,-0.0012975368998925008,-0.00037381348403825817,2825.2225401815836
-0.05164558421275309,0.2647795943136443,0.03516188530135034,-0.0008266892263566138,-0.0015089675640034667,-0.0004052113453764133,2827.447941997419
-0.05369831371996597,0.26061948213014297,0.034082433651746895,-0.0007817560980187578,-0.0017511875233154697,-0.00044062693304116083,2830.0
-0.05369831371996597,0.26061948213014297,0.034082433651746895,-0.0007817560980187578,-0.0017511875233154697,-0.00044062693304116083,2830.0
-0.05387664194711311,0.26021648485769655,0.03398129797973028,-0.0007776594138212123,-0.0017728812209264365,-0.00044376799314507206,2830.228711330589
-0.055607853896085344,0.25591373619461216,0.032930667869688804,-0.0007360170075728599,-0.001989676862027651,-0.0004748794427308025,2832.5158246364767
-0.05737857874222022,0.25067887494157803,0.03170966468665649,-0.000689323402910391,-0.0022248297344857923,-0.0005080313133804324,2835.0
-0.05737857874222022,0.25067887494157803,0.03170966468665649,-0.000689323402910391,-0.0022248297344857923,-0.0005080313133804324,2835.0
-0.05753825412687883,0.2501592921918817,0.03159124689195589,-0.0006848745071393101,-0.002246809338390951,-0.0005110963788829312,2835.2323902600388
-0.05907748443118507,0.2446826920773975,0.030368174435329597,-0.0006395680654546909,-0.0024664074738379926,-0.0005413990806513248,2837.5562928604263
-0.06058048055723191,0.23837379522035135,0.029006937184837097,-0.0005902233437214044,-0.0026968953617197864,-0.0005725507054864282,2840.0
-0.06058048055723191,0.23837379522035135,0.029006937184837097,-0.0005902233437214044,-0.0026968953617197864,-0.0005725507054864282,2840.0
-0.06071763424217206,0.23774197606170241,0.02887300407518737,-0.0005854159344816127,-0.0027188771187254615,-0.0005754844441788333,2840.2333255575986
-0.06202667352798813,0.2311419152178847,0.027496351370349257,-0.0005363484110745161,-0.0029384209139407882,-0.0006044191922572075,2842.566581133585
-0.06326751017141184,0.2237135065019792,0.025989652337527334,-0.0004831130227896112,-0.0031667969911549124,-0.0006337750700729307,2845.0
-0.06326751017141184,0.2237135065019792,0.025989652337527334,-0.0004831130227896112,-0.0031667969911549124,-0.0006337750700729307,2845.0
-0.06337869139417264,0.22297828321047952,0.025842695446583342,-0.0004779346261011176,-0.003188476606371917,-0.0006365198341933884,2845.2313741983567
-0.06442363680687554,0.2153504646320394,0.02433857136364579,-0.0004249432795146484,-0.003404896897041247,-0.0006635028942397888,2847.5451161819233
-0.06539520602493991,0.20671083042396304,0.022675596302888908,-0.0003661267689800671,-0.003633678014165907,-0.0006911514022563667,2850.0
-0.06539520602493991,0.20671083042396304,0.022675596302888908,-0.0003661267689800671,-0.003633678014165907,-0.0006911514022563667,2850.0
-0.06547755707793032,0.20588487144540554,0.022518664014930388,-0.00036055150086834905,-0.0036547515259825326,-0.0006936496379491103,2850.2266493233537
-0.06623041651538537,0.19736298815464212,0.02091862137395163,-0.00030333265240107307,-0.0038649710199127746,-0.0007180949721361019,2852.493142556891
-0.06690805162406212,0.18738387652936586,0.019085817482218558,-0.00023666401316824117,-0.004096242521871389,-0.000743912730056086,2855.0
-0.06690805162406212,0.18738387652936586,0.019085817482218558,-0.00023666401316824117,-0.004096242521871389,-0.000743912730056086,2855.0
-0.0669593227492651,0.18648282760264379,0.018922340339958238,-0.00023064430949151912,-0.004116415575932283,-0.0007461068680713566,2855.21942925019
-0.0673980308315793,0.17722941667052006,0.017261565114179037,-0.00016866551427385232,-0.004317432732040122,-0.0007674221080039302,2857.4137217520893
-0.06773500899358165,0.16575894521835866,0.015245971916464348,-9.104372462217357e-05,-0.004552438518026864,-0.0007909565394879044,2860.0
-0.06773500899358165,0.16575894521835866,0.015245971916464348,-9.104372462217357e-05,-0.004552438518026864,-0.0007909565394879044,2860.0
-0.06775343347647476,0.16480139920490844,0.015079758390533922,-8.450517537719115e-05,-0.004571406094382636,-0.0007927843675877224,2860.209899610421
-0.06786061761611313,0.1550076942974498,0.013397060945690114,-1.6949085665544513e-05,-0.004760076154144468,-0.0008103208853591207,2862.3088957146306
-0.06778279662651528,0.14187570135387026,0.011188494759909127,7.607388381076717e-05,-0.00499882431637422,-0.000830624553239992,2865.0
-0.06778279662651528,0.14187570135387026,0.011188494759909127,7.607388381076717e-05,-0.00499882431637422,-0.000830624553239992,2865.0
-0.0677669504615918,0.1408796700327951,0.01102314037956645,8.326765507244509e-05,-0.005016305515123895,-0.0008320176022747899,2865.198905241479
-0.06752795142043096,0.13072912308204573,0.009354980765112311,0.0001578787711253828,-0.0051896433304757985,-0.0008450409580225192,2867.1879576562715
-0.06692535101994025,0.11579710868481853,0.006956320140362075,0.0002726701077228514,-0.005429187661005879,-0.0008602781275200947,2870.0
-0.06692535101994025,0.11579710868481853,0.006956320140362075,0.0002726701077228514,-0.005429187661005879,-0.0008602781275200947,2870.0
-0.06687426567024433,0.11479314053838167,0.006797384191420288,0.00028063756739941644,-0.005444644467824809,-0.0008611316196029429,2870.1846575443083
-0.06628041485440128,0.10459789404903978,0.00520007923528731,0.00036356686414319733,-0.005596974307969343,-0.0008685328333931133,2872.031232987391
-0.06498696341918746,0.08763030125153869,0.0026096874740665125,0.0005109295928002698,-0.005831238943832653,-0.0008754317660402017,2875.0
-0.06498696341918746,0.08763030125153869,0.0026096874740665125,0.0005109295928002698,-0.005831238943832653,-0.0008754317660402017,2875.0
-0.06490465133640613,0.08669763062777859,0.0024697995344957115,0.0005194154990354146,-0.005843382638054076,-0.0008756006486332988,2875.1597773247695
-0.06400503479420144,0.07726598154677483,0.0010701631192660433,0.0006077486440794779,-0.005961581751942239,-0.0008759711011347392,2876.7575505724644
-0.06171705273945381,0.05757505901826281,-0.0017607100095980686,0.0008086684025115105,-0.006177987318431571,-0.0008679978430368669,2880.0
-0.06171705273945381,0.05757505901826281,-0.0017607100095980686,0.0008086684025115105,-0.006177987318431571,-0.0008679978430368669,2880.0
-0.061593959955956026,0.05663983611638177,-0.0018919573382856498,0.000818821095963299,-0.006187091914598746,-0.0008672897435244107,2880.1512681921367
-0.06027643454015329,0.04721508874516469,-0.0031975294041000067,0.0009243787956475321,-0.006271904002115983,-0.0008582764117250137,2881.663950113504
-0.05677162395994077,0.02604373239485055,-0.006009613311721344,0.0011821271118841001,-0.006406572874416263,-0.0008240407414121741,2885.0
-0.05677162395994077,0.02604373239485055,-0.006009613311721344,0.0011821271118841001,-0.006406572874416263,-0.0008240407414121741,2885.0
-0.05658372993654742,0.025030645614308213,-0.006139707899468699,0.001195064723190303,-0.006410683240091856,-0.0008218715638844697,2885.158081208238
-0.054591063852849675,0.014871564798650493,-0.007420207656731803,0.0013264977975699695,-0.0064379962961910306,-0.0007973153914330483,2886.7388932906174
-0.04982384557800934,-0.006104576000235538,-0.009918141410407904,0.001593741089515103,-0.0064058312124505475,-0.0007316398771764706,2890.0
-0.04982384557800934,-0.006104576000235538,-0.009918141410407904,0.001593741089515103,-0.0064058312124505475,-0.0007316398771764706,2890.0
-0.04962574956475356,-0.006898185186722742,-0.010008634638183543,0.0016033174484130896,-0.006402190626164665,-0.0007288264269686645,2890.1239234958052
-0.04758122180220885,-0.014805485114577136,-0.010894013372314746,0.0016950567952431464,-0.00635669933625937,-0.0006998559136679996,2891.3631584538575
-0.040997150115380784,-0.03756894205959942,-0.013278374137577228,0.0019117415675393172,-0.006144930382270279,-0.0006111365454409126,2895.0
-0.040997150115380784,-0.03756894205959942,-0.013278374137577228,0.0019117415675393172,-0.006144930382270279,-0.0006111365454409126,2895.0
-0.040666532623813756,-0.03862831423192771,-0.013383475489789624,0.0019199315404143673,-0.0061326784322429315,-0.0006069411341284407,2895.1725694232146
-0.037288678122441264,-0.0491010390142287,-0.01439502334539938,0.001991896365552795,-0.006002600680512425,-0.0005656005144657628,2896.89826365536
-0.030960089828052862,-0.0673253174935271,-0.016038516336457097,0.002080896255107058,-0.0057443676852266074,-0.0004949877368680867,2900.0
-0.030960089828052862,-0.0673253174935271,-0.016038516336457097,0.002080896255107058,-0.0057443676852266074,-0.0004949877368680867,2900.0
-0.03056816260205905,-0.06840467089970147,-0.01613126817470008,0.0020848541149180106,-0.0057280164800377785,-0.000490870262326619,2900.1881653258047
-0.026613082805981625,-0.07902700710380149,-0.01701687983305457,0.002116731438543862,-0.005561607190800115,-0.0004507630502889766,2902.0698185838514
-0.020366466472585748,-0.09493479862779158,-0.018250535711122277,0.002142584461563247,-0.0052951421816031866,-0.0003919874329636724,2905.0
-0.020366466472585748,-0.09493479862779158,-0.018250535711122277,0.002142584461563247,-0.0052951421816031866,-0.0003919874329636724,2905.0
-0.019967304010892223,-0.09591949439324077,-0.018323213424299784,0.002143397189135708,-0.005278000116516213,-0.00038839034928655775,2905.1862635420734
-0.01597044577415719,-0.10559022283460465,-0.019013708602643644,0.002146850880028746,-0.005105665861754936,-0.0003532845571882601,2907.048898962808
-0.009644854541819856,-0.12025173886263746,-0.019977754101397967,0.002137311124325309,-0.004830273391759867,-0.00030063685266934834,2910.0
-0.009644854541819856,-0.12025173886263746,-0.019977754101397967,0.002137311124325309,-0.004830273391759867,-0.00030063685266934834,2910.0
-0.00928890273539562,-0.12105507127483257,-0.020027594990204976,0.002136299247635356,-0.004814671801519622,-0.0002977630597227544,2910.1665810083364
-0.005740090823229984,-0.12894532144891427,-0.020499994765458312,0.0021237475190370968,-0.00465843651104361,-0.00026957102359235477,2911.8323910917
0.0009357483386058024,-0.1432299587270844,-0.021272170221924784,0.0020891720421326175,-0.004360651445453616,-0.00021850188196239148,2915.0
0.0009357483386058024,-0.1432299587270844,-0.021272170221924784,0.0020891720421326175,-0.004360651445453616,-0.00021850188196239148,2915.0
0.001185577097724768,-0.14375093667203964,-0.021298197084268583,0.002087624455082943,-0.00434939559572419,-0.00021663278210205117,2915.119626894817
0.003673317734346151,-0.14888665005012272,-0.02154626378791184,0.0020712842966029025,-0.0042368181317080705,-0.00019816957526740632,2916.3158958429867
0.011199052917664334,-0.1638567924518377,-0.022175005805717636,0.0020121749338173804,-0.003890078027122572,-0.00014374744574724427,2920.0
0.011199052917664334,-0.1638567924518377,-0.022175005805717636,0.0020121749338173804,-0.003890078027122572,-0.00014374744574724427,2920.0
0.011547847139904848,-0.16453020460455647,-0.022199727501563214,0.00200910248058653,-0.0038737541412881492,-0.00014127252994741496,2920.1734741675527
0.015005698282638428,-0.17110860063261427,-0.02242357142936471,0.0019771114609608213,-0.0037105527045223187,-0.00011691718787930705,2921.90821584308
0.02102399476684393,-0.18213143105461627,-0.02272001452474292,0.0019149546612791675,-0.0034199000622569505,-7.519166958060421e-05,2925.0
0.02102399476684393,-0.18213143105461627,-0.02272001452474292,0.0019149546612791675,-0.0034199000622569505,-7.519166958060421e-05,2925.0
0.021398010262565843,-0.1827983059054687,-0.0227344651451798,0.0019108273177406011,-0.003401529435757277,-7.262431950672262e-05,2925.1955234964703
0.02509297137633661,-0.18926955314601654,-0.02285165654299841,0.0018683831888857533,-0.0032179005309032325,-4.737833656597377e-05,2927.150758461173
0.030324312458343185,-0.19805721178231597,-0.02293577113270626,0.0018030695569488896,-0.0029505717925337478,-1.192101182885062e-05,2930.0
0.030324312458343185,-0.19805721178231597,-0.02293577113270626,0.0018030695569488896,-0.0029505717925337478,-1.192101182885062e-05,2930.0
0.030701415211052352,-0.19867309903350297,-0.022938001230820924,0.0017981249765183331,-0.002930933576378734,-9.376966528218774e-06,2930.209431852076
0.03441474220142072,-0.20460583312003727,-0.022931316105925467,0.0017476726150894525,-0.0027346459348586336,1.5631241689295852e-05,2932.3037503728337
0.03903659965380419,-0.2116387214054276,-0.022846996625211183,0.001680252097096704,-0.0024821938492591523,4.67096915135941e-05,2935.0
0.03903659965380419,-0.2116387214054276,-0.022846996625211183,0.001680252097096704,-0.0024821938492591523,4.67096915135941e-05,2935.0
0.03940302160567872,-0.21217869286352822,-0.02283652440250575,0.0016746825071486968,-0.002461752496065821,4.9172040193592496e-05,2935.2184374397193
0.04299967841179179,-0.21733289899859023,-0.022702545748262287,0.0016181452638772075,-0.0022574370433270786,7.337003108644577e-05,2937.4028118369124
0.047113035335210315,-0.22288066480682564,-0.0224756741286305,0.0015490867700437322,-0.0020147356342593505,0.00010116133428425146,2940.0
0.047113035335210315,-0.22288066480682564,-0.0224756741286305,0.0015490867700437322,-0.0020147356342593505,0.00010116133428425146,2940.0
0.047457859167166126,-0.22332768977947146,-0.022452851370898124,0.001543074676171436,-0.0019939039271446536,0.00010349756908983667,2940.2230307804575
0.05083180525708672,-0.22754247736436614,-0.02219628742529286,0.0014822632365217722,-0.0017856813853245738,0.00012644908649191153,2942.4533385850327
0.05451670046485592,-0.23178747480388906,-0.02184183412087848,0.00141139828062304,-0.0015481289302938775,0.00015176100285532653,2945.0
0.05451670046485592,-0.23178747480388906,-0.02184183412087848,0.00141139828062304,-0.0015481289302938775,0.00015176100285532653,2945.0
0.054831026236285337,-0.23213069648083656,-0.021807718335963087,0.001405123843466902,-0.0015273176885511421,0.00015393314654799258,2945.223201212406
0.05789681835295159,-0.23530750201831832,-0.021440199584868758,0.001341820269664537,-0.0013192933484831287,0.00017526551445862918,2947.455213336465
0.06121840031316687,-0.23836324367239617,-0.020964131851272053,0.0012684809686208645,-0.0010823104200600796,0.00019873607733008155,2950.0
0.06121840031316687,-0.23836324367239617,-0.020964131851272053,0.0012684809686208645,-0.0010823104200600796,0.00019873607733008155,2950.0
0.06149571429866032,-0.23859821669985704,-0.020920358192030045,0.0012621138327590065,-0.0010619085887391656,0.0002007142080995524,2950.2191688942553
0.06419175532229573,-0.24070207994634485,-0.020459054215811106,0.0011979921838736656,-0.0008579717633271401,0.00022013403675727287,2952.410857836808
0.06719439211629323,-0.242611804935297,-0.019860288628115383,0.0011212394533274338,-0.000617242351712311,0.00024223547707535704,2955.0
0.06719439211629323,-0.242611804935297,-0.019860288628115383,0.0011212394533274338,-0.000617242351712311,0.00024223547707535704,2955.0
0.06743057353363625,-0.2427401157604718,-0.019808933332710468,0.0011149352287072767,-0.0005976102817929602,0.00024399766607571255,2955.2112368955713
0.06971887499498486,-0.24379519430675903,-0.019275150755039133,0.0010515292736946325,-0.00040136578350291195,0.00026129027317544745,2957.323605851285
0.07242467285413572,-0.24453689234384995,-0.01854744945434602,0.0009702762702873718,-0.00015292413785494575,0.00028234239270975267,2960.0
0.07242467285413572,-0.24453689234384995,-0.01854744945434602,0.0009702762702873718,-0.00015292413785494575,0.00028234239270975267,2960.0
0.07261728828518124,-0.24456550587061837,-0.018491071580483597,0.0009641936942444469,-0.00013444679195467844,0.00028386968994406045,2960.1991401724154
0.07447661562869258,-0.2446493142472778,-0.017910768139760034,0.0009030726076880329,5.025452710183287e-05,0.00029885085631123614,2962.190541896569
0.0768916139241958,-0.24414234789156963,-0.017042492424716064,0.0008159452971296306,0.00031059892161091,0.00031908112988012996,2965.0
0.0768916139241958,-0.24414234789156963,-0.017042492424716064,0.0008159452971296306,0.00031059892161091,0.00031908112988012996,2965.0
0.07705702871924366,-0.24407721679101627,-0.01697740822848627,0.0008095960904805411,0.0003294485220739428,0.0003205047008529054,2965.2035195218914
0.07863989386903512,-0.24321497167648895,-0.01631085135162862,0.0007458057189280121,0.0005178594352324166,0.000334431400783749,2967.2387147408053
0.08057881354109399,-0.24143236931841935,-0.015362312548049312,0.0006583866749218824,0.0007732281344169039,0.0003524205968993414,2970.0
0.08057881354109399,-0.24143236931841935,-0.015362312548049312,0.0006583866749218824,0.0007732281344169039,0.0003524205968993414,2970.0
0.08071830956901492,-0.24126559707951845,-0.01528711357956493,0.0006516046805347555,0.0007929119019073193,0.00035376386875371366,2970.21297227617
0.08203357910970954,-0.2393673913539758,-0.014519649258511447,0.0005834485499118621,0.0009896387684491846,0.0003668475994763148,2972.3426950378716
0.08347004469291043,-0.23641181121303328,-0.013524108273181746,0.0004975305831579767,0.001234797024824493,0.0003822697900046591,2975.0
0.08347004469291043,-0.23641181121303328,-0.013524108273181746,0.0004975305831579767,0.001234797024824493,0.0003822697900046591,2975.0
0.08357752617943737,-0.2361409654309196,-0.013440802532050735,0.0004904532297747212,0.0012548551119612675,0.0003834871608673864,2975.217577172768
0.084567357676154,-0.2331925856585966,-0.0125934676062252,0.0004192965135098018,0.0014552928150675605,0.0003952786095298186,2977.3933489004476
0.08554819789037023,-0.22908656642956568,-0.011545695481047138,0.00033309149338095386,0.001695053120265798,0.0004084711708233438,2980.0
0.08554819789037023,-0.22908656642956568,-0.011545695481047138,0.00033309149338095386,0.001695053120265798,0.0004084711708233438,2980.0
0.08561992506759368,-0.22871536564279676,-0.011456653963492679,0.00032584361747657104,0.0017150584542463404,0.00040952575442222146,2980.217705914099
0.08625007820533032,-0.22476395542478028,-0.010553922167491882,0.00025292396870145104,0.0019149288260161103,0.00041966251596486725,2982.3947650550895
0.08679415835623633,-0.2194640578880929,-0.009445867410768702,0.00016454725246201816,0.0021536312251053628,0.00043078861813848726,2985.0
0.08679415835623633,-0.2194640578880929,-0.009445867410768702,0.00016454725246201816,0.0021536312251053628,0.00043078861813848726,2985.0
0.08682855453878204,-0.2190015589130976,-0.00935368013125002,0.0001572385317416688,0.002173193843356325,0.00043165156292680957,2985.2137821132224
0.08708620225463029,-0.21414672242359342,-0.008421981428582763,8.364221561772311e-05,0.0023685892287644414,0.00043985092651217626,2987.351603245446
0.08718551966375525,-0.20755390214950908,-0.00724483609340145,-8.906529662551705e-06,0.0026100100518499326,0.00044888634108734767,2990.0
0.08718551966375525,-0.20755390214950908,-0.00724483609340145,-8.906529662551705e-06,0.0026100100518499326,0.00044888634108734767,2990.0
0.08718292964224386,-0.20701318448071832,-0.007152106207145107,-1.6188914036033624e-05,0.0026287946183643353,0.00044953652702855193,2990.2064278463185
0.08707392792093034,-0.20139294222551668,-0.006217746950052878,-8.960000628424519e-05,0.002816352498794971,0.0004555913923891735,2992.270706309504
0.08669499411496757,-0.19336885241808757,-0.004964808770147239,-0.00018843427931607474,0.00306344126401903,0.0004622949746599147,2995.0
0.08669499411496757,-0.19336885241808757,-0.004964808770147239,-0.00018843427931607474,0.00306344126401903,0.0004622949746599147,2995.0
0.08665704042536891,-0.1927616932304106,-0.004873408122022166,-0.00019567651667793735,0.0030812879220064953,0.0004627202318570293,2995.197619477122
0.08619831816904672,-0.18649637165011648,-0.00395510180369311,-0.00026878302391497203,0.003259393360023519,0.0004665043505965016,2997.1738142483405
0.08528830755167914,-0.17692621394616212,-0.0026307821373212407,-0.0003756928114006723,0.0035128263874540057,0.00047035647919976115,3000.0
0.08528830755167914,-0.17692621394616212,-0.0026307821373212407,-0.0003756928114006723,0.0035128263874540057,0.00047035647919976115,3000.0
0.08521960805969879,-0.17628828172526312,-0.002545544880108818,-0.00038265174719681773,0.003529015321586555,0.00047053736943258574,3000.181183314088
0.08446279662801705,-0.16974790284811073,-0.0016916619911778274,-0.0004529892117959921,0.0036904780306240732,0.0004718826558053932,3001.9930164549655
0.08292128796711189,-0.15825006544988934,-0.0002716964160527826,-0.0005730286872281179,0.003956506867258288,0.0004721316458882205,3005.0
0.08292128796711189,-0.15825006544988934,-0.0002716964160527826,-0.0005730286872281179,0.003956506867258288,0.0004721316458882205,3005.0
0.08283607410076436,-0.1576638147575974,-0.00020185782102364358,-0.0005790532606513598,0.003969522384410095,0.0004720756444835854,3005.1479304668505
0.0819345781725265,-0.15169562236820758,0.0004958788589040897,-0.0006399615219980045,0.004099265535054864,0.00047113944360799856,3006.627235135356
0.07953559938506188,-0.13737497836998,0.0020777926607275943,-0.0007838368895093309,0.004391850061636446,0.000466237784292406,3010.0
0.07953559938506188,-0.13737497836998,0.0020777926607275943,-0.0007838368895093309,0.004391850061636446,0.000466237784292406,3010.0
0.07939716955871359,-0.13660182303448012,0.002159697433734714,-0.0007915511781933936,0.0044069503576078745,0.00046586780874257846,3010.175741026367
0.07793751653300904,-0.12872486178180342,0.0029747515922423657,-0.0008699926646693074,0.00455704947478641,0.0004614834104168064,3011.933151290039
0.07505195339660695,-0.11435285153254506,0.004374416969845346,-0.0010132379826285642,0.004814353384925558,0.00045054399578982313,3015.0
0.07505195339660695,-0.11435285153254506,0.004374416969845346,-0.0010132379826285642,0.004814353384925558,0.00045054399578982313,3015.0
0.07485543927495338,-0.11342185825361303,0.0044613172211913354,-0.0010225664180717076,0.0048303132098740775,0.0004497002599102129,3015.193058573224
0.07278974732290168,-0.10394366424818542,0.005320606037730615,-0.0011180986590559462,0.004988095631038762,0.0004401325371896199,3017.1236443054627
0.06935928523217337,-0.08926631613694036,0.0065612295978185,-0.0012690595825802788,0.005215733586849567,0.00042156974323616456,3020.0
0.06935928523217337,-0.08926631613694036,0.0065612295978185,-0.0012690595825802788,0.005215733586849567,0.00042156974323616456,3020.0
0.06910685246456261,-0.0882317305327904,0.006644581826523643,-0.001279894801410248,0.005231003277615172,0.0004200758700262367,3020.1980684801397
0.06646209630199691,-0.0777219016839086,0.007460634974375851,-0.0013917473332076293,0.005380195750191712,0.00040338652786319623,3022.1787532815365
0.062296932501523426,-0.062258478506545416,0.00855809271735196,-0.001563655745619475,0.005578716311978615,0.00037322318421963656,3025.0
0.062296932501523426,-0.062258478506545416,0.00855809271735196,-0.001563655745619475,0.005578716311978615,0.00037322318421963656,3025.0
0.06199677827893818,-0.061190570787370786,0.008629230785861372,-0.0015759224575031682,0.00559140632025801,0.00037086211505141687,3025.1912075606
0.05886307190476448,-0.05038248155270778,0.00931407962631545,-0.0017033677355132028,0.005711476483004458,0.00034466521420561003,3027.103283166601
0.05362858532274062,-0.03360935365170954,0.010243111576044819,-0.0019144666486490027,0.005861624761833661,0.00029442777624007096,3030.0
0.05362858532274062,-0.03360935365170954,0.010243111576044819,-0.0019144666486490027,0.005861624761833661,0.00029442777624007096,3030.0
0.05329887823202408,-0.03260271166759082,0.01029334908422663,-0.0019276820468071983,0.005868919818677138,0.00029098962901556133,3030.1716269792664
0.04987464734674822,-0.022474987715286582,0.010761378060861611,-0.002063763587809049,0.0059289458065122525,0.0002534359825321767,3031.8878967719306
0.043053796520209645,-0.003945972222829924,0.011425842473971878,-0.0023197426012190755,0.005959284478340732,0.00017060384526428637,3035.0
0.043053796520209645,-0.003945972222829924,0.011425842473971878,-0.0023197426012190755,0.005959284478340732,0.00017060384526428637,3035.0
0.042781826050320285,-0.00324879153826798,0.011445603052722454,-0.002329206863010145,0.005958015019685498,0.000167172758331865,3035.1170028218967
0.04000226556615647,0.00371053941576953,0.011620789170293015,-0.002421123236365874,0.005934791294167192,0.0001320791396059094,3036.2870310408634
0.030549167571817124,0.02544318610039712,0.011902480118862154,-0.002651965818333038,0.0057453902934693855,2.1303043091383322e-05,3040.0
0.030549167571817124,0.02544318610039712,0.011902480118862154,-0.002651965818333038,0.0057453902934693855,2.1303043091383322e-05,3040.0
0.03011822635729387,0.02637457888017319,0.011905570547261872,-0.002659319148677731,0.00573393790151566,1.6793288137604522e-05,3040.162272576258
0.025750604981045318,0.03558072207190136,0.01189759948419717,-0.0027198911166437484,0.00560997601855881,-2.5856648005145377e-05,3041.7849983388396
0.016891594294489026,0.053179016110484464,0.011695705898833309,-0.002779172359501595,0.005332857721344446,-9.682565569483606e-05,3045.0
0.016891594294489026,0.053179016110484464,0.011695705898833309,-0.002779172359501595,0.005332857721344446,-9.682565569483606e-05,3045.0
0.016418578149530922,0.054085155330755516,0.011678949485960387,-0.0027804461441328005,0.00531753898435477,-0.00010011535619565966,3045.1701605389735
0.011681521560601494,0.0630020109934249,0.011481973299347057,-0.0027849055628123474,0.005162491869722424,-0.00013073229085899295,3046.8717659287086
0.0029973187024786435,0.07869935145423311,0.010996716571223314,-0.0027612957792871387,0.004872876023159511,-0.00017769551910263448,3050.0
0.0029973187024786435,0.07869935145423311,0.010996716571223314,-0.0027612957792871387,0.004872876023159511,-0.00017769551910263448,3050.0
0.0026365522931352577,0.07933540047690128,0.010973379505338986,-0.002759585910156491,0.00486072608571522,-0.00017943416582349116,3050.1306913925437
-0.0009575984029453169,0.08560853504490326,0.010727910185512812,-0.0027398497396841598,0.004739189267250814,-0.00019595760659645034,3051.4376053179803
-0.010594000684504121,0.10190193499021781,0.00995918824626128,-0.0026658405231440867,0.004408504483862753,-0.00023407047572022413,3055.0
-0.010594000684504121,0.10190193499021781,0.00995918824626128,-0.0026658405231440867,0.004408504483862753,-0.00023407047572022413,3055.0
-0.011026066149716787,0.10261575348191851,0.009921099433031716,-0.002661889580584378,0.004393490073480293,-0.00023559447422340002,3055.1621947269264
-0.01531014633949829,0.10962014289153192,0.009527117883588626,-0.0026200715094862365,0.0042436015045633265,-0.0002499596882553422,3056.78414199619
-0.023588984032823376,0.1227909308058626,0.008682839815679461,-0.002526575719924859,0.00394787904398956,-0.000274249087848842,3060.0
-0.023588984032823376,0.1227909308058626,0.008682839815679461,-0.002526575719924859,0.00394787904398956,-0.000274249087848842,3060.0
-0.02406293583865179,0.12353073772633662,0.008631216219176716,-0.002520750669231035,0.0039306689754293475,-0.00027551189005823635,3060.1878028853034
-0.028741010455138556,0.13075128070863515,0.0081024921092494,-0.0024605869088315593,0.003758931076890208,-0.0002873027724814923,3062.0658317383377
-0.0358156420686052,0.14138846256040338,0.007235767130452906,-0.002360534126156732,0.0034918771488803868,-0.00030294676611049867,3065.0
-0.0358156420686052,0.14138846256040338,0.007235767130452906,-0.002360534126156732,0.0034918771488803868,-0.00030294676611049867,3065.0
-0.03628872224667656,0.1420874987327845,0.007174865692202994,-0.002353462362200523,0.0034736605027936803,-0.0003039025065610077,3065.2007127997745
-0.04094043425406491,0.14887701116793145,0.006555818856281802,-0.0022813079600062787,0.0032918445260552197,-0.00031272833920102867,3067.207840797519
-0.047165680618225264,0.1577163824386465,0.005667828428873005,-0.0021771029726399974,0.003039904504139608,-0.0003229528163167025,3070.0
-0.047165680618225264,0.1577163824386465,0.005667828428873005,-0.0021771029726399974,0.003039904504139608,-0.0003229528163167025,3070.0
-0.04761067882359121,0.1583369619657195,0.0056016309470381005,-0.002169313953731063,0.0030214677921788064,-0.00032361433068865924,3070.204765386491
-0.05197219670943387,0.16433533163333514,0.004932649561507254,-0.0020903995511387264,0.0028373918231869785,-0.0003296148587578136,3072.252419251402
-0.057567323092886584,0.1717928386753857,0.004017799250048356,-0.0019819081979998323,0.002591164128804801,-0.00033601338695905326,3075.0
-0.057567323092886584,0.1717928386753857,0.004017799250048356,-0.0019819081979998323,0.002591164128804801,-0.00033601338695905326,3075.0
-0.057963956048351,0.17231065142050453,0.003950377843567566,-0.00197389337802301,0.002573222378889339,-0.00033640992240851553,3075.200532169002
-0.06184139668297557,0.1772910495511088,0.0032721405760048968,-0.0018930534014519134,0.0023940239458948936,-0.00033987884862724725,3077.2058538590236
-0.06697134719341892,0.1836321676589814,0.002317343214899289,-0.0017785364564461275,0.002144947798090175,-0.00034327866385061275,3080.0
-0.06697134719341892,0.1836321676589814,0.002317343214899289,-0.0017785364564461275,0.002144947798090175,-0.00034327866385061275,3080.0
-0.067305354017478,0.184034291684268,0.002252718437138235,-0.0017707589278395872,0.002128191427063833,-0.0003434501877836372,3080.188210141824
-0.07056462131079565,0.18788217782359853,0.0016049472337098009,-0.001692545941382636,0.0019607789773882175,-0.00034478424065325736,3082.0703115600654
-0.0753432209776887,0.19324551663441147,0.0005933536338996392,-0.0015693748670626464,0.0017006898259740919,-0.0003455342024074134,3085.0
-0.0753432209776887,0.19324551663441147,0.0005933536338996392,-0.0015693748670626464,0.0017006898259740919,-0.0003455342024074134,3085.0
-0.07560047611166958,0.19352371873682328,0.0005365875872323407,-0.0015624269581578122,0.00168611969874782,-0.0003455301265055119,3085.1642856639683
-0.07811010679553612,0.1961741411768877,-3.088576531335601e-05,-0.0014927042108448642,0.0015405098052203299,-0.00034522872498616837,3086.807142303651
-0.08265832319401915,0.20064155417791146,-0.0011305709237439793,-0.0013560540793354353,0.001257962066388679,-0.00034332797422178537,3090.0
-0.08265832319401915,0.20064155417791146,-0.0011305709237439793,-0.0013560540793354353,0.001257962066388679,-0.00034332797422178537,3090.0
-0.0828931047779753,0.20085862115783276,-0.0011901642779815595,-0.0013485884462226185,0.0012426121759753367,-0.00034317632113193506,3090.1736137231496
-0.08516951020799993,0.20288276899211005,-0.0017844870394579035,-0.0012737316147357184,0.0010891956934174776,-0.0003413926558596327,3091.909750954646
-0.08889876850788254,0.205827149169158,-0.0028331367004505465,-0.0011396685751473498,0.0008164701346729517,-0.0003370430854687847,3095.0
-0.08889876850788254,0.205827149169158,-0.0028331367004505465,-0.0011396685751473498,0.0008164701346729517,-0.0003370430854687847,3095.0
-0.08911595902979784,0.20598170388395032,-0.0028975733518705232,-0.0011313422915662772,0.0007996021479870863,-0.00033672559351540166,3095.1912720629834
-0.09120014789030186,0.20734985721172824,-0.003538395763306553,-0.0010478955605568415,0.0006310067228599234,-0.0003332463188525979,3097.103992692818
-0.09405122526021031,0.20880795728965723,-0.0044946486862779845,-0.0009209638683622062,0.0003760209560817338,-0.00032694153831270184,3100.0
-0.09405122526021031,0.20880795728965723,-0.0044946486862779845,-0.0009209638683622062,0.0003760209560817338,-0.00032694153831270184,3100.0
-0.09423113350072367,0.20888006285824715,-0.004558770199835108,-0.0009123402008057072,0.00035875089619021586,-0.0003264698551546782,3100.1962666166746
-0.09593701988260799,0.20941474948602418,-0.00519468229071091,-0.0008259496071789077,0.00018613084765938442,-0.0003214456275911063,3102.158932783421
-0.09810541522999199,0.20958889368557335,-0.006096479076895529,-0.0007004268705960017,-6.34898400788941e-05,-0.0003131915510156128,3105.0
-0.09810541522999199,0.20958889368557335,-0.006096479076895529,-0.0007004268705960017,-6.34898400788941e-05,-0.0003131915510156128,3105.0
-0.09824013799786158,0.2095749622934972,-0.0061570318638253544,-0.0006918589479537618,-8.048325320427803e-05,-0.00031258753751111816,3105.193527403297
-0.09949608107461,0.2092548228179946,-0.006755932413971276,-0.0006060508556659862,-0.0002503398321240724,-0.00030625490877211854,3107.1288014362685
-0.10105292741477377,0.20817457754138358,-0.007620639477287455,-0.00047832375702011056,-0.0005020764437689655,-0.00029588244626199087,3110.0
-0.10105292741477377,0.20817457754138358,-0.007620639477287455,-0.00047832375702011056,-0.0005020764437689655,-0.00029588244626199087,3110.0
-0.10114971858936495,0.20807017499218444,-0.007681008307822594,-0.00046921750070863137,-0.0005199768541028683,-0.0002951000241270506,3110.2042995620754
-0.10201520957231792,0.2068250789584148,-0.00827567242112123,-0.00037801701575751045,-0.0006988868259921325,-0.00028695051763627305,3112.24729518283
-0.10288620284235102,0.20456977872928392,-0.009049405141654957,-0.00025473192785819757,-0.0009396634325280703,-0.00027503095765533204,3115.0
-0.10288620284235102,0.20456977872928392,-0.009049405141654957,-0.00025473192785819757,-0.0009396634325280703,-0.00027503095765533204,3115.0
-0.10293882954359838,0.20437004359374802,-0.009107198510971365,-0.0002452848920375168,-0.0009580615023051871,-0.0002740748664646608,3115.2104995252444
-0.10335560739899441,0.20215977554980322,-0.009673804358481886,-0.00015065579303097875,-0.001141923913974034,-0.0002641624123487387,3117.315494777688
-0.10359758245431,0.19877990487952243,-0.010364960685607822,-2.9533770118691477e-05,-0.0013760687024690587,-0.0002505836997106162,3120.0
-0.10359758245431,0.19877990487952243,-0.010364960685607822,-2.9533770118691477e-05,-0.0013760687024690587,-0.0002505836997106162,3120.0
-0.10360282635460598,0.1984862861074108,-0.010417954264639422,-1.9947464889489298e-05,-0.0013945376397686798,-0.0002494662162607224,3120.211952684119
-0.10354337195353343,0.19533490952755006,-0.010934588868120525,7.610866932634927e-05,-0.0015790760919376875,-0.0002379210189983038,3122.3314795253073
-0.1031783346541367,0.19081157086744285,-0.011549035798465375,0.00019758524902135986,-0.0018109870038317125,-0.00022241049797262937,3125.0
-0.1031783346541367,0.19081157086744285,-0.011549035798465375,0.00019758524902135986,-0.0018109870038317125,-0.00022241049797262937,3125.0
-0.10313409760174773,0.19041402140273997,-0.01159746153515253,0.0002075574403336719,-0.0018299411094493726,-0.00022109194247474305,3125.218378053984
-0.10257175374698489,0.1862110320911754,-0.012065563549029068,0.0003075430635630006,-0.002019271550404854,-0.00020748856133533485,3127.402158593824
-0.10161758783740768,0.18067330699002884,-0.012582490479682348,0.0004271734285450203,-0.002243949740563606,-0.0001902905370099637,3130.0
-0.10161758783740768,0.18067330699002884,-0.012582490479682348,0.0004271734285450203,-0.002243949740563606,-0.0001902905370099637,3130.0
-0.10152054168075605,0.1801674643926539,-0.012625029685793886,0.000437551519719126,-0.0022633290564879217,-0.0001887510340768091,3130.2244558291654
-0.10042167212978861,0.1748700332465068,-0.01303104018530512,0.0005417057672669937,-0.002456820749738819,-0.00017287512455364085,3132.46901412082
-0.09890106964955775,0.16837649581064318,-0.013444804704732522,0.0006600548948747555,-0.0026742715129637108,-0.00015388719863266176,3135.0
-0.09890106964955775,0.16837649581064318,-0.013444804704732522,0.0006600548948747555,-0.0026742715129637108,-0.00015388719863266176,3135.0
-0.0987489611387582,0.16776295024588153,-0.013479778853279343,0.000670800495927304,-0.0026938652945706315,-0.00015211295920534082,3135.2285878487705
-0.09709235933985799,0.1613814977455479,-0.013806769197621213,0.0007787877726074038,-0.0028893687912365075,-0.00013381164866347014,3137.514466336476
-0.09500949504163957,0.1539367035932001,-0.014113401014976422,0.0008974313361702738,-0.0031009411803273944,-0.00011270484996320836,3140.0
-0.09500949504163957,0.1539367035932001,-0.014113401014976422,0.0008974313361702738,-0.0031009411803273944,-0.00011270484996320836,3140.0
-0.09480163030977337,0.15322060968794488,-0.01413911344849839,0.0009084973233580009,-0.0031204729992827004,-0.00011068255187979434,3140.2302028697163
-0.09258227736692234,0.14581287369650062,-0.014370107635797944,0.0010199092149577075,-0.003315162928473371,-8.98028666176687e-05,3142.5322315668795
-0.08991629891749238,0.13737574188343937,-0.014562679775973806,0.0011410489250198285,-0.0035224289868286537,-6.601397197478075e-05,3145.0
-0.08991629891749238,0.13737574188343937,-0.014562679775973806,0.0011410489250198285,-0.0035224289868286537,-6.601397197478075e-05,3145.0
-0.08965403436981471,0.13656794207479492,-0.014577516886846963,0.0011523828571425078,-0.0035415476577765103,-6.373004558877076e-05,3145.228709564764
-0.08688798716100023,0.12825016986387186,-0.014696537874314334,0.0012667770662099208,-0.003731819374160806,-4.0108810108174014e-05,3147.515805212403
-0.08358425352205705,0.11872508298389364,-0.014762546528373612,0.0013934909767492685,-0.003936314795027893,-1.2716070148178402e-05,3150.0
-0.08358425352205705,0.11872508298389364,-0.014762546528373612,0.0013934909767492685,-0.003936314795027893,-1.2716070148178402e-05,3150.0
-0.08327108339161161,0.1178420517161443,-0.014765105784758203,0.0014050567186901168,-0.003954604504783896,-1.0151134995178181e-05,3150.2238093705478
-0.07999587937151337,0.10878764409809323,-0.014758388681371467,0.001522184986437162,-0.004136145130804674,1.6448780792568996e-05,3152.4619030760255
-0.07596007113084995,0.0980320216352145,-0.014675991639982094,0.0016587205024371607,-0.004338500051176654,4.891618070055689e-05,3155.0
-0.07596007113084995,0.0980320216352145,-0.014675991639982094,0.0016587205024371607,-0.004338500051176654,4.891618070055689e-05,3155.0
-0.07560085152230593,0.09709395861018058,-0.0146651246817591,0.0016705448813185363,-0.004355494107312844,5.180260416445702e-05,3155.215795497033
-0.07186678407925069,0.08751318050306829,-0.014521303500514962,0.0017908500483473644,-0.004523336251844633,8.186576945652472e-05,3157.373750467363
-0.06696514893255207,0.07537206968576131,-0.014254760411630903,0.0019431454780275662,-0.00472131319557745,0.00012178318275456983,3160.0
-0.06696514893255207,0.07537206968576131,-0.014254760411630903,0.0019431454780275662,-0.00472131319557745,0.00012178318275456983,3160.0
-0.06656658939393238,0.07440516252025096,-0.014229524146256367,0.001955325300305503,-0.004736364184774103,0.00012506686234859836,3160.204470113646
-0.06244196947860479,0.06456927490331395,-0.013939111407306108,0.002080042617621278,-0.00488336577315982,0.00015949821828984456,3162.2491712501064
-0.05647864369873252,0.050877797806658034,-0.013430832654255062,0.002257727084893796,-0.005068114935160074,0.00021119492254032107,3165.0
-0.05647864369873252,0.050877797806658034,-0.013430832654255062,0.002257727084893796,-0.005068114935160074,0.00021119492254032107,3165.0
-0.056050997482870984,0.049919380917647894,-0.013390581405950064,0.0022704235385276206,-0.005080080612957322,0.00021501239305536988,3165.188883866419
-0.05164001560431801,0.040215172728219784,-0.012946960066300715,0.002401414081676026,-0.005193068881330939,0.00025542269235650985,3167.077722530609
-0.044307525719353334,0.024821085640676678,-0.012098316102407344,0.0026204411851390406,-0.005334071180773825,0.00032756806942375134,3170.0
-0.044307525719353334,0.024821085640676678,-0.012098316102407344,0.0026204411851390406,-0.005334071180773825,0.00032756806942375134,3170.0
-0.043874786360604684,0.02394187652076488,-0.012043987043167717,0.0026334205340461008,-0.005340292344963044,0.00033204416444887854,3170.164732259054
-0.03942786926493936,0.015101366808707618,-0.011458621440925477,0.0027664373503694137,-0.005388244168819372,0.0003794475572274385,3171.812054849592
-0.03019212578264051,-0.0021007113541894277,-0.010087664769614023,0.0030239235585834703,-0.0053762031550165686,0.00048218117647981236,3175.0
-0.03019212578264051,-0.0021007113541894277,-0.010087664769614023,0.0030239235585834703,-0.0053762031550165686,0.00048218117647981236,3175.0
-0.029862757441800003,-0.0026853232769928253,-0.01003502074896375,0.0030319797805988566,-0.0053727065139095925,0.000485754527862935,3175.108775675277
-0.026523118516858346,-0.008506043703732445,-0.00948751251001403,0.003106424349700591,-0.0053260672938690995,0.0005205850848158107,3176.1965324280445
-0.014376972577306633,-0.028267266571295916,-0.007313241399599308,0.0032483117435198423,-0.005042594486895983,0.0006139370869652197,3180.0
-0.014376972577306633,-0.028267266571295916,-0.007313241399599308,0.0032483117435198423,-0.005042594486895983,0.0006139370869652197,3180.0
-0.013868892721427531,-0.02905467927922195,-0.007217029589220928,0.00325021802697495,-0.005028761219927796,0.0006166419909798922,3180.156366566231
-0.008779153788224922,-0.03680793420850204,-0.00623405600113115,0.003255987990617201,-0.00488723095848422,0.0006393738957198025,3181.720032228542
0.0018422047519208312,-0.052341944063208204,-0.004085343823244936,0.0032098907287232276,-0.0045847825991361885,0.0006670307954134709,3185.0
0.0018422047519208312,-0.052341944063208204,-0.004085343823244936,0.0032098907287232276,-0.0045847825991361885,0.0006670307954134709,3185.0
0.0022218771843391916,-0.05288382807821959,-0.004006376305917653,0.003207157721812784,-0.00457390659037901,0.0006676400942032453,3185.1183322343304
0.005999518265985045,-0.05823204042846526,-0.0032132281186514396,0.003176753089882118,-0.0044655315791134,0.0006725617211968045,3186.3016545776345
0.017532262843928108,-0.07412792365124041,-0.0007132657948339619,0.0030540223158460208,-0.004132035294537442,0.0006769557033578878,3190.0
0.017532262843928108,-0.07412792365124041,-0.0007132657948339619,0.0030540223158460208,-0.004132035294537442,0.0006769557033578878,3190.0
0.0179706768633479,-0.07472069565558766,-0.0006160076190559117,0.0030486100622255327,-0.004119239242235433,0.000676856577316187,3190.1436801408186
0.022310994315549615,-0.08054761196487889,0.00035533375232302245,0.002992428771435194,-0.003991902703062045,0.0006749687286749226,3191.580481549004
0.03229847007540314,-0.09368536885907673,0.0026482437110342105,0.002846525071733379,-0.003692984289705353,0.0006649322381770653,3195.0
0.03229847007540314,-0.09368536885907673,0.0026482437110342105,0.002846525071733379,-0.003692984289705353,0.0006649322381770653,3195.0
0.032772043235502084,-0.0942993694785838,0.002758958125524772,0.0028390687320443836,-0.003678552419715834,0.0006642744271063698,3195.166586914275
0.03743858614376975,-0.10030749924836097,0.0038596383231147644,0.002763034492968876,-0.0035348317712535792,0.0006569558360568973,3196.832456057023
0.0459537695112974,-0.11107478964463463,0.0059144013713565945,0.0026122906160502006,-0.0032642133663832477,0.0006397725063809919,3200.0
0.0459537695112974,-0.11107478964463463,0.0059144013713565945,0.0026122906160502006,-0.0032642133663832477,0.0006397725063809919,3200.0
0.04644248561000958,-0.1116850456872894,0.006034195356746914,0.002603167259081594,-0.0032482948850818642,0.0006386382253330047,3200.18741049474
0.05123488455431049,-0.11762386817129597,0.007220014788659737,0.0025108502024303275,-0.003089626649397861,0.000626648529413364,3202.061515442141
0.05839625456358906,-0.1263391625555892,0.009031243650047907,0.0023627284117935603,-0.002842514509580661,0.0006057072266194297,3205.0
0.05839625456358906,-0.1263391625555892,0.009031243650047907,0.0023627284117935603,-0.002842514509580661,0.0006057072266194297,3205.0
0.058870492719119746,-0.12690924754832464,0.009152930840105673,0.0023524681791422986,-0.0028256604411339287,0.0006041880247851947,3205.201152973484
0.06349881562669772,-0.1324239226565636,0.010352598593534757,0.0022491037974365444,-0.002657524414297303,0.00058843764366115,3207.2126827083252
0.06956591021715879,-0.13950782018441274,0.011960581859109004,0.002103913918464236,-0.002425615752063678,0.0005650635945869309,3210.0
0.06956591021715879,-0.13950782018441274,0.011960581859109004,0.002103913918464236,-0.002425615752063678,0.0005650635945869309,3210.0
0.0700087903949655,-0.14001791678069356,0.012079649390408977,0.002092847868489863,-0.0024080961603428924,0.0005632271159224265,3210.2110579643763
0.0743087452053776,-0.1449157378620205,0.013248642897332425,0.0019816683192800163,-0.0022332016119523674,0.0005443737420199278,3212.3216376081396
0.07942613258486393,-0.15060060796782646,0.014673313509265267,0.0018394198954870401,-0.0020119503170715966,0.0005192492745300507,3215.0
0.07942613258486393,-0.15060060796782646,0.014673313509265267,0.0018394198954870401,-0.0020119503170715966,0.0005192492745300507,3215.0
0.07982515418702635,-0.15103648339732706,0.01478608159008565,0.0018278203940475012,-0.001993999938614989,0.000517153855834315,3215.2176140374295
0.08367627815073717,-0.15518055899589905,0.015888351798807574,0.0017114902308511162,-0.0018147098246327706,0.0004957677576484206,3217.3937544117243
0.0879545493146316,-0.1596308094071815,0.017146013253744527,0.0015714935765733689,-0.0016004294213808178,0.0004691737466046971,3220.0
0.0879545493146316,-0.1596308094071815,0.017146013253744527,0.0015714935765733689,-0.0016004294213808178,0.0004691737466046971,3220.0
0.08829989676152457,-0.15998185049168082,0.017249255443983858,0.001559621813330843,-0.001582308835773906,0.00046687738803181673,3220.2205906406025
0.09160918173997382,-0.16327252561905797,0.01825351989433734,0.0014407073891928015,-0.0014012456196287667,0.0004435311704319199,3222.4264970466274
0.09513793438750366,-0.16660713214952366,0.019359006099759928,0.0013016097478537277,-0.0011902920366004476,0.0004154512380558986,3225.0
0.09513793438750366,-0.16660713214952366,0.019359006099759928,0.0013016097478537277,-0.0011902920366004476,0.0004154512380558986,3225.0
0.09542268528929107,-0.16686674628875603,0.01945004290123852,0.0012897210563214648,-0.0011722862026100904,0.00041301392444674555,3225.219771914128
0.09812641375847535,-0.16924531229164508,0.02033068937626392,0.0011707377538110715,-0.0009923163180138503,0.00038830331923570504,3227.4174910554098
0.10096913235718416,-0.17153509273963197,0.02129518479327368,0.0010307559973179098,-0.0007810106066014236,0.000358507531351649,3230.0
0.10096913235718416,-0.17153509273963197,0.02129518479327368,0.0010307559973179098,-0.0007810106066014236,0.000358507531351649,3230.0
0.10118975318624825,-0.17170131515956832,0.021372084871823686,0.0010190861006511315,-0.000763402813280938,0.00035598904513737325,3230.2152564017792
0.10325777724794627,-0.17315511781447884,0.022111045915079584,0.0009023583542690767,-0.0005873755223800241,0.0003305089092471257,3232.3678204195717
0.10544505221071161,-0.17441802563205605,0.022939231211000135,0.0007595898173008837,-0.0003722323351981579,0.00029863994002314603,3235.0
0.10544505221071161,-0.17441802563205605,0.022939231211000135,0.0007595898173008837,-0.0003722323351981579,0.00029863994002314603,3235.0
0.10560128415203941,-0.1744934021566026,0.023000849856917097,0.0007483530862403601,-0.00035529819941081955,0.00029609936744632854,3235.207212014576
0.10703554961657342,-0.17505419520436363,0.023587896598350727,0.0006359968288746969,-0.00018598448240422495,0.0002704381563344459,3237.279332160334
0.10856526192296205,-0.17525785968820606,0.024277069135906895,0.0004885284240361351,3.6256680732437e-05,0.00023605230383905753,3240.0
0.10856526192296205,-0.17525785968820606,0.024277069135906895,0.0004885284240361351,3.6256680732437e-05,0.00023605230383905753,3240.0
0.10866069026341622,-0.17524910593586757,0.02432344043149302,0.00047782782393775955,5.238823709915459e-05,0.0002335264690512523,3240.1975013848
0.10949875729868698,-0.1749863501878978,0.02475956299874406,0.0003708507490646949,0.0002136864930449628,0.00020804660138265934,3242.1725152328004
0.11033092932467359,-0.1740557554477725,0.025295452085648686,0.0002178006790773616,0.0004445521167004417,0.00017087520498282126,3245.0
0.11033092932467359,-0.1740557554477725,0.025295452085648686,0.0002178006790773616,0.0004445521167004417,0.00017087520498282126,3245.0
0.11037443447594598,-0.17396292276493042,0.025330196294720653,0.00020671170255334988,0.00046128567834261924,0.00016814929842624775,3245.2049653422487
0.11068450549275216,-0.17284597125805137,0.025646742053715862,9.58589222227278e-05,0.0006286010639994123,0.00014065765221825218,3247.2546187647354
0.11074397094790087,-0.17081266176897378,0.025981620179191253,-5.252009547035934e-05,0.000852643352399477,0.0001031739427417497,3250.0
0.11074397094790087,-0.17081266176897378,0.025981620179191253,-5.252009547035934e-05,0.000852643352399477,0.0001031739427417497,3250.0
0.11073192095570922,-0.17063413243961617,0.02600271434630679,-6.372135136845057e-05,0.00086955887637773,0.00010031248447904573,3250.2073267782084
0.11048371497966024,-0.16865597544302197,0.026180854820817948,-0.00017570480557127944,0.0010386809736121039,7.146070468749711e-05,3252.2805945602927
0.10980625704058301,-0.1655298769542792,0.026323006251611648,-0.0003225258694798537,0.0012603997143186268,3.2960568798857233e-05,3255.0
0.10980625704058301,-0.1655298769542792,0.026323006251611648,-0.0003225258694798537,0.0012603997143186268,3.2960568798857233e-05,3255.0
0.10973546486084104,-0.1652562375300161,0.02632978017021916,-0.0003341659414988007,0.0012779705644297484,2.9875767317735414e-05,3255.2156024340925
0.10888951818160948,-0.16231153233102943,0.026360742102532756,-0.00045056188642996533,0.0014536160550446043,-1.2339898837910926e-06,3257.3716267750174
0.107518778346299,-0.15820967914024692,0.026306959450052,-0.0005924794977178843,0.0016675560156122285,-3.981122784271591e-05,3260.0
0.107518778346299,-0.15820967914024692,0.026306959450052,-0.0005924794977178843,0.0016675560156122285,-3.981122784271591e-05,3260.0
0.10738601476842749,-0.15783775071884004,0.026297763004038223,-0.0006044632070047791,0.0016855995386299471,-4.3101072492476383e-05,3260.2218378360835
0.10591213183745582,-0.1538984026788769,0.02616543416262911,-0.0007243452006563722,0.0018659208532004305,-7.628962976056404e-05,3262.4402161969188
0.10388076326942379,-0.14885605106668734,0.025920432343587888,-0.0008628298299625278,0.002073688031487914,-0.00011525584575938107,3265.0
0.10388076326942379,-0.14885605106668734,0.025920432343587888,-0.0008628298299625278,0.002073688031487914,-0.00011525584575938107,3265.0
0.10368432897130396,-0.14838520393695964,0.025893984791313274,-0.0008750743117253643,0.0020920147873035476,-0.00011873329270648217,3265.2260588854597
0.10156764936255687,-0.14344902232104587,0.025586017371111647,-0.0009976470731165807,0.002275088247908594,-0.0001538324691143202,3267.4866477400565
0.09888860369995496,-0.13747562784485173,0.025149603874624258,-0.0011342751742611215,0.0024781451996002735,-0.0001935723455073712,3270.0
0.09888860369995496,-0.13747562784485173,0.025149603874624258,-0.0011342751742611215,0.0024781451996002735,-0.0001935723455073712,3270.0
0.09862897048146478,-0.13690938000846536,0.025105122357885427,-0.0011466780824193666,0.002496504146505344,-0.0001972116731729662,3270.227653326375
0.09587714433453849,-0.13101727680314632,0.02461444831992808,-0.0012709618325502743,0.0026797785557297143,-0.00023397219737317145,3272.504186590123
0.09253437868579993,-0.1240790854173556,0.023979383306910143,-0.0014078650059348478,0.0028799359373326786,-0.000275076921169761,3275.0
0.09253437868579993,-0.1240790854173556,0.023979383306910143,-0.0014078650059348478,0.0028799359373326786,-0.000275076921169761,3275.0
0.09221451133406114,-0.12342559801009265,0.02391673462532331,-0.0014203186559302518,0.0028980253168947546,-0.0002788473778971423,3275.2261999418447
0.08886056160193406,-0.11666605884234187,0.02324300823756024,-0.0015452945148928113,0.0030784235996882976,-0.0003169734331516328,3277.4881993602917
0.08480367203207347,-0.10868334333126374,0.022392683651923467,-0.0016851901982383054,0.0032775031479163955,-0.0003602658389501331,3280.0
0.08480367203207347,-0.10868334333126374,0.022392683651923467,-0.0016851901982383054,0.0032775031479163955,-0.0003602658389501331,3280.0
0.08442892894749027,-0.10795524789802828,0.022312434924991985,-0.0016976032048708187,0.0032949842022221417,-0.0003641377844214255,3280.221558492318
0.08052970042081582,-0.1004618606301166,0.021462384583974214,-0.0018224391967651304,0.003469023281339624,-0.00040335273128382527,3282.4371434154964
0.07567205567046685,-0.09131541076950248,0.020369252552722518,-0.0019687491347566495,0.0036682558560592435,-0.0004499372040005528,3285.0
0.07567205567046685,-0.09131541076950248,0.020369252552722518,-0.0019687491347566495,0.0036682558560592435,-0.0004499372040005528,3285.0
0.07524964871065275,-0.09052905512023743,0.02027259431104078,-0.001981075973893338,0.00368475610472622,-0.00045389163660937,3285.213886578615
0.07087976039943397,-0.08247229055294125,0.019259044151979078,-0.0021054472500543564,0.00384853337368413,-0.0004940428163005573,3287.352752364766
0.06509886996060242,-0.07201991177936755,0.017883598246286443,-0.002262723058401237,0.004047455207837076,-0.0005454519324056817,3290.0
0.06509886996060242,-0.07201991177936755,0.017883598246286443,-0.002262723058401237,0.004047455207837076,-0.0005454519324056817,3290.0
0.06463758314524518,-0.07119548197072863,0.017772290679552324,-0.0022749924762788067,0.004062512861967981,-0.0005494906573160308,3290.203312571343
0.05988630569162674,-0.06278424618292981,0.016613496841095997,-0.0023994254650489353,0.004211011905564859,-0.0005906724801766492,3292.2364382847713
0.05301489197813818,-0.0508763106551847,0.014900838971760373,-0.002574826286181495,0.004405012687241243,-0.0006493676309099856,3295.0
0.05301489197813818,-0.0508763106551847,0.014900838971760373,-0.002574826286181495,0.004405012687241243,-0.0006493676309099856,3295.0
0.05252618758845276,-0.050041016349553886,0.014777489652666355,-0.0025871761143138527,0.0044178655905122355,-0.0006535264940450251,3295.189347116676
0.047508683306390596,-0.04155682864496614,0.013499940495565412,-0.0027135313084507414,0.004542325250397275,-0.0006962631725628901,3297.082818283435
0.039294385506158894,-0.02804913162276114,0.011367090700373337,-0.0029212045859742897,0.004713040941700876,-0.0007671895715519559,3300.0
0.039294385506158894,-0.02804913162276114,0.011367090700373337,-0.0029212045859742897,0.004713040941700876,-0.0007671895715519559,3300.0
0.03879861361893031,-0.02725024411772984,0.011236800453370142,-0.0029338747849544148,0.00472179467496877,-0.0007715433078283947,3300.1693479903593
0.033720276400709265,-0.019185862120217386,0.009892340199866803,-0.003065032689227309,0.004798667582883511,-0.0008168056501654923,3301.862827893952
0.023698658731259103,-0.004008829769975471,0.007187952364127479,-0.003325690907011807,0.004849314605274866,-0.0009084628017900728,3305.0
0.023698658731259103,-0.004008829769975471,0.007187952364127479,-0.003325690907011807,0.004849314605274866,-0.0009084628017900728,3305.0
0.023292740927125678,-0.003417950574481222,0.007077016592801152,-0.0033356446369555326,0.004847297564588943,-0.0009120551930679316,3305.121872513503
0.01917005659071114,0.0024678578468101246,0.005944401929667509,-0.003426799635387775,0.0048048283910036285,-0.000945782755291123,3306.3405976485346
0.006367428795001654,0.019554653942475984,0.002368305940680535,-0.0035232282306171623,0.004510413592031651,-0.0009941877729402566,3310.0
0.006367428795001654,0.019554653942475984,0.002368305940680535,-0.0035232282306171623,0.004510413592031651,-0.0009941877729402566,3310.0
0.005894018903150072,0.020159980780205467,0.002234675842388245,-0.0035219926867344174,0.004498027768454738,-0.000994475429157461,3310.134391015829
0.0011746327921296875,0.026121857541996585,0.0008980487686821878,-0.0034981927125813787,0.004374649203602387,-0.0009936536953595607,3311.478301174118
-0.010945255603087796,0.04097366810833658,-0.002567903699049719,-0.003373845172292875,0.0040628829631203485,-0.0009709972328101203,3315.0
-0.010945255603087796,0.04097366810833658,-0.002567903699049719,-0.003373845172292875,0.0040628829631203485,-0.0009709972328101203,3315.0
-0.011435988252440856,0.04156426681489555,-0.002709172097580083,-0.003367505106912748,0.004050377541577726,-0.0009696509125266976,3315.1455885807786
-0.0162907629731818,0.04737085842560673,-0.0041104461769073345,-0.003300695873048211,0.0039267542500600995,-0.0009549824196662983,3316.601474388565
-0.027219202953368174,0.06023689213832386,-0.007289049852427444,-0.003127290987200699,0.0036464744436171736,-0.0009143557810427811,3320.0
-0.027219202953368174,0.06023689213832386,-0.007289049852427444,-0.003127290987200699,0.0036464744436171736,-0.0009143557810427811,3320.0
-0.027760611152493536,0.060867905749272776,-0.007447387399015363,-0.0031179767512495684,0.003632422989063471,-0.0009121034894599686,3320.1733817296627
-0.03308471729541255,0.0670447083444832,-0.009008821691504592,-0.0030229752788215217,0.0034929779477030527,-0.0008888316690648983,3321.907199026289
-0.042163825050708634,0.0774681215962873,-0.011690120943520996,-0.0028469689364372117,0.0032481967978637677,-0.0008445444205833017,3325.0
-0.042163825050708634,0.0774681215962873,-0.011690120943520996,-0.0028469689364372117,0.0032481967978637677,-0.0008445444205833017,3325.0
-0.04270509970929853,0.07808545514519366,-0.011850731772005478,-0.002835922975632706,0.0032332506321159,-0.0008417226711204485,3325.1904925633353
-0.048001394060179225,0.08410267503371656,-0.01342692795613643,-0.0027244035264821042,0.003084490416244085,-0.0008129906630754568,3327.095418196688
-0.055664120726564306,0.09273484160591722,-0.015722854298910998,-0.002551387546065719,0.0028596938930015646,-0.0007676248858232087,3330.0
-0.055664120726564306,0.09273484160591722,-0.015722854298910998,-0.002551387546065719,0.0028596938930015646,-0.0007676248858232087,3330.0
-0.05618134211887808,0.09331436192419515,-0.01587851311737792,-0.002539183870168643,0.0028440367171179088,-0.0007643922020749794,3330.203207516228
-0.06121672056658886,0.09893489287583607,-0.01739869406947955,-0.0024165400348215007,0.002687903887680009,-0.0007316802319714456,3332.2352826785063
-0.06766546964472218,0.10607374952309107,-0.019358919733259407,-0.002248263336621485,0.002476527629936477,-0.0006861710182147003,3335.0
-0.06766546964472218,0.10607374952309107,-0.019358919733259407,-0.002248263336621485,0.002476527629936477,-0.0006861710182147003,3335.0
-0.06814252493400781,0.10659903566192207,-0.019504562355643306,-0.0022352650338952535,0.0024602927553770246,-0.0006826274061835402,3335.2128034594034
-0.07276069842873371,0.11166207228253852,-0.02091928447020877,-0.0021049628424743413,0.002298194245748844,-0.0006468871032775466,3337.3408380534374
-0.07814094811879281,0.11750459251807946,-0.022579303617709035,-0.0019415212268551712,0.00209613890783618,-0.0006015177441870924,3340.0
-0.07814094811879281,0.11750459251807946,-0.022579303617709035,-0.0019415212268551712,0.00209613890783618,-0.0006015177441870924,3340.0
-0.07856526415416143,0.11796247173177928,-0.022710809203307817,-0.0019280260001266055,0.0020794883809099936,-0.0005977459197795138,3340.2193104055923
-0.08264554505958643,0.12234051329052183,-0.023980177339686156,-0.0017929510951306285,0.001913094745937837,-0.0005597802045461833,3342.4124144615153
-0.08707857086124626,0.12703700438375037,-0.025370126736530267,-0.0016334127100849447,0.0017169442347112836,-0.0005144496089330167,3345.0
-0.08707857086124626,0.12703700438375037,-0.025370126736530267,-0.0016334127100849447,0.0017169442347112836,-0.0005144496089330167,3345.0
-0.08744029536501037,0.12741695502951836,-0.025484097642074734,-0.0016197038981700337,0.0017000866098885133,-0.0005105304865190787,3345.222386434972
-0.09088987200690209,0.13101028244497778,-0.026575711042204603,-0.0014826298308251672,0.0015315210262998283,-0.00047113546720886683,3347.4462507846933
-0.09447524986937582,0.13467421039064695,-0.027720654904276845,-0.0013253310539241452,0.0013379161260754005,-0.00042546841586337344,3350.0
-0.09447524986937582,0.13467421039064695,-0.027720654904276845,-0.0013253310539241452,0.0013379161260754005,-0.00042546841586337344,3350.0
-0.0947677947189671,0.13496919526536014,-0.027814614070973118,-0.001311678086251728,0.001321087043778538,-0.0004214820669387753,3350.2218762739276
-0.09752671321430893,0.13771363119092053,-0.028705428182968017,-0.001175254080505623,0.001152737034618304,-0.0003814505551234315,3352.4406390132035
-0.10033353177718267,0.14041521982448968,-0.0296222262299606,-0.0010181782582593015,0.0009583704776818676,-0.0003349151331004653,3355.0
-0.10033353177718267,0.14041521982448968,-0.0296222262299606,-0.0010181782582593015,0.0009583704776818676,-0.0003349151331004653,3355.0
-0.10055408377902464,0.14062238109033437,-0.029694818964984358,-0.001004816381825433,0.0009417980341029728,-0.0003309350266647632,3355.2180451181403
-0.10259948340019585,0.1424951717368862,-0.03037290905472032,-0.0008713588577800285,0.0007759709179074652,-0.000290995981740535,3357.398496299543
-0.10465965021175697,0.1442562259145363,-0.031067618214843176,-0.0007125488320458836,0.0005778508213552536,-0.0002430319796061114,3360.0
-0.10465965021175697,0.1442562259145363,-0.031067618214843176,-0.0007125488320458836,0.0005778508213552536,-0.0002430319796061114,3360.0
-0.10480887091731786,0.14437663962026248,-0.031118564564398085,-0.0006996722176308384,0.000561740681395617,-0.00023912246878943176,3360.211327772532
-0.10615155103783112,0.1453934366139398,-0.03158250403780247,-0.0005710941319848027,0.00040051481414801467,-0.00019991478879176675,3362.3246054978526
-0.10746225935075952,0.1461915638829466,-0.032050647931610075,-0.0004088284283328156,0.0001960622263218306,-0.0001499968413042148,3365.0
-0.10746225935075952,0.1461915638829466,-0.032050647931610075,-0.0004088284283328156,0.0001960622263218306,-0.0001499968413042148,3365.0
-0.1075435435305868,0.1462295783318656,-0.03208054178645546,-0.00039661238433360814,0.00018062036448786875,-0.00014621935806756012,3365.201837891962
-0.10822090921930465,0.14643821075411428,-0.03233748178079494,-0.00027464387767552674,2.607303819418308e-05,-0.00010835374266470058,3367.220216811582
-0.10875153935918766,0.1462144142116543,-0.03256590541124532,-0.00010724834726542079,-0.00018716694003991665,-5.594361404875962e-05,3370.0
-0.10875153935918766,0.1462144142116543,-0.03256590541124532,-0.00010724834726542079,-0.00018716694003991665,-5.594361404875962e-05,3370.0
-0.10877162258412876,0.14617579483074644,-0.032576625773372114,-9.533572468076751e-05,-0.0002023948304698632,-5.219456941107691e-05,3370.1982710979487
-0.10884268365802667,0.14562345179676067,-0.03264289167170001,2.359595021559419e-05,-0.0003548041369742657,-1.4625537585061891e-05,3372.1809820774356
-0.1085385156596355,0.14431735474757373,-0.03260856021925632,0.0001920814167359887,-0.000571908385315724,3.902813875722967e-05,3375.0
-0.1085385156596355,0.14431735474757373,-0.03260856021925632,0.0001920814167359887,-0.000571908385315724,3.902813875722967e-05,3375.0
-0.10849782717258671,0.14419832455031614,-0.03260014611052541,0.0002043231676928886,-0.0005877368055090969,4.294606090794495e-05,3375.2052873436373
-0.1079528727972195,0.14282920779907543,-0.03247171335409389,0.0003265325391565045,-0.0007461588182196624,8.220183425221789e-05,3377.2581607800107
-0.10683445418933571,0.1404928606410034,-0.032174216108818786,0.0004891739725080937,-0.000958131872016995,0.00013484322394093055,3380.0
-0.10683445418933571,0.1404928606410034,-0.032174216108818786,0.0004891739725080937,-0.000958131872016995,0.00013484322394093055,3380.0
-0.10672853166114654,0.14028627423687592,-0.03214495113720231,0.0005018283593191448,-0.0009746749802626254,0.00013895782258065517,3380.2137683330047
-0.1055206855576494,0.13802580539643922,-0.03180386770167079,0.0006281590062046096,-0.0011402433235108572,0.00018018020297186883,3382.351451663052
-0.10365026344065427,0.134733800781355,-0.031258812313040306,0.0007841608971231524,-0.001345708540731161,0.0002314419299920284,3385.0
-0.10365026344065427,0.134733800781355,-0.031258812313040306,0.0007841608971231524,-0.001345708540731161,0.0002314419299920284,3385.0
-0.10347632626038288,0.13443586825030038,-0.031207425996724863,0.0007970966959036288,-0.0013627884316784673,0.0002357099147602769,3385.219998453522
-0.10158058568708843,0.13124978446303517,-0.030641862370657764,0.0009262570475440036,-0.0015337071467584416,0.0002784651755320988,3387.4199829887402
-0.09899588311918847,0.12703395108036453,-0.029858553610110822,0.0010773028508880636,-0.001734400140669088,0.000328777293460143,3390.0
-0.09899588311918847,0.12703395108036453,-0.029858553610110822,0.0010773028508880636,-0.001734400140669088,0.000328777293460143,3390.0
-0.0987534391462708,0.126644037446438,-0.029784520728670546,0.0010903822047026962,-0.0017518082645500651,0.000333149089613043,3390.2236892454575
-0.0961682084030101,0.12253066638244527,-0.028990348362768245,0.001221021025262407,-0.0019259692562474146,0.00037694065986011195,3392.460581700033
-0.09287953075629508,0.11738863953271662,-0.027969848736494267,0.0013690374959471048,-0.002123815346300732,0.0004268144150504675,3395.0
-0.09287953075629508,0.11738863953271662,-0.027969848736494267,0.0013690374959471048,-0.002123815346300732,0.0004268144150504675,3395.0
-0.09257094450045888,0.11691023705175047,-0.02787360490918374,0.0013821056971544564,-0.0021412932173135732,0.0004312297737899367,3395.224333088639
-0.08932390480078677,0.11191055474837706,-0.026856632815353172,0.00151271211654483,-0.0023160809860512687,0.00047545421536781185,3397.467663975029
-0.08530663731354833,0.10579567989802453,-0.02558925377868023,0.001660059945454813,-0.0025133338457001427,0.0005255290937971498,3400.0
-0.08530663731354833,0.10579567989802453,-0.02558925377868023,0.001660059945454813,-0.0025133338457001427,0.0005255290937971498,3400.0
-0.08493736317602857,0.10523685076250214,-0.02547231772909056,0.0016729586753242676,-0.002530582275990382,0.0005299201150990412,3400.221585408783
-0.08108738709594986,0.09943842601086471,-0.02424939089923625,0.0018019978827939294,-0.0027029619751251493,0.0005738974351906905,3402.437439496614
-0.07627821142194394,0.09225685578295462,-0.022713421107567088,0.001951480457692832,-0.0029019516760470875,0.0006249068586737279,3405.0
-0.07627821142194394,0.09225685578295462,-0.022713421107567088,0.001951480457692832,-0.0029019516760470875,0.0006249068586737279,3405.0
-0.07585627578121439,0.09162963416869742,-0.0225782794732088,0.001964078007524666,-0.002918656839429908,0.0006292061222555619,3405.215517512096
-0.07148741437461338,0.08515961203909386,-0.021175854897861432,0.002090302884384543,-0.003085422948687241,0.0006722611234348024,3407.370692633057
-0.06578803782766282,0.07678058049762283,-0.019339054817528734,0.0022451590196100554,-0.003287935659296018,0.0007249408413040806,3410.0
-0.06578803782766282,0.07678058049762283,-0.019339054817528734,0.0022451590196100554,-0.003287935659296018,0.0007249408413040806,3410.0
-0.06532325160955393,0.07610013363264453,-0.019188959014335767,0.0022573783586257753,-0.003303773706971446,0.0007290863848459039,3410.206455309874
-0.06053624093029266,0.06911624029019452,-0.01764088775006242,0.002380139284306249,-0.003461559222087017,0.000770597640045399,3412.2710084086134
-0.05381722404212658,0.05938740733163958,-0.015462893431583323,0.002544515294658239,-0.003667923250333743,0.0008256202262923048,3415.0
-0.05381722404212658,0.05938740733163958,-0.015462893431583323,0.002544515294658239,-0.003667923250333743,0.0008256202262923048,3415.0
-0.05332116277624406,0.0586725759408967,-0.015301927551278094,0.0025563567200127223,-0.0036824986823827182,0.0008295501720007818,3415.194500691215
-0.04823311690822491,0.051369147334994786,-0.013650199201039704,0.0026759210072849725,-0.0038270283872437567,0.0008688912594710195,3417.1395076033664
-0.040321544373367546,0.0401240818089731,-0.011081863410771619,0.002856953437196599,-0.0040338886553718005,0.0009268518052463344,3420.0
-0.040321544373367546,0.0401240818089731,-0.011081863410771619,0.002856953437196599,-0.0040338886553718005,0.0009268518052463344,3420.0
-0.03980947680913642,0.03940140188498904,-0.010915750708469684,0.002868559014741896,-0.004046498454679384,0.0009304797296121053,3420.178872427794
-0.034573106464171235,0.032052365795675594,-0.009218945122825145,0.002987132413445346,-0.0041695592945023095,0.0009667326737164744,3421.9675967057337
-0.02519246748149104,0.019115684927457865,-0.006194801129508742,0.003204199253675342,-0.004356173537854834,0.0010275611740571842,3425.0
-0.02519246748149104,0.019115684927457865,-0.006194801129508742,0.003204199253675342,-0.004356173537854834,0.0010275611740571842,3425.0
-0.024692151108438525,0.018436118950024942,-0.006034414039758281,0.0032161940593817555,-0.004364412954832367,0.0010306251795857686,3425.1558526831486
-0.019582595403752796,0.011577351673380313,-0.00440481232544337,0.003342892034571551,-0.0044317744830398575,0.0010601377685638075,3426.714379514635
-0.008164025896114627,-0.0029420990362713697,-0.0008593555397841748,0.003566311462076004,-0.004328579521709554,0.0010806051356144172,3430.0
-0.008164025896114627,-0.0029420990362713697,-0.0008593555397841748,0.003566311462076004,-0.004328579521709554,0.0010806051356144172,3430.0
-0.007752992009028595,-0.0034403119688808277,-0.0007349032719648934,0.003567388876050401,-0.004318248649485149,0.0010793378297273074,3430.115235791016
-0.003645692770534414,-0.008356210531361203,0.0004999804546365293,0.003555112798749466,-0.004213791296008663,0.001062998852115074,3431.2675937011754
0.009351739026473436,-0.023487805413401813,0.004343795544659341,0.0033921239601859246,-0.003900908813386541,0.000994977928509344,3435.0
0.009351739026473436,-0.023487805413401813,0.004343795544659341,0.0033921239601859246,-0.003900908813386541,0.000994977928509344,3435.0
0.009843734937813963,-0.024053421593768602,0.004488073776932372,0.003384196372982749,-0.0038894112796569185,0.0009921863736794103,3435.1452101089803
0.014698732307801388,-0.029618672744968665,0.00590844247870443,0.003301800868738491,-0.0037761827390666806,0.0009640482851678699,3436.5973111987837
0.02558527506408476,-0.042028414534900624,0.009075326144190266,0.0030945181108790205,-0.0035194680564574377,0.0008972087337474886,3440.0
0.02558527506408476,-0.042028414534900624,0.009075326144190266,0.0030945181108790205,-0.0035194680564574377,0.0008972087337474886,3440.0
0.026120364102344473,-0.042636942401998376,0.00923044426189847,0.003083631545425106,-0.003506615339713191,0.0008937894062098438,3440.1732197217025
0.03136679034377665,-0.048600275129200676,0.010749012592021073,0.00297357238942,-0.0033788935524195606,0.0008595382190736632,3441.9054169387273
0.04025955918022332,-0.05870688749279199,0.013314028758798389,0.0027730913352574677,-0.0031533637275804032,0.000798183010442856,3445.0
0.04025955918022332,-0.05870688749279199,0.013314028758798389,0.0027730913352574677,-0.0031533637275804032,0.000798183010442856,3445.0
0.040786547887262346,-0.05930617419910514,0.013465694012002183,0.0027606464160941646,-0.0031395550575255807,0.0007944051440630948,3445.190463865874
0.04592572517872803,-0.06515462365986659,0.014942762274505507,0.0026357004804432632,-0.0030018086773408266,0.0007566136801907535,3447.0951025246127
0.053303886638377235,-0.07357043197650665,0.017056907361167845,0.002443925512989234,-0.0027925290369327305,0.0006989593941702436,3450.0
0.053303886638377235,-0.07357043197650665,0.017056907361167845,0.002443925512989234,-0.0027925290369327305,0.0006989593941702436,3450.0
0.053799475979724835,-0.07413678749698677,0.017198626343623083,0.002430472944868671,-0.0027778953512066747,0.0006949262699494366,3450.203343771983
0.05860480735806615,-0.0796367399256743,0.01857071559109922,0.0022958028960249274,-0.0026316338604939864,0.0006546033027484624,3452.2367814918116
0.06469553384100933,-0.08663398938953026,0.020303862317666045,0.0021126190683867273,-0.0024329160784057383,0.0005998459569647554,3455.0
0.06469553384100933,-0.08663398938953026,0.020303862317666045,0.0021126190683867273,-0.0024329160784057383,0.0005998459569647554,3455.0
0.06514399749793223,-0.0871505435394975,0.020431174449007224,0.0020985068451853783,-0.002417587097496459,0.0005956297904553802,3455.2129899133297
0.06946336560497754,-0.09213644677074753,0.021654921742910935,0.001957455705069448,-0.002264201527018434,0.0005534900009829359,3457.3428890466266
0.07443107734748414,-0.09789810055693371,0.02305583077004455,0.0017817989456633708,-0.00207250365747065,0.000500983044211655,3460.0
0.07443107734748414,-0.09789810055693371,0.02305583077004455,0.0017817989456633708,-0.00207250365747065,0.000500983044211655,3460.0
0.074820256709081,-0.09835088342540349,0.02316522672839033,0.0017673275826687704,-0.0020566546272847873,0.0004966548248670564,3460.2193099762057
0.07853765737363229,-0.10268738044787427,0.024207003666878526,0.0016228282136160487,-0.0018979527858107139,0.00045340491813871666,3462.4124097382632
0.08251689124328573,-0.10735566340931023,0.025314293433576215,0.001452913776441829,-0.0017101488625678475,0.00040245682260881953,3465.0
0.08251689124328573,-0.10735566340931023,0.025314293433576215,0.001452913776441829,-0.0017101488625678475,0.00040245682260881953,3465.0
0.08283771761552627,-0.10773339877478617,0.025403124872421332,0.0014383786418366519,-0.0016940064139852303,0.0003980934012999248,3465.2219259941485
0.08586880389574629,-0.11131349770805342,0.0262382110506138,0.0012933356715962676,-0.001532295080008354,0.0003544999033849425,3467.4411859356333
0.0889650239109847,-0.11499509038675251,0.027081104434337908,0.0011268461446847918,-0.0013451553178044286,0.0003043338162113439,3470.0
0.0889650239109847,-0.11499509038675251,0.027081104434337908,0.0011268461446847918,-0.0013451553178044286,0.0003043338162113439,3470.0
0.08921224903371457,-0.11529031219186738,0.027147823834937395,0.0011125236973909894,-0.0013289671126565361,0.00030001162667551024,3470.2207989384137
0.09151084903993838,-0.11804568832688749,0.02776256590572939,0.000969663067689104,-0.0011667558824722736,0.00025683722265828953,3472.428788322551
0.09379109305993602,-0.12080200018240253,0.028358432522685967,0.0008041693369625442,-0.0009770801545063274,0.0002066749262597493,3475.0
0.09379109305993602,-0.12080200018240253,0.028358432522685967,0.0008041693369625442,-0.0009770801545063274,0.0002066749262597493,3475.0
0.09396360272948757,-0.12101169580439895,0.028402698228304445,0.0007902891205240287,-0.0009610751776931163,0.00020246042524760493,3475.216386691592
0.09552380045979772,-0.12291791186596303,0.028795237166379578,0.000651875336383828,-0.0008006803761978181,0.00016036824088178864,3477.380253607513
0.0970130814747118,-0.12476021666484707,0.029148753342018188,0.00048527037573474436,-0.0006056367723040312,0.00010954299528992146,3480.0
0.0970130814747118,-0.12476021666484707,0.029148753342018188,0.00048527037573474436,-0.0006056367723040312,0.00010954299528992146,3480.0
0.09711324146238368,-0.12488531735229329,0.029171252233768815,0.00047201138065152055,-0.0005900139027580462,0.0001054906697105713,3480.209259414556
0.09796252424504627,-0.1259562673623703,0.029349643322028062,0.00033981029176864154,-0.0004334446024243751,6.502433760530949e-05,3482.301853560117
0.09865058299262738,-0.12685240466796813,0.02945487296545808,0.00017041439947568102,-0.0002306416080636272,1.300818886986988e-05,3485.0
0.09865058299262738,-0.12685240466796813,0.02945487296545808,0.00017041439947568102,-0.0002306416080636272,1.300818886986988e-05,3485.0
0.09868335209152058,-0.12689693953165568,0.029457086163940865,0.00015793238854077817,-0.00021559580947599425,9.168190194435723e-06,3485.1996012230593
0.0988742729329302,-0.127176890782898,0.029437103930042605,3.348235131719467e-05,-6.481747941456564e-05,-2.9172016403538915e-05,3487.195613453652
0.09872429024982222,-0.12706050130099597,0.029279977439981668,-0.00014021991669942402,0.00014801673376922935,-8.284674969030609e-05,3490.0
0.09872429024982222,-0.12706050130099597,0.029279977439981668,-0.00014021991669942402,0.00014801673376922935,-8.284674969030609e-05,3490.0
0.09869535141014929,-0.12702973828976968,0.029263218727874248,-0.00015241888430543956,0.00016307084353929573,-8.662315800955982e-05,3490.197777792059
0.09827352398707206,-0.12655813115703976,0.029054599688591417,-0.00027403464225347494,0.0003139324218112665,-0.00012431894648455642,3492.1755557126467
0.09725560168006467,-0.12536604148666433,0.028627699177690223,-0.0004465266908148214,0.0005303900387650418,-0.00017792479754038233,3495.0
0.09725560168006467,-0.12536604148666433,0.028627699177690223,-0.0004465266908148214,0.0005303900387650418,-0.00017792479754038233,3495.0
0.09716141700061565,-0.12525406784562174,0.02859028468391026,-0.00045917381109762364,0.000546375605238832,-0.00018186140906959668,3495.207981660886
0.09607520542377207,-0.1239512127983148,0.028171173299524687,-0.0005852251824096915,0.0007065883028006505,-0.00022113846771774944,3497.287798269748
0.09426630710326671,-0.12175040405995405,0.0275022233360007,-0.0007484544577306233,0.0009164901705802558,-0.00027210010757102956,3500.0
0.09426630710326671,-0.12175040405995405,0.0275022233360007,-0.0007484544577306233,0.0009164901705802558,-0.00027210010757102956,3500.0
0.09410362130978356,-0.12155109606429172,0.0274431500308854,-0.0007613701338952248,0.000933213901822235,-0.00027613679043435486,3500.2155027104905
0.09232401908644153,-0.11935950722155488,0.026804657406050186,-0.0008900753031701496,0.0011008334100453382,-0.0003163890150037,3502.370529815395
0.08977831773411804,-0.116194998431881,0.025908470215708274,-0.001046006691320859,0.001306293351115727,-0.00036520169530788836,3505.0
0.08977831773411804,-0.116194998431881,0.025908470215708274,-0.001046006691320859,0.001306293351115727,-0.00036520169530788836,3505.0
0.08954655783043718,-0.11590545714961786,0.025827605355150912,-0.001059012431558962,0.001323543014226641,-0.00036927432881892353,3505.220197285107
0.0870718070073079,-0.1128008326843964,0.0249697457407562,-0.0011886047069736892,0.0014964331964951896,-0.000409854035940071,3507.4221701361785
0.08381336932640975,-0.10868144979764564,0.02385236157034868,-0.0013392524064074164,0.0016997363526290565,-0.0004569952688419317,3510.0
0.08381336932640975,-0.10868144979764564,0.02385236157034868,-0.0013392524064074164,0.0016997363526290565,-0.0004569952688419317,3510.0
0.08351527606911228,-0.10830299293943677,0.023750683496235964,-0.0013521484556455533,0.0017172479849574458,-0.0004610276247202824,3510.221515202621
0.080377579581513,-0.10430477350128382,0.022684919032214694,-0.0014806545563857806,0.0018927516531641415,-0.0005011638142063756,3512.4366672288315
0.07639264737369855,-0.09919181362784789,0.021341224378831954,-0.0016283479023172416,0.002096708004158885,-0.0005471444610457648,3515.0
0.07639264737369855,-0.09919181362784789,0.021341224378831954,-0.0016283479023172416,0.002096708004158885,-0.0005471444610457648,3515.0
0.07603460020633446,-0.09873064254780399,0.021220951279896306,-0.0016409237841162874,0.0021141744522535193,-0.0005510497882096865,3515.2190377934153
0.07230294400446319,-0.09390823519958418,0.019971355154914536,-0.0017662692904514435,0.002289199140160611,-0.0005898619675223917,3517.409415727568
0.06753624757513205,-0.08770886333658272,0.018384465832669495,-0.0019135839977873208,0.0024970267309368387,-0.0006351363534399411,3520.0
0.06753624757513205,-0.08770886333658272,0.018384465832669495,-0.0019135839977873208,0.0024970267309368387,-0.0006351363534399411,3520.0
0.06712762820504432,-0.08717551289171066,0.018248874955655147,-0.0019256511536878628,0.0025141373903895905,-0.0006388243773028643,3520.2128649286683
0.06290040964919404,-0.08164145246356375,0.016850021941628532,-0.002045987006909328,0.0026855534185009342,-0.0006753865749131057,3522.3415142153513
0.05726227557186854,-0.07421655949635586,0.014994802820437296,-0.002195491841911934,0.002900385314751533,-0.0007201207279989521,3525.0
0.05726227557186854,-0.07421655949635586,0.014994802820437296,-0.002195491841911934,0.002900385314751533,-0.0007201207279989521,3525.0
0.05681447929556947,-0.07362485104592835,0.014847963072951083,-0.002206906382406465,0.002916851453965446,-0.0007234968648845238,3525.2034328488176
0.052208953113431704,-0.06752336572748217,0.013342101555520782,-0.002320843975425288,0.0030817407906592502,-0.000756813561603478,3527.237761336993
0.045585085521033325,-0.0587009886941256,0.011190798498685425,-0.0024751115162401772,0.0033061996205903067,-0.0008005012008056462,3530.0
0.045585085521033325,-0.0587009886941256,0.011190798498685425,-0.0024751115162401772,0.0033061996205903067,-0.0008005012008056462,3530.0
0.04511156775752852,-0.05806835105454252,0.0110377013436115,-0.002485769668531248,0.003321725680567694,-0.0008034426240883745,3530.190900664271
0.04026447993795545,-0.051578896617881106,0.009476302886957964,-0.0025923690197563833,0.003477071930703201,-0.0008321562530924412,3532.0999073069797
0.03251103040361016,-0.041152783691496775,0.007003235752607105,-0.002754859364930677,0.0037130697997244328,-0.0008725808510028223,3535.0
0.03251103040361016,-0.041152783691496775,0.007003235752607105,-0.002754859364930677,0.0037130697997244328,-0.0008725808510028223,3535.0
0.03202987436271153,-0.04050418831441137,0.006850906356443234,-0.0027646815868027385,0.0037272350403882858,-0.0008748488041529847,3535.1743464388355
0.02712381226938179,-0.0338825573939278,0.0053067082742665195,-0.002863455075915989,0.003868611187418457,-0.0008960910238512306,3536.917810827191
0.018023731180601965,-0.021576827995007798,0.0024985457649511697,-0.0030430884300716014,0.0041153124339245555,-0.0009228656191529089,3540.0
0.018023731180601965,-0.021576827995007798,0.0024985457649511697,-0.0030430884300716014,0.0041153124339245555,-0.0009228656191529089,3540.0
0.017569314575120232,-0.02096233486849145,0.0023608890322702266,-0.0030520996795620633,0.004126999927539201,-0.0009235366993841483,3540.14910685622
0.012949603221353242,-0.01472312189282977,0.000982140876734134,-0.0031456489271569806,0.004240450965793859,-0.0009232028157011562,3541.64017541842
0.0020879253775491578,-0.0002817544595754076,-0.0019444495249236944,-0.003227279688820018,0.004234151198791639,-0.0007878827917969349,3545.0
0.0020879253775491578,-0.0002817544595754076,-0.0019444495249236944,-0.003227279688820018,0.004234151198791639,-0.0007878827917969349,3545.0
0.0017825505512919031,0.00011885082322450732,-0.002018871549670681,-0.003222557682989525,0.004227081692068633,-0.0007840146205946271,3545.0946919425896
-0.0012448138467923112,0.004088166577178346,-0.002744776636903656,-0.0031703457011856683,0.004156664104521833,-0.0007505013805100215,3546.041611368486
-0.013306269481208555,0.019967462800799987,-0.005505419912090812,-0.0029194351412718733,0.003867307155251417,-0.0006505119539061638,3550.0
-0.013306269481208555,0.019967462800799987,-0.005505419912090812,-0.0029194351412718733,0.003867307155251417,-0.0006505119539061638,3550.0
-0.0137585723072469,0.020566791300902953,-0.005606119079616991,-0.002909231463112517,0.0038560303994367665,-0.0006471673320452716,3550.1551993597514
-0.018194185969595413,0.026463849093336423,-0.006585247114026299,-0.0028066453587404835,0.0037433087593971427,-0.0006149427811346361,3551.707192957265
-0.02707528754272857,0.0383957958403855,-0.008504532559245477,-0.0025874264906794496,0.0035038330124887765,-0.0005517387772150378,3555.0
-0.02707528754272857,0.0383957958403855,-0.008504532559245477,-0.0025874264906794496,0.0035038330124887765,-0.0005517387772150378,3555.0
-0.02753783284211826,0.03902244197497118,-0.008603097975749667,-0.002575487345722432,0.003490767711206245,-0.0005484468773743486,3555.1791799429125
-0.03204565637815665,0.04516000994679225,-0.009556710869536992,-0.00245615323000966,0.0033598935049540175,-0.0005161525284487914,3556.970979372037
-0.039180525328540675,0.055000878728071224,-0.01104006945933872,-0.002255021276534993,0.003137590566402551,-0.0004636656475183984,3560.0
-0.039180525328540675,0.055000878728071224,-0.01104006945933872,-0.002255021276534993,0.003137590566402551,-0.0004636656475183984,3560.0
-0.039619844670252626,0.05561248989748338,-0.011130336363463314,-0.002242092885751855,0.003123195105050698,-0.00046035716189880236,3560.1953783748068
-0.043874322295662634,0.061573664635748315,-0.01199774722863633,-0.0021131212817915267,0.002978878699469541,-0.00042769623089425557,3562.1491621228743
-0.04963153861347393,0.06976440142808196,-0.013150521702218807,-0.0019260866313388543,0.002767067094628156,-0.00038125016254572235,3565.0
-0.04963153861347393,0.06976440142808196,-0.013150521702218807,-0.0019260866313388543,0.002767067094628156,-0.00038125016254572235,3565.0
-0.05002982188808586,0.07033699926670252,-0.013229290735073165,-0.0019125376633254809,0.0027515845304962273,-0.0003779206368722339,3565.2075136233507
-0.05385835473552966,0.07588594251888454,-0.01397922364295314,-0.0017775160347433812,0.002596305141448838,-0.00034495682207786004,3567.2826498568575
-0.05844974309948059,0.08266334865192308,-0.014858873701318939,-0.0016020602915347974,0.002391698250403609,-0.00030262367289566987,3570.0
-0.05844974309948059,0.08266334865192308,-0.014858873701318939,-0.0016020602915347974,0.002391698250403609,-0.00030262367289566987,3570.0
-0.058794425699044695,0.08317839511938127,-0.01492390670508109,-0.0015881827810488836,0.002375359923218661,-0.0002992961226650901,3570.216085594402
-0.06207675518518906,0.08813429409634194,-0.015534903373668085,-0.0014499830093343325,0.0022114610866192878,-0.0002663009171993002,3572.376941538423
-0.06566166503106012,0.09367278759338787,-0.016181591884639787,-0.0012836671935047542,0.002011233183592734,-0.00022689181804359565,3575.0
-0.06566166503106012,0.09367278759338787,-0.016181591884639787,-0.0012836671935047542,0.002011233183592734,-0.00022689181804359565,3575.0
-0.06594342482202865,0.09411478475725649,-0.01623130268093302,-0.0012697535898861074,0.001994318550510527,-0.00022360787620777107,3575.2206921840852
-0.0685926357509757,0.09832902058603815,-0.016688741895456962,-0.00113126282968325,0.0018246219058975785,-0.00019101571416188908,3577.4276140249376
-0.07129664418771185,0.10276690722521539,-0.017131824533722872,-0.0009713457829707804,0.0016255546774918538,-0.0001535710416887708,3580.0
-0.07129664418771185,0.10276690722521539,-0.017131824533722872,-0.0009713457829707804,0.0016255546774918538,-0.0001535710416887708,3580.0
-0.07150984964246576,0.1031243373540169,-0.017165418662724287,-0.0009576852882550954,0.0016083810242912993,-0.00015038082359566308,3580.2210495043228
-0.0734763490610913,0.10648941403746345,-0.01746274704295028,-0.0008217605265530811,0.0014360858130266058,-0.00011870139281021358,3582.4315445475504
-0.07538583501125423,0.1099194910861201,-0.017720879604642366,-0.0006653989685894715,0.0012346105145034155,-8.2388395386423e-05,3585.0
-0.07538583501125423,0.1099194910861201,-0.017720879604642366,-0.0006653989685894715,0.0012346105145034155,-8.2388395386423e-05,3585.0
-0.07552915412786093,0.11018620516733436,-0.017738470476901122,-0.000652237779502403,0.0012174802916324712,-7.933763767958522e-05,3585.2175399876805
-0.07680539597826115,0.1126479735098193,-0.017878032661702847,-0.0005213102192922828,0.0010456335573244214,-4.903315291484611e-05,3587.392939864486
-0.07796171481290251,0.11510415343411708,-0.017959037815235553,-0.0003660605240901356,0.0008383814749625067,-1.3196717700463242e-05,3590.0
-0.07796171481290251,0.11510415343411708,-0.017959037815235553,-0.0003660605240901356,0.0008383814749625067,-1.3196717700463242e-05,3590.0
-0.07803761041673306,0.11527921522610038,-0.017961517975181134,-0.0003535821158767392,0.0008215494662027614,-1.0320677405494377e-05,3590.2109263988045
-0.07865229506752282,0.1168341865066122,-0.017953092789989657,-0.00022946256975975592,0.0006527155035840413,1.8252782505369414e-05,3592.32019038685
-0.07905783296169175,0.11829445625615265,-0.017856071755896225,-7.35298164791105e-05,0.00043686360690118416,5.406433984532232e-05,3595.0
-0.07905783296169175,0.11829445625615265,-0.017856071755896225,-7.35298164791105e-05,0.00043686360690118416,5.406433984532232e-05,3595.0
-0.07907149544437571,0.11838097531767384,-0.01784489086363852,-6.186838335591202e-05,0.0004205458590890597,5.673868305628818e-05,3595.2018147004064
-0.07907912293198545,0.11906470865931543,-0.017703519626533652,5.4119056160134785e-05,0.0002568963150840844,8.330866380889653e-05,3597.2199617044707
-0.07870869044236307,0.11946395925451447,-0.017421627686423753,0.00021200887924176172,3.0058254596707285e-05,0.00011938654623731306,3600.0
-0.07870869044236307,0.11946395925451447,-0.017421627686423753,0.00021200887924176172,3.0058254596707285e-05,0.00011938654623731306,3600.0
-0.0786662076443715,0.1194682678092899,-0.017398064982120626,0.00022301852759947814,1.4060546853697072e-05,0.00012189801943969132,3600.1953100840306
-0.07812352659497492,0.11933920146623164,-0.017135575549007062,0.0003325099410912614,-0.00014636081338482808,0.00014684270119841162,3602.148410924336
-0.07694969550937102,0.11858622832853251,-0.01666556014768474,0.0004903742816341222,-0.00038203506718351897,0.00018269455978672846,3605.0
-0.07694969550937102,0.11858622832853251,-0.01666556014768474,0.0004903742816341222,-0.00038203506718351897,0.00018269455978672846,3605.0
-0.07684779776218408,0.1185059953469867,-0.016627766113273275,0.0005016554029714563,-0.0003990795474728391,0.00018525097260043926,3605.205432427129
-0.07570185406516053,0.11751072743827232,-0.01622108730957702,0.0006137749106879128,-0.0005700199423531942,0.00021061148099490453,3607.259756698418
-0.07381724554327192,0.11563476419668471,-0.015598269458906687,0.0007613490514179968,-0.0007994437534946392,0.0002438432759475891,3610.0
-0.07381724554327192,0.11563476419668471,-0.015598269458906687,0.0007613490514179968,-0.0007994437534946392,0.0002438432759475891,3610.0
-0.07365349221245178,0.11546218083373763,-0.015545939469990782,0.0007727516891482688,-0.0008173840409732063,0.0002464031007737875,3610.2134841306533
-0.0718826520003372,0.11352529375046816,-0.014992766216906204,0.0008860024788079784,-0.0009973296939552155,0.0002717550106332822,3612.3483254371868
-0.06934890676263071,0.11058286915357002,-0.014231111360583668,0.001024678865093694,-0.0012222224313749605,0.0003025910472019927,3615.0
-0.06934890676263071,0.11058286915357002,-0.014231111360583668,0.001024678865093694,-0.0012222224313749605,0.0003025910472019927,3615.0
-0.06912460579142836,0.11031477529840425,-0.014164965418961898,0.0010359673598067105,-0.001240752469362058,0.00030508958244380036,3615.217699372291
-0.06674707580722815,0.10741152818751884,-0.013473815545010117,0.0011480078664689167,-0.0014266307044339913,0.0003297767641959072,3617.394693095201
-0.06358368290407629,0.10340345775710254,-0.012576959549778539,0.0012800362909837618,-0.001650475859471108,0.00035856342486388854,3620.0
-0.06358368290407629,0.10340345775710254,-0.012576959549778539,0.0012800362909837618,-0.001650475859471108,0.00035856342486388854,3620.0
-0.06330402380685292,0.10304235835397821,-0.012498697141443384,0.0012909614138432123,-0.0016692345311275047,0.0003609282248779216,3620.217548856334
-0.06037739168070945,0.09920645740908672,-0.011688051574128534,0.0013993171553313938,-0.0018574211364654777,0.00038421348918561595,3622.393037419673
-0.05656250808380966,0.09406872565041988,-0.010651040008237632,0.0015269640660341417,-0.00208439463616104,0.00041117629972949347,3625.0
-0.05656250808380966,0.09406872565041988,-0.010651040008237632,0.0015269640660341417,-0.00208439463616104,0.00041117629972949347,3625.0
-0.056236259574626746,0.09362289704655882,-0.010563255317223963,0.0015372860539438213,-0.002103002870080825,0.0004133303640430043,3625.212938369741
-0.05285358041418345,0.08894622332713516,-0.00966051154316271,0.001639572390682984,-0.0022896980271841752,0.00043442228754209306,3627.342322067152
-0.04832914178086383,0.08254956946658959,-0.008472327975535604,0.001764762723840552,-0.0025243236416271214,0.00045947604956358084,3630.0
-0.04832914178086383,0.08254956946658959,-0.008472327975535604,0.001764762723840552,-0.0025243236416271214,0.00045947604956358084,3630.0
-0.04796746473853297,0.08203176510506467,-0.008378223966890662,0.001774277321047058,-0.0025424412695512428,0.0004613386249771509,3630.2043925706553
-0.04424443097186341,0.0766496027290868,-0.007416653586768571,0.0018684446519251926,-0.0027242467597709766,0.00047938571526243736,3632.248318277208
-0.03893193417415278,0.06881449147428018,-0.0060661881390431565,0.001992228976452024,-0.0029709130177377327,0.0005017659249926807,3635.0
-0.03893193417415278,0.06881449147428018,-0.0060661881390431565,0.001992228976452024,-0.0029709130177377327,0.0005017659249926807,3635.0
-0.03854793073909061,0.06824140245743807,-0.00596953731306279,0.002000749286215437,-0.0029882382209034043,0.0005032356948847439,3635.1923392052922
-0.034618481370869696,0.06232678517980712,-0.004988016820556803,0.002084874198131833,-0.0031621642863032514,0.00051712170432807,3637.1157312582145
-0.028427870587206527,0.05282725166205602,-0.003470245294224024,0.002206899469373714,-0.003425516413934655,0.0005345423492268073,3640.0
-0.028427870587206527,0.05282725166205602,-0.003470245294224024,0.002206899469373714,-0.003425516413934655,0.0005345423492268073,3640.0
-0.028038873545524323,0.052223026334398306,-0.0033761002407282394,0.00221416678523267,-0.003441691174692577,0.0005354412756635244,3640.1759741559863
-0.02407939621110866,0.046023736432251466,-0.002426751555442837,0.0022854648528484703,-0.0036042436681798244,0.0005430911199640785,3641.9357157158493
-0.016894701702547477,0.03454068152984516,-0.0007513982479819615,0.002401871498543796,-0.0038915679401643685,0.0005481877620134607,3645.0
-0.016894701702547477,0.03454068152984516,-0.0007513982479819615,0.002401871498543796,-0.0038915679401643685,0.0005481877620134607,3645.0
-0.01653605705202487,0.03395918628872245,-0.0006696441795844993,0.002407200025406623,-0.003905724603970671,0.0005480474371778111,3645.149153177179
-0.012907210028413073,0.028027510666783505,0.00014519677572058032,0.0024578555211562246,-0.004048451366386229,0.000543530892307909,3646.6406849489686
-0.004502468612452397,0.013875407864435373,0.0019027190867213087,0.0025278569154890316,-0.0043776747605174665,0.00048309494990867027,3650.0
-0.004502468612452397,0.013875407864435373,0.0019027190867213087,0.0025278569154890316,-0.0043776747605174665,0.00048309494990867027,3650.0
-0.004159082357272476,0.013279760118881687,0.0019679293056181733,0.0025267925454319955,-0.00439042681489094,0.00047671782934055926,3650.1358661483773
-0.0007592492615221026,0.007250138020675376,0.0025559283179086845,0.002460312367813642,-0.004460811321263574,0.0003830748571909118,3651.4945276321505
0.006115765357523169,-0.0056263111834850554,0.0034751698910677974,0.002238093092335966,-0.004301518845736386,0.00026491005231833834,3654.424987485812
0.007391275565503618,-0.008087884512972418,0.00362353610093397,0.002198516486622889,-0.004260097382899507,0.00025138159978390165,3655.0
0.007391275565503618,-0.008087884512972418,0.00362353610093397,0.002198516486622889,-0.004260097382899507,0.00025138159978390165,3655.0
0.007692668193721323,-0.00867245019163904,0.003657862379206375,0.0021891867152350405,-0.004250043024019703,0.00024835476515331094,3655.1373808253084
0.010637166616280228,-0.014440907713542409,0.0039798941136352795,0.002098034561430574,-0.004147063246283098,0.00022134736170387924,3656.511189078392
0.01756989447928703,-0.02843612571627075,0.004655501244152791,0.0018785314252608438,-0.0038737891692911756,0.0001687324822497866,3660.0
0.01756989447928703,-0.02843612571627075,0.004655501244152791,0.0018785314252608438,-0.0038737891692911756,0.0001687324822497866,3660.0
0.01789381820161309,-0.029104786838837847,0.004684485026730323,0.001867983190341021,-0.003859959575066164,0.0001664991324863611,3660.1729202346382
0.021033550922637093,-0.03565922439807124,0.004953894863980104,0.0017638279717775481,-0.0037206187461092622,0.00014547305043848896,3661.9021225810206
0.026215147760052727,-0.04679369271782479,0.005352005041699765,0.0015824551841283898,-0.0034670895612903,0.00011237394441010973,3665.0
0.026215147760052727,-0.04679369271782479,0.005352005041699765,0.0015824551841283898,-0.0034670895612903,0.00011237394441010973,3665.0
0.026519142929443653,-0.04746053994118414,0.005373484301086486,0.0015713711812576588,-0.0034511690253207212,0.00011046696566640149,3665.1927788544554
0.029442356736801966,-0.053959671717211805,0.005568599693046713,0.001461684405819268,-0.0032911754460277463,9.218626415115288e-05,3667.120567399009
0.033419562284291465,-0.06308949902305873,0.0057974065755130675,0.001301511079269488,-0.0030497746087408024,6.71439171328123e-05,3670.0
0.033419562284291465,-0.06308949902305873,0.0057974065755130675,0.001301511079269488,-0.0030497746087408024,6.71439171328123e-05,3670.0
0.03368775578522641,-0.06371889126199046,0.005811125937957145,0.001290164044751919,-0.0030323169478243713,6.543414533405146e-05,3670.2069656481376
0.036241347475326986,-0.06981357397214416,0.005929278133839606,0.0011778229309089606,-0.002857030923307061,4.891011071810305e-05,3672.2766221295137
0.03925107114996391,-0.07727820105759967,0.00603446317617089,0.001033026827770328,-0.0026245168550641028,2.8585019606915302e-05,3675.0
0.03925107114996391,-0.07727820105759967,0.00603446317617089,0.001033026827770328,-0.0026245168550641028,2.8585019606915302e-05,3675.0
0.039473622682266035,-0.07784473408696499,0.006040487051692854,0.0010216581625398004,-0.0026059323066626636,2.703116560402446e-05,3675.216628739588
0.0415645514097006,-0.0832881250274027,0.006082563209264878,0.0009091116272281145,-0.002419414061410368,1.1950980376256053e-05,3677.3829161354683
0.043768770062308136,-0.08932338358514091,0.006091110698853219,0.0007758637883445602,-0.002192506034628376,-5.24155103986195e-06,3680.0
0.043768770062308136,-0.08932338358514091,0.006091110698853219,0.0007758637883445602,-0.002192506034628376,-5.24155103986195e-06,3680.0
0.043939291396180115,-0.08980660826925745,0.006089794618990239,0.0007647317013477501,-0.0021732336524250594,-6.647507459183431e-06,3680.2213711772933
0.0455098527141296,-0.09440370924643057,0.006059815092075787,0.0006545528005446198,-0.0019798707906232534,-2.0323377621285026e-05,3682.435082950227
0.047027724250718925,-0.0991930933035236,0.005988241308382268,0.0005294696470908812,-0.0017544128453671176,-3.5344297851663424e-05,3685.0
0.047027724250718925,-0.0991930933035236,0.005988241308382268,0.0005294696470908812,-0.0017544128453671176,-3.5344297851663424e-05,3685.0
0.047143631638869206,-0.09957890274337897,0.0059802864490458175,0.0005188174197702323,-0.0017349033400280798,-3.659961882288768e-05,3685.2211374480585
0.04817401280600382,-0.10319924930795453,0.005885725490090913,0.0004134131080767899,-0.0015392123005530784,-4.8824218189253224e-05,3687.432511928643
0.04908102437593259,-0.10685807555621382,0.00574291402729618,0.00029357787954902904,-0.0013106728546007356,-6.229571665939276e-05,3690.0
0.04908102437593259,-0.10685807555621382,0.00574291402729618,0.00029357787954902904,-0.0013106728546007356,-6.229571665939276e-05,3690.0
0.04914358030840579,-0.10714009278853168,0.005729290513756316,0.0002835875346318071,-0.0012913117796724497,-6.339854702879011e-05,3690.2167707285007
0.04965084212051348,-0.10972902125201227,0.005580124459835682,0.00018475345447529408,-0.0010971568422828478,-7.414105460222496e-05,3692.3844780135078
0.049980886538629685,-0.11229090564287214,0.0053699815290002215,6.80931245424511e-05,-0.0008615938310237953,-8.642646230585618e-05,3695.0
0.049980886538629685,-0.11229090564287214,0.0053699815290002215,6.80931245424511e-05,-0.0008615938310237953,-8.642646230585618e-05,3695.0
0.04999418040421382,-0.1124693478611988,0.005351783516668558,5.887712206922292e-05,-0.0008426727234811081,-8.737855951995713e-05,3695.2094062835117
0.050021710963004236,-0.11403549087816178,0.0051590229371570664,-3.227855971293166e-05,-0.0006529734981179589,-9.664719388549697e-05,3697.303469118629
0.04977936630667886,-0.11546548626418769,0.004883053208428655,-0.00014695826003181838,-0.0004074042256644787,-0.0001079127338990793,3700.0
0.04977936630667886,-0.11546548626418769,0.004883053208428655,-0.00014695826003181838,-0.0004074042256644787,-0.0001079127338990793,3700.0
0.0497486858731596,-0.1155462668890192,0.004861075098599288,-0.0001554631945302975,-0.0003888683048165678,-0.00010873002945359921,3700.2028965826653
0.04934765222419911,-0.11614690902833824,0.0046323390890445565,-0.0002395543845712983,-0.00020306454854771407,-0.00011666983453729847,3702.231862409318
0.04852890431978939,-0.11635671954522206,0.00429515452189704,-0.0003514493291044731,5.172229850868834e-05,-0.0001268159960198042,3705.0
0.04852890431978939,-0.11635671954522206,0.00429515452189704,-0.0003514493291044731,5.172229850868834e-05,-0.0001268159960198042,3705.0
0.04845992582829335,-0.11634493874197605,0.0042704689233113696,-0.0003591735696609014,6.964631676113951e-05,-0.0001274976741701875,3705.1941345485
0.047688277161437316,-0.1160354780579824,0.004016482380492307,-0.00043551568047114686,0.0002492847140220921,-0.0001340963381597647,3707.135480033502
0.04628285982442289,-0.11494024775569188,0.0036192577512624536,-0.000545137126261206,0.0005156626364317125,-0.00014309669644109804,3710.0
0.04628285982442289,-0.11494024775569188,0.0036192577512624536,-0.000545137126261206,0.0005156626364317125,-0.00014309669644109804,3710.0
0.0461706476042409,-0.11483289722159754,0.0035899463978890187,-0.0005528207310149857,0.000534729609784385,-0.0001437048285306741,3710.2044011075677
0.04496288655252299,-0.11354472785003351,0.0032901795230040904,-0.0006286197169694247,0.0007258352891073179,-0.0001495291496089686,3712.248412183245
0.043096158103685035,-0.11119219965241438,0.0028687914766944737,-0.0007276319686057395,0.0009843459093428313,-0.00015660937602349646,3715.0
0.043096158103685035,-0.11119219965241438,0.0028687914766944737,-0.0007276319686057395,0.0009843459093428313,-0.00015660937602349646,3715.0
0.042944200358728944,-0.11098562747039338,0.0028361976260506596,-0.0007349672046226845,0.0010039253134373545,-0.0001571075496729209,3715.2077908902147
0.04134161275739678,-0.10869581500586274,0.00250477880147814,-0.0008071886058459265,0.0012001697102338978,-0.00016179496332554473,3717.285699792362
0.039026101451802075,-0.10508893092238351,0.0020582302149466324,-0.0008983602876146592,0.0014577545453013127,-0.00016707451147253657,3720.0
0.039026101451802075,-0.10508893092238351,0.0020582302149466324,-0.0008983602876146592,0.0014577545453013127,-0.00016707451147253657,3720.0
0.038841722274003794,-0.1047888680438321,0.0020240311436719653,-0.0009050817066864857,0.0014772151711793875,-0.0001674317079657608,3720.2044743519436
0.036923183284344366,-0.1015690664035232,0.0016782588728960412,-0.0009711148327054752,0.0016722646966084392,-0.0001706724474798868,3722.24921787138
0.03413354774962285,-0.0966067026036981,0.001203894156370303,-0.001056448909746191,0.00193594881357796,-0.00017401923434848582,3725.0
0.03413354774962285,-0.0966067026036981,0.001203894156370303,-0.001056448909746191,0.00193594881357796,-0.00017401923434848582,3725.0
0.03392700336092412,-0.0962274349957318,0.0011699480229382029,-0.0010623418256282928,0.001954693343687384,-0.0001742092981348536,3725.194964078276
0.03179918256019623,-0.09223347494437988,0.0008286996360102924,-0.0011200741011507579,0.002142558491566495,-0.0001757389201840651,3727.144604861035
0.028484890543578008,-0.0857211976317764,0.00032519642150012466,-0.0012005046988946878,0.002419109488412565,-0.00017664863047690956,3730.0
0.028484890543578008,-0.0857211976317764,0.00032519642150012466,-0.0012005046988946878,0.002419109488412565,-0.00017664863047690956,3730.0
0.028270013767533055,-0.08528753007740122,0.00029364222998961876,-0.0012053673254253784,0.0024364659514506267,-0.0001766478004020916,3730.1786266784084
0.02607420723978551,-0.08078009881968021,-2.163516484548041e-05,-0.00125281196511567,0.002610412093831029,-0.00017622494270142771,3731.964893462492
0.022155733811143514,-0.07240672491849884,-0.0005531140448575495,-0.0013281103238399197,0.0029076261461688105,-0.0001735490378444461,3735.0
0.022155733811143514,-0.07240672491849884,-0.0005531140448575495,-0.0013281103238399197,0.0029076261461688105,-0.0001735490378444461,3735.0
0.02191434416968488,-0.07187748332376102,-0.0005845841287792559,-0.001332384945218117,0.0029254639381321845,-0.00017329977960240585,3735.1814618698745
0.019458782465667773,-0.06640675185440169,-0.0008963946720568266,-0.0013735436273833613,0.0031042967699482183,-0.00017016302610368023,3736.9960805686196
0.01523881485306559,-0.05663476528776222,-0.0013962003777296121,-0.0014344501584719548,0.0034022867359068637,-0.00016187853219455997,3740.0
0.01523881485306559,-0.05663476528776222,-0.0013962003777296121,-0.0014344501584719548,0.0034022867359068637,-0.00016187853219455997,3740.0
0.014975702811329527,-0.05600976922950677,-0.0014257977803395975,-0.0014378307379863315,0.0034205449847435248,-0.00016122105578957022,3740.1832072786137
0.012312131223957308,-0.04957545674042644,-0.0017143903429056987,-0.001469067962096217,0.003603716992943211,-0.00015343583530478264,3742.015280064751
0.007865919390498664,-0.03837108675062702,-0.0021463248793260705,-0.0015070636381019314,0.0039046535546444034,-0.00013438283698739183,3745.0
0.007865919390498664,-0.03837108675062702,-0.0021463248793260705,-0.0015070636381019314,0.0039046535546444034,-0.00013438283698739183,3745.0
0.007613843933073727,-0.03771689461506607,-0.002168675098495714,-0.0015085627491493645,0.003921608247031798,-0.00013299111004051064,3745.1671787376913
0.005082296296484785,-0.031018746741355623,-0.0023778126041580686,-0.00151821713191258,0.0040917073656246685,-0.00011627121190373685,3746.8389661146043
0.0003080912521701033,-0.017576251249463177,-0.0026670726115632774,-0.0014855172158149883,0.004411156666224364,-5.803138494948965e-05,3750.0
0.0003080912521701033,-0.017576251249463177,-0.0026670726115632774,-0.0014855172158149883,0.004411156666224364,-5.803138494948965e-05,3750.0
0.0001331591297045494,-0.017055458846941454,-0.002673709076186798,-0.001481610222680034,0.004422455071425452,-5.4509342913813565e-05,3750.1179112428526
-0.0015815366817630355,-0.011779495190088834,-0.002713081546894027,-0.0014186507129468771,0.004520268679803963,-8.91607134986263e-06,3751.297023671379
-0.006225806807528709,0.004866167880374046,-0.0024671373554521255,-0.0011082267663646967,0.004387890360533334,0.00011684293825194901,3755.0
-0.006225806807528709,0.004866167880374046,-0.0024671373554521255,-0.0011082267663646967,0.004387890360533334,0.00011684293825194901,3755.0
-0.006367304944967316,0.005427869649519912,-0.0024520326566558463,-0.0010999337327160567,0.004377693375787476,0.00011885863954925193,3755.128160480434
-0.007726506378004648,0.010971001993150355,-0.0022885387575896864,-0.001022731645108841,0.004271507530416965,0.0001352684063381204,3756.4097652847736
-0.011059757496616184,0.025742281865900718,-0.001750873525434759,-0.0008402768475155873,0.003953880513380584,0.00016070912587772996,3760.0
-0.011059757496616184,0.025742281865900718,-0.001750873525434759,-0.0008402768475155873,0.003953880513380584,0.00016070912587772996,3760.0
-0.01120349992362846,0.026420523418777722,-0.0017231847356647745,-0.000832349985605241,0.003938278201828056,0.0001614786057308428,3760.171877232123
-0.012567729029860756,0.033054700874979304,-0.0014399133578113918,-0.0007559089270209976,0.003781052491050576,0.00016773501035164808,3761.890649553351
-0.01471641344845377,0.044363821021279906,-0.0009071409855968737,-0.000628153811321093,0.0034924681982509477,0.00017406493212759037,3765.0
-0.01471641344845377,0.044363821021279906,-0.0009071409855968737,-0.000628153811321093,0.0034924681982509477,0.00017406493212759037,3765.0
-0.014830538613418646,0.045000420990088566,-0.0008753147677858992,-0.0006209991324474063,0.0034753794753925337,0.00017428374444724082,3765.182724941689
-0.015901076298736834,0.051194266699772444,-0.0005553375097432217,-0.0005512906311620964,0.0033038546597825855,0.00017572918953780164,3767.0099743585765
-0.017386706657637266,0.06065066109326082,-2.9333472768128884e-05,-0.00044368365072640023,0.0030210358489436784,0.00017566228439189126,3770.0
-0.017386706657637266,0.06065066109326082,-2.9333472768128884e-05,-0.00044368365072640023,0.0030210358489436784,0.00017566228439189126,3770.0
-0.017461955680326206,0.061165090819872835,6.524734183557462e-07,-0.0004377612016240437,0.0030048153060045733,0.00017558148334829762,3770.170740900756
-0.018159557963244796,0.06615684147803425,0.00029951372273510625,-0.0003797479582814382,0.0028422392753377455,0.00017437761047345014,3771.8781499083143
-0.019186126832751064,0.07456392229337952,0.0008384048318110591,-0.0002790311850945964,0.002543400061969839,0.00017053374705253529,3775.0
-0.019186126832751064,0.07456392229337952,0.0008384048318110591,-0.0002790311850945964,0.002543400061969839,0.00017053374705253529,3775.0
-0.019238652302536442,0.07504610053204558,0.0008708232185032157,-0.0002731062959413113,0.00252512616893912,0.00017023848306113706,3775.1902636435325
-0.019702760901767244,0.07967641924074036,0.0011916847957245402,-0.00021513613799097796,0.0023420345962426813,0.0001669400225445415,3777.0929000788574
-0.020204491873730288,0.08607695687364077,0.0016683635609308117,-0.0001308940054592718,0.0020611254565304615,0.00016079003722842364,3780.0
-0.020204491873730288,0.08607695687364077,0.0016683635609308117,-0.0001308940054592718,0.0020611254565304615,0.00016079003722842364,3780.0
-0.02023050180236999,0.08649364024155413,0.0017009770383678044,-0.00012519818090164358,0.002041447729054031,0.00016031424215902297,3780.2031326411025
-0.02042791109117488,0.0904403910247421,0.002021576425719458,-6.956643538471207e-05,0.0018443383285833988,0.0001552495964230544,3782.234459052127
-0.02051982307350226,0.09516887529252781,0.0024404434202098943,2.376868994194615e-06,0.0015750635618597985,0.00014751435145023107,3785.0
-0.02051982307350226,0.09516887529252781,0.0024404434202098943,2.376868994194615e-06,0.0015750635618597985,0.00014751435145023107,3785.0
-0.020518767816798004,0.09549760024866973,0.0024713666005686634,7.665627675426465e-06,0.0015545678887530206,0.00014688954469697596,3785.2100725674436
-0.020448098188283692,0.09854781741894832,0.0027731767642705657,5.920975570295854e-05,0.0013493059246245359,0.00014036738050255564,3787.3107982418796
-0.02020400774257975,0.10182221088662827,0.0031386622083176587,0.0001216691728695451,0.0010857693928221313,0.00013132348157927592,3790.0
-0.02020400774257975,0.10182221088662827,0.0031386622083176587,0.0001216691728695451,0.0010857693928221313,0.00013132348157927592,3790.0
-0.020177681277450732,0.10205042313333733,0.003166452735693291,0.00012643139572982663,0.0010649367411380624,0.00013057792178740828,3790.212220678206
-0.019859821697744893,0.10408918006721005,0.00343547152568033,0.00017272113513060912,0.000856336890473964,0.00012287522941020903,3792.334427460266
-0.019325640673674697,0.1060218672086752,0.003749436443394843,0.0002274467448281945,0.0005936514464000221,0.00011258262209327845,3795.0
-0.019325640673674697,0.1060218672086752,0.003749436443394843,0.0002274467448281945,0.0005936514464000221,0.00011258262209327845,3795.0
-0.019278115284907943,0.10614268831755992,0.003772665159705957,0.00023153991856063801,0.0005732133720235998,0.00011175489804878425,3795.20708660216
-0.018757152186302133,0.1071179465638878,0.003995366537729877,0.0002712146967285233,0.0003686018098849464,0.00010325981815712421,3797.2779526237596
-0.017951752406240806,0.10775456732262252,0.0042605911775325175,0.00031988619996074416,9.90364974323413e-05,9.150032780459097e-05,3800.0
-0.017951752406240806,0.10775456732262252,0.0042605911775325175,0.00031988619996074416,9.90364974323413e-05,9.150032780459097e-05,3800.0
-0.017889125639093482,0.1077719753000893,0.004278327695014035,0.0003232173303185751,7.972341894380236e-05,9.063332161878813e-05,3800.1947631586204
-0.017227937697499657,0.10773904951088405,0.004446278554606094,0.0003554091641150857,-0.0001135890848935687,8.177708158494125e-05,3802.1423947448243
-0.016149073767256,0.1070085395839033,0.004660698601627139,0.00039893508617464115,-0.0003977960079717271,6.817132292715101e-05,3805.0
-0.016149073767256,0.1070085395839033,0.004660698601627139,0.00039893508617464115,-0.0003977960079717271,6.817132292715101e-05,3805.0
-0.01606780876711415,0.10692575185946497,0.0046744338396209,0.0004018580653103659,-0.0004180065798531005,6.717705684916501e-05,3805.2029603248775
-0.015223413237941305,0.10587214299525943,0.0048005427765150845,0.0004298431439251646,-0.0006202870453709088,5.703056401270701e-05,3807.2325635736524
-0.013985165443749795,0.10377333316662463,0.004938552767548773,0.0004643103816985436,-0.0008965944885136279,4.259027451719436e-05,3810.0
-0.013985165443749795,0.10377333316662463,0.004938552767548773,0.0004643103816985436,-0.0008965944885136279,4.259027451719436e-05,3810.0
-0.013886811392254594,0.10358168016379735,0.004947431278294967,0.00046676482426427467,-0.0009177102427398786,4.145842456085947e-05,3810.2112688720167
-0.01287578993877351,0.10141966623888637,0.005022892557401743,0.0004899010281426918,-0.0011290336774368577,2.9906653409747486e-05,3812.323957592184
-0.011529651188055889,0.09803971888185174,0.005082666373457768,0.0005154568285179174,-0.001397119594160382,1.4647011584046172e-05,3815.0
-0.011529651188055889,0.09803971888185174,0.005082666373457768,0.0005154568285179174,-0.001397119594160382,1.4647011584046172e-05,3815.0
-0.011419875069059815,0.0977404440900389,0.005085648018638315,0.000517303934353129,-0.0014184352119529762,1.3403297095052404e-05,3815.212586761721
-0.010301649831983978,0.09449836045837053,0.005100727917036638,0.0005342475693411275,-0.0016317352101825823,7.030900171472717e-07,3817.338454378931
-0.008855851358062227,0.08979966367430596,0.005080676871624169,0.0005514215792601683,-0.0018991291742638226,-1.590685926194715e-05,3820.0
-0.008855851358062227,0.08979966367430596,0.005080676871624169,0.0005514215792601683,-0.0018991291742638226,-1.590685926194715e-05,3820.0
-0.008741549559138388,0.08940425485612516,0.005077245662412648,0.0005525634425174413,-0.0019199476187342194,-1.723452384137012e-05,3820.207070386698
-0.007586689536347616,0.08521298719905579,0.005027599594195287,0.0005623701598916106,-0.0021282425985515788,-3.080793163483196e-05,3822.2777742536778
-0.006043366109848249,0.07904640269738376,0.0049184792037328924,0.0005705793787807274,-0.002402351723286325,-4.953997152528616e-05,3825.0
-0.006043366109848249,0.07904640269738376,0.0049184792037328924,0.0005705793787807274,-0.002402351723286325,-4.953997152528616e-05,3825.0
-0.00593161615212951,0.07857411916916957,0.004908643873651988,0.0005709537610866252,-0.002422076876021523,-5.093001006828834e-05,3825.19578838819
-0.004811243629521843,0.07363882948826218,0.004795088799848387,0.00057299421220719,-0.0026193952875846103,-6.517477105893659e-05,3827.1536722700907
-0.003182827382163287,0.06577472798178077,0.004578702914550143,0.0005699754771351177,-0.002906416944039473,-8.71408468743132e-05,3830.0
-0.003182827382163287,0.06577472798178077,0.004578702914550143,0.0005699754771351177,-0.002906416944039473,-8.71408468743132e-05,3830.0
-0.003081180271415692,0.0652546032552198,0.00456302876333596,0.0005695281504156828,-0.0029244110939122153,-8.857451881302539e-05,3830.1784051002264
-0.0020702477493137225,0.059876788309945146,0.004391959898677095,0.0005631926365061095,-0.00310435640621695,-0.00010333385539684173,3831.9624561024907
-0.00038637347789635245,0.049981976852850704,0.0040374510550768745,0.0005434328268553845,-0.0034105956500701203,-0.0001305912924359665,3835.0
-0.00038637347789635245,0.049981976852850704,0.0040374510550768745,0.0005434328268553845,-0.0034105956500701203,-0.0001305912924359665,3835.0
-0.0003071433790818162,0.049483068581431,0.004018287470825326,0.0005421492652132109,-0.003425300412692874,-0.0001319840252032343,3835.1459671847715
0.00047383706907439617,0.04437598691327502,0.0038152111411391804,0.0005272890030619346,-0.003572236522122632,-0.00014642988797065588,3836.6056390324866
0.0021819219259944516,0.03167253195862428,0.0032550616033177127,0.0004738073412213726,-0.003912183251811115,-0.0001850625546813839,3840.0
0.0021819219259944516,0.03167253195862428,0.0032550616033177127,0.0004738073412213726,-0.003912183251811115,-0.0001850625546813839,3840.0
0.002261210441388555,0.031013966432083845,0.0032237929572070147,0.00047020408202070094,-0.003928877103518436,-0.0001872360554475374,3840.167978618969
0.003016426186646602,0.02427493315038648,0.0028898080021399733,0.00042632603427195364,-0.004094211199677813,-0.0002111535066508242,3841.8477648086573
0.004143585760538231,0.010912178126970373,0.002129878789512687,0.00025950089099565895,-0.004364666288013913,-0.00027831358249724876,3845.0
0.004143585760538231,0.010912178126970373,0.002129878789512687,0.00025950089099565895,-0.004364666288013913,-0.00027831358249724876,3845.0
0.0041807010134769715,0.010270827835755563,0.002088694182684973,0.0002459783528317617,-0.004371776370583372,-0.00028273158265718925,3845.1468183265056
0.004432850896645215,0.003844866122031218,0.00164215571670694,0.00010001770873911702,-0.0043545720138062054,-0.0003223301305536907,3846.6150015915614
0.004420742686716563,-0.010419917285532366,0.0005006314466736495,-7.925313137446572e-05,-0.004056920961541401,-0.0003421428168672099,3850.0
0.004420742686716563,-0.010419917285532366,0.0005006314466736495,-7.925313137446572e-05,-0.004056920961541401,-0.0003421428168672099,3850.0
0.004408960733173522,-0.011004015338742304,0.0004512936349067082,-8.410975252721729e-05,-0.004042920185115339,-0.0003420315251943956,3850.1442244758337
0.004255647988197122,-0.016733225278406108,-4.0262169868957444e-05,-0.0001269049580339556,-0.0039015929830631337,-0.00033913839871077534,3851.58646923417
0.0036874724398995072,-0.029473817357858638,-0.001175115195812418,-0.0002011050786285574,-0.0035625133141250396,-0.0003244260498730553,3855.0
0.0036874724398995072,-0.029473817357858638,-0.001175115195812418,-0.0002011050786285574,-0.0035625133141250396,-0.0003244260498730553,3855.0
0.0036533814744461757,-0.030071855128043234,-0.0012296290574231182,-0.0002040890833164079,-0.003545717786147222,-0.00032351944749331105,3855.16826625183
0.0032864058250836902,-0.035896658081790364,-0.0017659907845910998,-0.00023134885160533037,-0.003377537476174146,-0.0003138138297742866,3856.8509287701313
0.002490721042671878,-0.04603624300983597,-0.0027225336518862647,-0.0002719955394738565,-0.0030620787959259113,-0.0002932559005768647,3860.0
0.002490721042671878,-0.04603624300983597,-0.0027225336518862647,-0.0002719955394738565,-0.0030620787959259113,-0.0002932559005768647,3860.0
0.00244094202615706,-0.04659291614431558,-0.0027758907746019425,-0.0002740002104155931,-0.0030437946997304227,-0.0002919909567461148,3860.182340204818
0.0019242260779649498,-0.05197623511791204,-0.0032965429547720717,-0.0002922206170049082,-0.002860883728488708,-0.0002789825470024257,3862.0057422529985
0.0010122825146675128,-0.06009254484300067,-0.00409845908201405,-0.0003156445789082966,-0.0025603396105066357,-0.0002564344630441153,3865.0
0.0010122825146675128,-0.06009254484300067,-0.00409845908201405,-0.0003156445789082966,-0.0025603396105066357,-0.0002564344630441153,3865.0
0.0009576894714301681,-0.06053308704802587,-0.004142616599205999,-0.00031677035874994204,-0.0025430062743425504,-0.0002550961159115441,3865.172648380443
0.0004018305033376883,-0.06477391008099556,-0.004571362783541846,-0.0003267755590986843,-0.0023696614687777895,-0.00024151571203401826,3866.8991321848753
-0.0006326930803182114,-0.07163919221679554,-0.005281470811851074,-0.0003393605253014636,-0.0020583178611074966,-0.00021633480492357868,3870.0
-0.0006326930803182114,-0.07163919221679554,-0.005281470811851074,-0.0003393605253014636,-0.0020583178611074966,-0.00021633480492357868,3870.0
-0.0006887857936770016,-0.07197779581969813,-0.005317090091232406,-0.0003398468844903198,-0.002041735128575936,-0.00021496833920844842,3870.1651703559196
-0.001253563217971954,-0.07521319587062955,-0.005660796474033818,-0.00034373142839731947,-0.0018759216826420215,-0.00020117868343167634,3871.8168739151156
-0.0023535691913659567,-0.08067602514705889,-0.0062581450053484245,-0.00034637788092125774,-0.0015564727738635765,-0.0001740240302812017,3875.0
-0.0023535691913659567,-0.08067602514705889,-0.0062581450053484245,-0.00034637788092125774,-0.0015564727738635765,-0.0001740240302812017,3875.0
-0.0024184297295744986,-0.08096573509329397,-0.006290581653941798,-0.0003463416107542763,-0.001537685102079859,-0.0001724052188735332,3875.18726255649
-0.003065912456687429,-0.08366935826766628,-0.006598196063616193,-0.00034483877460383814,-0.0013498490599696909,-0.00015609723209342006,3877.059888121392
-0.004071504637930802,-0.08720472728052682,-0.007019018596916586,-0.0003383903334748931,-0.0010551109102476608,-0.00013008743302850623,3880.0
-0.004071504637930802,-0.08720472728052682,-0.007019018596916586,-0.0003383903334748931,-0.0010551109102476608,-0.00013008743302850623,3880.0
-0.00413867615392704,-0.0874123807619015,-0.007044688405571306,-0.000337778085124959,-0.0010352022659594266,-0.00012831355650875015,3880.1986817126167
-0.004802858913977382,-0.08927141055440511,-0.0072819277011656434,-0.0003304465449818847,-0.000836183532820712,-0.00011046804998390711,3882.1854988387836
-0.005714073217495333,-0.09122836649036534,-0.007556909651926687,-0.00031634763853794455,-0.0005544883905243018,-8.487755837622652e-05,3885.0
-0.005714073217495333,-0.09122836649036534,-0.007556909651926687,-0.00031634763853794455,-0.0005544883905243018,-8.487755837622652e-05,3885.0
-0.005777461649052564,-0.09133766217471152,-0.007573764015927806,-0.00031517774924339214,-0.0005344076614072323,-8.303955134336823e-05,3885.200745903611
-0.00639758989523455,-0.09220897020602285,-0.00772195058130217,-0.0003022852625921264,-0.00033369081341353226,-6.456951832171865e-05,3887.208204939719
-0.007212442875472207,-0.09275124502218278,-0.007866067747339807,-0.00028077038788432547,-5.484683103805819e-05,-3.862577889809617e-05,3890.0
-0.007212442875472207,-0.09275124502218278,-0.007866067747339807,-0.00028077038788432547,-5.484683103805819e-05,-3.862577889809617e-05,3890.0
-0.007266202687130998,-0.09275993695400699,-0.007873312747764998,-0.00027913805914916783,-3.568047137119267e-05,-3.683112484771403e-05,3890.192029601233
-0.0077858363654500305,-0.09264449685338723,-0.007926760801206705,-0.00026173711506547067,0.0001558804369835687,-1.8814276859818498e-05,3892.1123256135643
-0.0084996088383263,-0.09177887841512046,-0.007941704844812022,-0.00023188200650505345,0.000443567365629344,8.508706389027544e-06,3895.0
-0.0084996088383263,-0.09177887841512046,-0.007941704844812022,-0.00023188200650505345,0.000443567365629344,8.508706389027544e-06,3895.0
-0.008546734007621766,-0.09168621221705749,-0.007939768788828684,-0.0002296027236642529,0.00046389588154038466,1.0450961773741331e-05,3895.2042312034387
-0.008991507787771412,-0.09053130606803204,-0.007898541378008515,-0.00020558458062979042,0.0006670397893025358,2.9943241667320136e-05,3897.2465432378253
-0.009509049233515948,-0.08831805983576088,-0.007779697514775262,-0.0001696537190693548,0.0009404866299690205,5.641628676403394e-05,3900.0
-0.009509049233515948,-0.08831805983576088,-0.007779697514775262,-0.0001696537190693548,0.0009404866299690205,5.641628676403394e-05,3900.0
-0.009545278514774332,-0.08811313828248886,-0.007767319078401925,-0.0001666691338043179,0.0009618598484895077,5.849659297153068e-05,3900.215440767868
-0.00987115215579432,-0.0858108084735448,-0.007618831719518888,-0.00013542326035533958,0.0011754021168688686,7.936963746824947e-05,3902.3698484465494
-0.010173419257149095,-0.08237701674148878,-0.007376385339913089,-9.377513792936174e-05,0.0014356002084150706,0.00010501984472825487,3905.0
-0.010173419257149095,-0.08237701674148878,-0.007376385339913089,-9.377513792936174e-05,0.0014356002084150706,0.00010501984472825487,3905.0
-0.010193769808990415,-0.08205681611075881,-0.007352898678781477,-9.00912527153981e-05,0.0014574720773020743,0.00010718677213915787,3905.221356758289
-0.010351219681374917,-0.07858871598585468,-0.007091597141826291,-5.169161058457053e-05,0.0016759462000925343,0.0001289248389242795,3907.4349243411784
-0.01042291920808271,-0.07396571346572886,-0.006728425393303385,-3.5460930759602925e-06,0.0019285150585526176,0.0001542690189032076,3910.0
-0.01042291920808271,-0.07396571346572886,-0.006728425393303385,-3.5460930759602925e-06,0.0019285150585526176,0.0001542690189032076,3910.0
-0.010423225002414474,-0.07353915342066973,-0.006694253716398559,7.705945668531162e-07,0.0019501403047663393,0.00015644989395858277,3910.219952487494
-0.010372760726196233,-0.0690121757844174,-0.006326103295163742,4.5636842945864675e-05,0.0021660885810259917,0.00017832458153435875,3912.419477362435
-0.010182737461278195,-0.0630964480961033,-0.005832657595832498,0.0001024110091117692,0.0024186690864843917,0.00020414175541844521,3915.0
-0.010182737461278195,-0.0630964480961033,-0.005832657595832498,0.0001024110091117692,0.0024186690864843917,0.00020414175541844521,3915.0
-0.010160450729321294,-0.06258014276352734,-0.005789039602244759,0.00010729840956884949,0.0024394325948776086,0.0002062758433584816,3915.212554305723
-0.009879054266542323,-0.05717463676045802,-0.005327863873204812,0.00015806195901899145,0.0026466820055907826,0.00022768045696328087,3917.338097362955
-0.009368034323740263,-0.04978518572556853,-0.00468594103589512,0.0002269436376762542,0.002905091687964759,0.0002546556603451324,3920.0
-0.009368034323740263,-0.04978518572556853,-0.00468594103589512,0.0002269436376762542,0.002905091687964759,0.0002546556603451324,3920.0
-0.009322162613093904,-0.04920299267997121,-0.004634873228591733,0.00023237769509393722,0.0029244221797592356,0.00025668792674215927,3920.199739774709
-0.008802152304235315,-0.0431690791244936,-0.004101824041317156,0.000289041105965083,0.003117176955170574,0.0002770759093268831,3922.1971375218
-0.007871206925500729,-0.03405534112869026,-0.003284879537178166,0.0003771752548985955,0.0033854740267045577,0.0003059062329499893,3925.0
-0.007871206925500729,-0.03405534112869026,-0.003284879537178166,0.0003771752548985955,0.0033854740267045577,0.0003059062329499893,3925.0
-0.007801924623774815,-0.03343692859813339,-0.003228971687628139,0.0003833422563975896,0.003402795237273155,0.0003077906457700838,3925.1822002738813
-0.007044876843819944,-0.02707994414024501,-0.002650960808602994,0.00044896194296257163,0.00357482490276894,0.00032671223514994585,3927.0042030126947
-0.005510572345860098,-0.01595638251169159,-0.0016251981134549293,0.0005832369451502944,0.0038480463642927617,0.000358148117518815,3930.0
-0.005510572345860098,-0.01595638251169159,-0.0016251981134549293,0.0005832369451502944,0.0038480463642927617,0.000358148117518815,3930.0
-0.005418651137605632,-0.015353328999483737,-0.0015690398268671899,0.0005919558449073598,0.003861535009864747,0.0003597950133246464,3930.1564421031558
-0.004412739605419816,-0.009214522483292515,-0.000993494422063308,0.0007033248694157827,0.003978392455510995,0.0003756502324567278,3931.7208631347135
-0.0016892331111911653,0.0035748525959888797,0.00023171867489726688,0.0008934460402695768,0.0037527479671886194,0.0003621387387842898,3935.0
-0.0016892331111911653,0.0035748525959888797,0.00023171867489726688,0.0008934460402695768,0.0037527479671886194,0.0003621387387842898,3935.0
-0.0015791014810499207,0.004036351671790645,0.00027625648639438886,0.0008946476903464204,0.0037402411946523425,0.0003609848071492315,3935.1231815625874
-0.0004725900865618596,0.008566642180447418,0.0007136960733805878,0.0009002116487822687,0.003615287671350587,0.0003491863479297426,3936.3549971884618
0.0027853980923694304,0.021074519371609465,0.0019211292564935726,0.0008815204848828083,0.0032484592626160947,0.00031318279043032814,3940.0
0.0027853980923694304,0.021074519371609465,0.0019211292564935726,0.0008815204848828083,0.0032484592626160947,0.00031318279043032814,3940.0
0.002921834054928829,0.021576506949851394,0.001969521845101957,0.0008800672791569356,0.0032329592607155066,0.00031163848741598955,3940.154900553672
0.0042727332801778305,0.02646450830022259,0.002440276142919993,0.0008635885315239681,0.003078283467148312,0.0002961696285728537,3941.703906090394
0.007049126701061156,0.03607059419430158,0.0033621262799347247,0.0008192369246928575,0.0027508343365090972,0.00026318257334673564,3945.0
0.007049126701061156,0.03607059419430158,0.0033621262799347247,0.0008192369246928575,0.0027508343365090972,0.00026318257334673564,3945.0
0.007195809893592451,0.03656234834419734,0.0034091656511485743,0.0008165294208981888,0.002733074500515433,0.0002613876508983838,3945.179344422601
0.00863502937468097,0.04130489273114097,0.003861857297762743,0.0007880285602274401,0.002555768360406027,0.0002434436962679503,3946.9727886486103
0.010941342302746461,0.04859010574356336,0.00455301612688855,0.000734664394777222,0.0022576073175766924,0.00021319854103546255,3950.0
0.010941342302746461,0.04859010574356336,0.00455301612688855,0.000734664394777222,0.0022576073175766924,0.00021319854103546255,3950.0
0.011084879022691544,0.04903040544825677,0.0045945827653529935,0.0007310069832698388,0.002238361028335216,0.00021124480612581635,3950.1958642758636
0.012479968751881294,0.05322627075198475,0.004989216991351588,0.0006931611722719913,0.002046188125296396,0.00019172899853981906,3952.1545070345
0.014369663287890928,0.05865251553934896,0.005494532155035859,0.0006343041733684601,0.0017679103177223267,0.00016345697201722363,3955.0
0.014369663287890928,0.05865251553934896,0.005494532155035859,0.0006343041733684601,0.0017679103177223267,0.00016345697201722363,3955.0
0.014500894256130941,0.05901746445758169,0.005528255340997606,0.0006298410622922961,0.0017476465065613632,0.0001613988535430125,3955.207619464986
0.01576135175569858,0.0624357785815981,0.0058420100997709865,0.0005839938133051887,0.001545309022626365,0.00014085197977892008,3957.2838141148436
0.017262565632612855,0.06627452527815354,0.006188195141728131,0.0005207960256000641,0.001281415174278086,0.00011407358673586567,3960.0
0.017262565632612855,0.06627452527815354,0.006188195141728131,0.0005207960256000641,0.001281415174278086,0.00011407358673586567,3960.0
0.01737320040921279,0.06654587400092767,0.006212323711070256,0.0005156807453716262,0.0012607124468585582,0.00011197470826807252,3960.213481668332
0.01841861371613443,0.06901651111084768,0.006428999058652964,0.00046336231593542017,0.00105399391123775,9.103125698230753e-05,3962.3482983516515
0.01955802446326552,0.07147179345013535,0.006636026814345345,0.0003954942949836438,0.0007980041097533927,6.513947712242072e-05,3965.0
0.01955802446326552,0.07147179345013535,0.006636026814345345,0.0003954942949836438,0.0007980041097533927,6.513947712242072e-05,3965.0
0.01964116080023073,0.07163856649779417,0.006649598327926676,0.0003899425857634981,0.0007776044780449275,6.307912713415029e-05,3965.2116936224493
0.020407086227557155,0.07306900547936744,0.006761364170408348,0.00033334974371924535,0.0005739111973019835,4.252954424131975e-05,3967.328629846942
0.021199204844884054,0.07425966578088887,0.006840500240990312,0.00025918742512075275,0.0003176589012581669,1.6746925299506112e-05,3970.0
0.021199204844884054,0.07425966578088887,0.006840500240990312,0.00025918742512075275,0.0003176589012581669,1.6746925299506112e-05,3970.0
0.02125111029332196,0.07432203001489253,0.006843694430957975,0.0002534430397283055,0.00029826930159271417,1.4800001297862273e-05,3970.2025051612495
0.021705515447512955,0.0747299142759217,0.006853993792801797,0.0001950555914235164,0.00010465439972406868,-4.609734985806648e-06,3972.2275567737447
0.02213240012399116,0.07465354591647624,0.0068045845227724475,0.00011236602185130737,-0.00015958378894686086,-3.0995611867318385e-05,3975.0
0.02213240012399116,0.07465354591647624,0.0068045845227724475,0.00011236602185130737,-0.00015958378894686086,-3.0995611867318385e-05,3975.0
0.022154039303506987,0.07462010552053817,0.006798265735477611,0.00010634418413804854,-0.00017840624309145656,-3.286982579898053e-05,3975.197877515352
0.022304286735123073,0.0740810419284814,0.006714728085523597,4.524986164670161e-05,-0.0003663560470514884,-5.15424430902563e-05,3977.1766526688725
0.022305874726176365,0.072669112849726,0.0065318596242854845,-4.4659616630482116e-05,-0.0006336525980392958,-7.794916418045854e-05,3980.0
0.022305874726176365,0.072669112849726,0.0065318596242854845,-4.4659616630482116e-05,-0.0006336525980392958,-7.794916418045854e-05,3980.0
0.02229587195323651,0.07253511871696416,0.006515426660576221,-5.141733176105524e-05,-0.0006533255258237756,-7.98849283404881e-05,3980.208230476905
0.02211775483236812,0.07097009811697932,0.006328997425308476,-0.00011994836461510843,-0.0008497410212010154,-9.914551667682231e-05,3982.290535245956
0.02166910792356472,0.06832247008746165,0.006026726583292788,-0.0002117090616345481,-0.001104449732212461,-0.0001239189899069507,3985.0
0.02166910792356472,0.06832247008746165,0.006026726583292788,-0.0002117090616345481,-0.001104449732212461,-0.0001239189899069507,3985.0
0.0216230623542544,0.06808421966129406,0.006000028100066215,-0.0002190738639677642,-0.0011245040487357285,-0.000125858611275289,3985.213777708305
0.021075264473842177,0.06546617785498439,0.005710337114837709,-0.0002937223511954002,-0.0013247037595527792,-0.0001451203298224493,3987.3515547913535
0.02017216435137247,0.061630281540983996,0.005294794279872818,-0.000388729804310328,-0.0015718480832548373,-0.0001686060540841698,3990.0
0.02017216435137247,0.061630281540983996,0.005294794279872818,-0.000388729804310328,-0.0015718480832548373,-0.0001686060540841698,3990.0
0.020088761683733195,0.06129426199580268,0.005258778114859485,-0.0003964730829925867,-0.0015916288366413219,-0.0001704699544154282,3990.2124367840565
0.019163520428283315,0.05770321157127112,0.004876975053714507,-0.00047490456045978417,-0.0017890808412597261,-0.00018892273410481576,3992.336804624622
0.017765024170350033,0.05260993064498534,0.004343614529642489,-0.0005758186795829475,-0.002035683770167542,-0.0002115069264685019,3995.0
0.017765024170350033,0.05260993064498534,0.004343614529642489,-0.0005758186795829475,-0.002035683770167542,-0.0002115069264685019,3995.0
0.017646566937351556,0.052192061291061805,0.004300224245477481,-0.0005836829672581133,-0.002054559273122339,-0.00021321083977213798,3995.2043248980567
0.016372931190753462,0.04780149778493212,0.0038473611200644793,-0.0006632867677751147,-0.0022429629954165455,-0.00022998183528945013,3997.247573878624
0.01439656750017327,0.04127978459148432,0.0031842671947055687,-0.0007733564222914892,-0.002495715995852511,-0.0002516385215708444,4000.0
0.01439656750017327,0.04127978459148432,0.0031842671947055687,-0.0007733564222914892,-0.002495715995852511,-0.0002516385215708444,4000.0
0.014248168647052466,0.04080160445151863,0.0031360825777507558,-0.0007811188262157818,-0.0025132021862222607,-0.00025309235011066784,4000.190931464587
0.012682042887523184,0.0358364061434215,0.00263925610624114,-0.0008596803207427549,-0.0026877183421087315,-0.00026718944995299563,4002.100246110455
0.010012158449398782,0.02765988473200381,0.001835718322917575,-0.0009825387654990056,-0.00295146111437786,-0.00028649833015761413,4005.0
0.010012158449398782,0.02765988473200381,0.001835718322917575,-0.0009825387654990056,-0.00295146111437786,-0.00028649833015761413,4005.0
0.009841907755426106,0.02714905132469253,0.001786173035059574,-0.0009900061204288512,-0.0029671053142321917,-0.00028753573140573367,4005.1726206220937
0.00806784411021007,0.021892429840822767,0.001281479810150283,-0.001065799758441396,-0.003123138995653585,-0.00029684932513859353,4006.898826843031
0.004542925565140433,0.011775599192862864,0.00034548850149219166,-0.0012099221538165255,-0.003400358341163219,-0.0003030113708251737,4010.0
0.004542925565140433,0.011775599192862864,0.00034548850149219166,-0.0012099221538165255,-0.003400358341163219,-0.0003030113708251737,4010.0
0.004366935673102228,0.011281547256975433,0.0003015838233677267,-0.0012171637857055293,-0.003413090277252569,-0.00030244941246124093,4010.145022408006
0.0025446997260891733,0.006243163695577971,-0.00012296288746084793,-0.0012982627405719869,-0.003520480414355364,-0.00026823506530514424,4011.5952464880643
-1.2800842375471772e-05,-0.0005481734227441304,-0.000573302599685044,-0.0012760095686778436,-0.0033484911155888405,-0.00020686616291091316,4013.567760753181
-0.001813266853251599,-0.005245556200712304,-0.0008559827466160908,-0.0012375967102396,-0.0032110949393246795,-0.00018873627977878762,4015.0
-0.001813266853251599,-0.005245556200712304,-0.0008559827466160908,-0.0012375967102396,-0.0032110949393246795,-0.00018873627977878762,4015.0
-0.001975198450666926,-0.005665508156512704,-0.0008806193103521781,-0.001233930607856603,-0.00319855079152329,-0.00018729102135431582,4015.131037506972
-0.0035676684556111265,-0.009774713859846514,-0.0011171082518167202,-0.00119637884435872,-0.003073307222798333,-0.0001739552916323112,4016.441412576692
-0.007635748505086053,-0.020108197026039852,-0.0016800617791139047,-0.001088851699814953,-0.0027346447297945586,-0.00014339948029616075,4020.0
-0.007635748505086053,-0.020108197026039852,-0.0016800617791139047,-0.001088851699814953,-0.0027346447297945586,-0.00014339948029616075,4020.0
-0.007819506758134477,-0.020569464297364382,-0.0017042083253649056,-0.0010835888593618641,-0.002718589482115386,-0.00014206924444693037,4020.169172020758
-0.009607732982043076,-0.02503287493187021,-0.0019335395639849375,-0.0010303106028127231,-0.0025582442418398007,-0.0001291664484532782,4021.86089222834
-0.012683243258974419,-0.03259766631497141,-0.002303325998227068,-0.0009285761539047318,-0.0022616652661285276,-0.00010670577367514297,4025.0
-0.012683243258974419,-0.03259766631497141,-0.002303325998227068,-0.0009285761539047318,-0.0022616652661285276,-0.00010670577367514297,4025.0
-0.012859185997607922,-0.033025944580975256,-0.00232348793554386,-0.0009223055265734429,-0.002243740379898765,-0.0001053947404870987,4025.1901175468474
-0.014552596788660707,-0.03712145365623296,-0.0025115685613802527,-0.0008589285953150558,-0.0020647276212478623,-9.253584533571914e-05,4027.0912930153218
-0.016907287172444566,-0.04272977528744559,-0.0027530236798864742,-0.0007596843004494956,-0.0017916664448320253,-7.362707357207152e-05,4030.0
-0.016907287172444566,-0.04272977528744559,-0.0027530236798864742,-0.0007596843004494956,-0.0017916664448320253,-7.362707357207152e-05,4030.0
-0.017062092382198316,-0.043094619133874745,-0.0027679642126445217,-0.0007526008787005851,-0.0017724827348350254,-7.232715925092855e-05,4030.204729886744
-0.018529872603918092,-0.046527236503480535,-0.002902875650323011,-0.0006810544397603765,-0.0015809109603460315,-5.952605540071728e-05,4032.252028754186
-0.02026721875637278,-0.0505190727909611,-0.0030434289213032415,-0.0005830266610324316,-0.0013245297113180223,-4.2864282726052776e-05,4035.0
-0.02026721875637278,-0.0505190727909611,-0.0030434289213032415,-0.0005830266610324316,-0.0013245297113180223,-4.2864282726052776e-05,4035.0
-0.020390448361432972,-0.050798775585045135,-0.003052414056136381,-0.0005753455883959194,-0.0013047141417764886,-4.1597698663206866e-05,4035.2127629851066
-0.021532318060367685,-0.05336413308843748,-0.003127572805243275,-0.0004978073885479687,-0.001106841210852651,-2.9104015721260737e-05,4037.340392836172
-0.022725409975385046,-0.05597975321942593,-0.0031846689642010036,-0.00039905133463297464,-0.0008602140404533282,-1.3907740922492348e-05,4040.0
-0.022725409975385046,-0.05597975321942593,-0.0031846689642010036,-0.00039905133463297464,-0.0008602140404533282,-1.3907740922492348e-05,4040.0
-0.02280931686795832,-0.05616036310331091,-0.003187495958242091,-0.00039108048715687655,-0.0008405528966264401,-1.2713952279112324e-05,4040.2123865060557
-0.02355476128416979,-0.05773700220141805,-0.0032019359845081707,-0.00031068043949498346,-0.0006442199844877741,-9.304897077227095e-07,4042.336251566613
-0.02424613005191133,-0.05912585422644137,-0.003185156108982913,-0.00020809339360591448,-0.00039869175569498457,1.3457106652757543e-05,4045.0
-0.02424613005191133,-0.05912585422644137,-0.003185156108982913,-0.00020809339360591448,-0.00039869175569498457,1.3457106652757543e-05,4045.0
-0.024287840993651527,-0.05920540355313302,-0.0031822952464425677,-0.00020014560555399173,-0.00037988854627155576,1.4542820439899999e-05,4045.2043447673336
-0.024615188921075774,-0.05978974944689281,-0.0031415843511472434,-0.00012005846917483664,-0.00019210955722514603,2.5260011399763365e-05,4047.24779244067
-0.024795263692719175,-0.05997124860332461,-0.003052651406602735,-1.0475881977008825e-05,6.007924184773896e-05,3.928810568344769e-05,4050.0
-0.024795263692719175,-0.05997124860332461,-0.003052651406602735,-1.0475881977008825e-05,6.007924184773896e-05,3.928810568344769e-05,4050.0
-0.02479654057763945,-0.059957851441977836,-0.0030449247619106904,-2.668557435783277e-06,7.784902911772145e-05,4.026028383720548e-05,4050.1942617826553
-0.024725540161693264,-0.059634170836916904,-0.002957361359743789,7.592212020278643e-05,0.0002553259301717783,4.984902526394643e-05,4052.1368796092083
-0.024340422321791972,-0.058529511485408796,-0.0027949263309360274,0.00019342277999508806,0.0005161803525806914,6.352515176849748e-05,4055.0
-0.024340422321791972,-0.058529511485408796,-0.0027949263309360274,0.00019342277999508806,0.0005161803525806914,6.352515176849748e-05,4055.0
-0.024299817924227772,-0.05842156364988687,-0.0027817789872023706,0.0002019271789157989,0.0005348626580713494,6.448463315797309e-05,4055.205410742748
-0.023797314080278544,-0.05713118677276652,-0.0026395860957818744,0.00028749837988465636,0.0007214548837638014,7.391101083596519e-05,4057.2595181702277
-0.02285139981756187,-0.05481364664674071,-0.0024203576657555225,0.00040309174623571835,0.0009697661460304369,8.598077112022918e-05,4060.0
-0.02285139981756187,-0.05481364664674071,-0.0024203576657555225,0.00040309174623571835,0.0009697661460304369,8.598077112022918e-05,4060.0
-0.022765945673776683,-0.05460831724020687,-0.0024022349966119003,0.00041200090566511483,0.000988736124888452,8.687888766601841e-05,4060.2096799592214
-0.021808314505810597,-0.05233640850817118,-0.0022108076456437524,0.0005015596986286145,0.001178226749493697,9.564437194195051e-05,4062.306479551435
-0.020301145137652465,-0.04883557763859726,-0.0019387031229138943,0.0006177461211756348,0.0014211295808059102,0.00010627276760465581,4065.0
-0.020301145137652465,-0.04883557763859726,-0.0019387031229138943,0.0006177461211756348,0.0014211295808059102,0.00010627276760465581,4065.0
-0.02017294329651151,-0.04854085405882673,-0.001916726002507209,0.0006266825933989903,0.0014396883327292905,0.00010705359603918628,4065.2060414471966
-0.018789425091190425,-0.045383410466088854,-0.0016883084533880672,0.0007163579014647578,0.001625133135983074,0.00011457744578364559,4067.266455919163
-0.016667852454410506,-0.04060513063151525,-0.001362455840359715,0.000835983886878198,0.001870855752338712,0.00012363949931178806,4070.0
-0.016667852454410506,-0.04060513063151525,-0.001362455840359715,0.000835983886878198,0.001870855752338712,0.00012363949931178806,4070.0
-0.016503530613681067,-0.04023755218385037,-0.0013382182304768964,0.0008445610410914387,0.0018884254704114225,0.00012424111681919001,4070.1955578291645
-0.014768045402624282,-0.03637280453814403,-0.0010896468190963512,0.0009303372701943085,0.002064112960374632,0.00012984613656993763,4072.1511361208095
-0.011940181637733997,-0.030127662063302346,-0.0007099430991078491,0.0010547002227499264,0.0023202778328979194,0.00013632852294198563,4075.0
-0.011940181637733997,-0.030127662063302346,-0.0007099430991078491,0.0010547002227499264,0.0023202778328979194,0.00013632852294198563,4075.0
-0.011749763512639072,-0.029708840090260088,-0.0006853914203186143,0.00106249785921785,0.0023364737805253045,0.00013665192750553183,4075.179877334348
-0.009768865519896721,-0.025360220196824313,-0.00043713635845101445,0.0011397481595199794,0.0024987206314069166,0.0001391268301734794,4076.978650677828
-0.006135688730404999,-0.017396581818036792,-1.580857607411752e-05,0.0012632819435237522,0.00277356462644242,0.00013838008549060666,4080.0
-0.006135688730404999,-0.017396581818036792,-1.580857607411752e-05,0.0012632819435237522,0.00277356462644242,0.00013838008549060666,4080.0
-0.005935973909765857,-0.01695800619907422,5.991176588209984e-06,0.001269308987683626,0.002788056728226224,0.000138057706178326,4080.1577151233505
-0.003889210756427982,-0.012445753254819447,0.0002196009085754113,0.0013242066033598218,0.0029345050941325538,0.0001316690482876472,4081.7348663568555
0.0004328611826271444,-0.0024984308986634625,0.0005602449353475408,0.0012371217989912077,0.003032704627540179,5.919990377846327e-05,4085.0
0.0004328611826271444,-0.0024984308986634625,0.0005602449353475408,0.0012371217989912077,0.003032704627540179,5.919990377846327e-05,4085.0
0.0005767765425359311,-0.0021451619857196817,0.0005670296894319609,0.0012302530088285156,0.003023823792737214,5.714666794426889e-05,4085.1166564484524
0.0019756677028494036,0.0013269419261799733,0.0006242531661563316,0.0011700888419473158,0.00292715982477439,4.229022929355212e-05,4086.2832209329767
0.0060257789953976956,0.011591919836207363,0.0007308192021138638,0.0010137729689465335,0.0025936274731949284,1.8083595418504773e-05,4090.0
0.0060257789953976956,0.011591919836207363,0.0007308192021138638,0.0010137729689465335,0.0025936274731949284,1.8083595418504773e-05,4090.0
0.0061872937776582485,0.01200525394040955,0.0007336506558724595,0.0010074981157373335,0.0025790177159116514,1.7352996995431297e-05,4090.159815315099
0.0077477934955026105,0.016009893343858793,0.0007559596058301291,0.0009456122659555729,0.0024324369031313102,1.0765689270734713e-05,4091.7579684660886
0.010613803522123447,0.0234117742122827,0.00077293546523172,0.0008228201075590676,0.0021335330055912986,2.0756208132888205e-07,4095.0
0.010613803522123447,0.0234117742122827,0.00077293546523172,0.0008228201075590676,0.0021335330055912986,2.0756208132888205e-07,4095.0
0.010766376665527018,0.02380747547876871,0.0007729252371838417,0.0008158279215665847,0.0021163289611672484,-3.1616991341027307e-07,4095.1862183917865
0.012220596770904268,0.02758821542287102,0.0007677092512124227,0.0007460501555851889,0.0019441899766516357,-5.177253076702394e-06,4097.0484023096515
0.014259623446306494,0.032923801669180096,0.0007424554805639147,0.0006355711335702793,0.0016711895594019538,-1.1725420709752569e-05,4100.0
0.014259623446306494,0.032923801669180096,0.0007424554805639147,0.0006355711335702793,0.0016711895594019538,-1.1725420709752569e-05,4100.0
0.014387777522953423,0.0332608970915134,0.0007400357160275524,0.0006279725907780619,0.001652426315929848,-1.2131562197138332e-05,4100.20284860944
0.015584454504822945,0.03642253866799279,0.0007114988723892399,0.000551855562274739,0.0014648287919543704,-1.592613143312868e-05,4102.231334703835
0.016967976183513964,0.0401238797206272,0.0006610292821823705,0.0004474440139577083,0.0012089479294671252,-2.0406568478649785e-05,4105.0
0.016967976183513964,0.0401238797206272,0.0006610292821823705,0.0004474440139577083,0.0012089479294671252,-2.0406568478649785e-05,4105.0
0.017061389655485162,0.040376492061447194,0.0006566978650641178,0.00043947282889271477,0.001189489351528984,-2.0717560601863347e-05,4105.210647467546
0.01790298636916465,0.042677245507322624,0.0006099389743135284,0.00035950510881230626,0.0009949991309386778,-2.361448157918474e-05,4107.317122143002
0.018730092965992606,0.04501471715905628,0.0005422129062060676,0.0002569383261372889,0.0007475655419872562,-2.6779027726353666e-05,4110.0
0.018730092965992606,0.04501471715905628,0.0005422129062060676,0.0002569383261372889,0.0007475655419872562,-2.6779027726353666e-05,4110.0
0.01878289802116214,0.04516877962965466,0.0005365988609439416,0.0002489233046196587,0.0007283242599940907,-2.7001922351787433e-05,4110.208772370219
0.019218709139149717,0.04648854935557369,0.00047802915098710367,0.00016848946650991495,0.000536024834049791,-2.9053487317874172e-05,4112.2964960724075
0.019532585322429307,0.04760142296339067,0.0003964041213100769,6.356770696517142e-05,0.00028731583441476174,-3.1245099153195355e-05,4115.0
0.019532585322429307,0.04760142296339067,0.0003964041213100769,6.356770696517142e-05,0.00028731583441476174,-3.1245099153195355e-05,4115.0
0.019544494986899738,0.04765692959099714,0.00039015464951140476,5.5789928953702404e-05,0.0002689706690377125,-3.138650588226581e-05,4115.199561407716
0.019578051455209432,0.04801071311198068,0.000326214270741133,-2.2233232134884437e-05,8.562105560353583e-05,-3.264830969035788e-05,4117.195175484875
0.019361088667302656,0.04788980931765531,0.00023268281219860314,-0.0001326052563177841,-0.00017177639335314853,-3.3953305793932065e-05,4120.0
0.019361088667302656,0.04788980931765531,0.00023268281219860314,-0.0001326052563177841,-0.00017177639335314853,-3.3953305793932065e-05,4120.0
0.01933426887024109,0.04785428420978079,0.00022600390191146688,-0.00014036658863323997,-0.00018979705319320615,-3.402402767479219e-05,4120.19650272005
0.01898206057185991,0.047304327949773455,0.00015855476586026286,-0.00021816409613090718,-0.0003699235476864861,-3.4579171341872414e-05,4122.161529920554
0.018202733628947282,0.04588529721984939,5.983584082115832e-05,-0.0003310360925647898,-0.0006298946236645816,-3.487669626758908e-05,4125.0
0.018202733628947282,0.04588529721984939,5.983584082115832e-05,-0.0003310360925647898,-0.0006298946236645816,-3.487669626758908e-05,4125.0
0.018134377961014945,0.045754903178905244,5.272170370818196e-05,-0.00033916544539755304,-0.0006485690344382758,-3.487415233927415e-05,4125.203985502472
0.017359557556721868,0.04424148093659537,-1.825890724155063e-05,-0.00042053528117524496,-0.0008352732460604758,-3.4662261662795124e-05,4127.243840527195
0.016048910262731784,0.04159175456188628,-0.00011276353181959717,-0.0005305105182696905,-0.0010874963150406237,-3.3798073812841436e-05,4130.0
0.016048910262731784,0.04159175456188628,-0.00011276353181959717,-0.0005305105182696905,-0.0010874963150406237,-3.3798073812841436e-05,4130.0
0.01593890276038388,0.041366042232086,-0.00011970864297019998,-0.000538713607210271,-0.0011063282873743482,-3.370464406978046e-05,4130.205770635253
0.014746106018756906,0.03889575431606293,-0.00018792883300093838,-0.0006205703352336845,-0.0012947028932036946,-3.252642453875677e-05,4132.263476987788
0.012899862331699641,0.035009689969012894,-0.0002739513205443736,-0.000728530949207573,-0.0015455252992007528,-3.018138910436402e-05,4135.0
0.012899862331699641,0.035009689969012894,-0.0002739513205443736,-0.000728530949207573,-0.0015455252992007528,-3.018138910436402e-05,4135.0
0.012753646825529262,0.03469933114541339,-0.0002799554086970744,-0.0007363454700633704,-0.0015638437958558089,-2.997032537408418e-05,4135.199628205553
0.01120616958124506,0.03139444825174242,-0.0003374372959640234,-0.0008137749577005923,-0.0017472768422232344,-2.7506736199277187e-05,4137.195910261087
0.0087753275424034,0.026132466557714732,-0.0004082556411342957,-0.0009191497576286948,-0.0020060858279387257,-2.2697017869797923e-05,4140.0
0.0087753275424034,0.026132466557714732,-0.0004082556411342957,-0.0009191497576286948,-0.0020060858279387257,-2.2697017869797923e-05,4140.0
0.008605744646269712,0.025762124671859704,-0.0004123927128492554,-0.0009258537081721619,-0.0020231197337504847,-2.2311335064861833e-05,4140.183828816247
0.006843451235719632,0.021886070110319657,-0.0004494665235748397,-0.0009907419444813896,-0.0021941278423529774,-1.7813907737664915e-05,4142.022116978718
0.003752357507116226,0.014935351086472901,-0.00048747510632763714,-0.0010807570748214061,-0.0024751937304601348,-6.605592875507411e-06,4145.0
0.003752357507116226,0.014935351086472901,-0.00048747510632763714,-0.0010807570748214061,-0.0024751937304601348,-6.605592875507411e-06,4145.0
0.003582347935257591,0.014545492574461402,-0.000488448454047243,-0.0010845363892996985,-0.002490224583861061,-5.785774116327284e-06,4145.157029613043
0.0018556342154991295,0.010516283430950957,-0.0004897979739927377,-0.0011101201884498788,-0.0026419408201647557,5.019481160597592e-06,4146.727325743474
-0.0016006348061186671,0.0015238341564294405,-0.0004006062505211067,-0.0009460141072499933,-0.002726284082922305,4.86694417543077e-05,4150.0
-0.0016006348061186671,0.0015238341564294405,-0.0004006062505211067,-0.0009460141072499933,-0.002726284082922305,4.86694417543077e-05,4150.0
-0.0017121140891632515,0.0012017742042476228,-0.0003947982530838343,-0.0009384265161107101,-0.002717648194177961,4.949525516621899e-05,4150.118317994014
-0.002781847329091761,-0.001958680737153317,-0.0003325500643486621,-0.0008722759443077685,-0.0026226406162016234,5.505604771198256e-05,4151.301497934159
-0.005701600259334555,-0.01105612073122121,-0.00011692808304644077,-0.0007135910584178286,-0.002292875704003105,5.970648377161125e-05,4155.0
-0.005701600259334555,-0.01105612073122121,-0.00011692808304644077,-0.0007135910584178286,-0.002292875704003105,5.970648377161125e-05,4155.0
-0.005817677516790169,-0.011429516369938327,-0.00010717231523434652,-0.0007073301084869363,-0.002277899574795068,5.971322954332622e-05,4155.163383830492
-0.006923238294684981,-0.015028388861152892,-9.850349395022241e-06,-0.0006464854248812884,-0.0021272903011222448,5.9279611802511246e-05,4156.797222135417
-0.008810967673153258,-0.021365050452563185,0.00017617454968900284,-0.0005333395967531216,-0.0018292322895479293,5.655025434104114e-05,4160.0
-0.008810967673153258,-0.021365050452563185,0.00017617454968900284,-0.0005333395967531216,-0.0018292322895479293,5.655025434104114e-05,4160.0
-0.008909977915439979,-0.02170506351077929,0.00018671631814350041,-0.0005269082784102524,-0.0018117772233733108,5.6334807348661225e-05,4160.186768511662
-0.009834467829226156,-0.024925694966017934,0.0002897453722378498,-0.000463263387932813,-0.001636936953940334,5.391728478291519e-05,4162.054453628284
-0.011053392678253369,-0.02934032141986343,0.00044197523160736013,-0.00036465988370056187,-0.0013604341637238914,4.9300012334122634e-05,4165.0
-0.011053392678253369,-0.02934032141986343,0.00044197523160736013,-0.00036465988370056187,-0.0013604341637238914,4.9300012334122634e-05,4165.0
-0.01112627652882049,-0.029612836087899566,0.00045188515206820353,-0.0003579645602864352,-0.0013414739870245638,4.895355464967648e-05,4165.201720126428
-0.011781033872416665,-0.0321275413826953,0.0005470087322862717,-0.00029128603670510627,-0.0011517549771460289,4.530475933160005e-05,4167.218921390708
-0.012463989239055163,-0.03496665185162101,0.0006654514096261699,-0.0001999471286784742,-0.0008899400660183119,3.97849827319908e-05,4170.0
-0.012463989239055163,-0.03496665185162101,0.0006654514096261699,-0.0001999471286784742,-0.0008899400660183119,3.97849827319908e-05,4170.0
-0.012504854617930813,-0.03514965337239699,0.0006736785642022017,-0.00019313864615303142,-0.0008703573764500503,3.9351834255653305e-05,4170.207921116134
-0.012835727240348803,-0.036755693677837764,0.0007508911683686604,-0.00012515790010498207,-0.0006744854681089177,3.48764371737098e-05,4172.287132277469
-0.013055196561583294,-0.038238720705830155,0.00083717748233479,-3.667523047264879e-05,-0.00041882822615388994,2.8669755307346367e-05,4175.0
-0.013055196561583294,-0.038238720705830155,0.00083717748233479,-3.667523047264879e-05,-0.00041882822615388994,2.8669755307346367e-05,4175.0
-0.013061983016997604,-0.038321968151285024,0.0008429605475902029,-3.0048909703723193e-05,-0.0003996549118402311,2.8188590493237252e-05,4175.2034188237385
-0.013055752962749063,-0.03893991544606211,0.0008953250366961366,3.6156495509867564e-05,-0.00020790017714161592,2.3261007133256625e-05,4177.2376070611235
-0.012831905842166532,-0.03915448250341109,0.0009499720783002969,0.0001258681702213109,5.256524079837272e-05,1.6242213803491507e-05,4180.0
-0.012831905842166532,-0.03915448250341109,0.0009499720783002969,0.0001258681702213109,5.256524079837272e-05,1.6242213803491507e-05,4180.0
-0.01280680631373199,-0.03914247214692317,0.0009530823846936994,0.00013217561958303603,7.091131204268778e-05,1.573402425637598e-05,4180.194536764698
-0.012488391634500101,-0.03882605408837301,0.000978680134794592,0.00019514789519123693,0.00025440275087827615,1.0552373892075825e-05,4182.139904411674
-0.01179836053582152,-0.037712503567924244,0.000997587650779145,0.0002872612899839662,0.0005243109813666074,2.602872160294172e-06,4185.0
-0.01179836053582152,-0.037712503567924244,0.000997587650779145,0.0002872612899839662,0.0005243109813666074,2.602872160294172e-06,4185.0
-0.011738583733227566,-0.0376026394287456,0.0009980627569249915,0.00029385841801495065,0.0005437340230083055,2.015523053500009e-06,4185.205729462287
-0.011066373018369356,-0.036284165286406815,0.000996083322102787,0.0003595356751139371,0.0007380486859877494,-3.975958679056992e-06,4187.26302408516
-0.009963948543271582,-0.03391003657527741,0.0009739088989911013,0.0004457822681222353,0.0009968798828965692,-1.229713022680097e-05,4190.0
-0.009963948543271582,-0.03391003657527741,0.0009739088989911013,0.0004457822681222353,0.0009968798828965692,-1.229713022680097e-05,4190.0
-0.009871713583741474,-0.0337032506158593,0.000971316814368829,0.00045218744373278456,0.0010163260542339102,-1.293903938757431e-05,4190.205429568297
-0.008877489856406573,-0.03141553968186818,0.0009380405695886486,0.000515526355884182,0.001210983333019461,-1.9502597791081424e-05,4192.259725251271
-0.00735195063452923,-0.027740566934708805,0.0008721022324578295,0.0005972485725645113,0.0014713778288357538,-2.8718894226988293e-05,4195.0
-0.00735195063452923,-0.027740566934708805,0.0008721022324578295,0.0005972485725645113,0.0014713778288357538,-2.8718894226988293e-05,4195.0
-0.007236183149054131,-0.02745492075030658,0.0008664967174958696,0.0006028418548865996,0.0014897522671248103,-2.939079211673458e-05,4195.192930589171
-0.00602021007424092,-0.024403225102522443,0.0008031817356517566,0.000657154583727529,0.001673892639193385,-3.63068430158627e-05,4197.122236480879
-0.00402126240584139,-0.019188960877660508,0.0006829177735469914,0.0007299493665992993,0.0019503798408645916,-4.7479566719466755e-05,4200.0
-0.00402126240584139,-0.019188960877660508,0.0006829177735469914,0.0007299493665992993,0.0019503798408645916,-4.7479566719466755e-05,4200.0
-0.0038960245935562277,-0.01885380398293105,0.0006747327546055354,0.000733809772362816,0.0019669121413107295,-4.8187342333740577e-05,4200.17111671594
-0.00260997819282654,-0.01534620740693661,0.0005860003614903465,0.0007677016259096481,0.0021329781179049005,-5.5651069733821195e-05,4201.882283875341
-0.0001719121610630511,-0.008220876781013811,0.00038762692655709664,0.0007769552252632836,0.002436723688236094,-7.277171246248746e-05,4205.0
-0.0001719121610630511,-0.008220876781013811,0.00038762692655709664,0.0007769552252632836,0.002436723688236094,-7.277171246248746e-05,4205.0
-7.123146169187044e-05,-0.007903649171641264,0.00037811699353531604,0.0007734913715590634,0.0024487641386622522,-7.369231836714257e-05,4205.12986430973
0.000889818283505848,-0.004659183778169417,0.0002759153311251678,0.0006909132424039277,0.0025296045689504674,-8.365508461397473e-05,4206.428507407028
0.0024550119261630295,0.0018547309087836418,4.70042314528876e-05,0.0005152439991658136,0.002359708531447132,-8.608804849708185e-05,4209.074595191592
0.0029135012236141283,0.004000384890237895,-3.186081653298181e-05,0.0004765989355246977,0.0022770085403694845,-8.426956727154653e-05,4210.0
0.0029135012236141283,0.004000384890237895,-3.186081653298181e-05,0.0004765989355246977,0.0022770085403694845,-8.426956727154653e-05,4210.0
0.0029801729966334877,0.0043198459211376975,-4.369482049592541e-05,0.00047117392854850287,0.002264203300705,-8.395232297992557e-05,4210.140693927042
0.003607221105628779,0.007414295554780896,-0.0001593746617428514,0.00042139036240303277,0.002134105097101436,-8.038362827138733e-05,4211.5476331974605
0.004879549179238043,0.014219321846291839,-0.00041927425814768245,0.0003189544082436977,0.001806928148569848,-6.989044276115711e-05,4215.0
0.004879549179238043,0.014219321846291839,-0.00041927425814768245,0.0003189544082436977,0.001806928148569848,-6.989044276115711e-05,4215.0
0.004936117504831303,0.014540721215308812,-0.0004317127250396835,0.00031410349105700076,0.0017898302321059426,-6.930717514112291e-05,4215.1787160416625
0.005455110668035168,0.017586327023773975,-0.0005502731943061354,0.000267128041428212,0.00161834925008916,-6.333321717518876e-05,4216.965876458287
0.006150445438920403,0.022053102594142674,-0.0007264949779993185,0.00019199248546214286,0.0013257741876282487,-5.275023930586899e-05,4220.0
0.006150445438920403,0.022053102594142674,-0.0007264949779993185,0.00019199248546214286,0.0013257741876282487,-5.275023930586899e-05,4220.0
0.006188217988077107,0.022315310042122824,-0.0007369334131503816,0.000187207666447701,0.0013065187765397383,-5.204067917185652e-05,4220.199223549841
0.006514050090931849,0.024726241467793546,-0.0008334873151609691,0.00014010749795937658,0.0011137475028934253,-4.486710929277339e-05,4222.191459048251
0.006816447651318043,0.02747201654149973,-0.0009450679815961231,7.553906175966286e-05,0.0008414713667462613,-3.455767079846598e-05,4225.0
0.006816447651318043,0.02747201654149973,-0.0009450679815961231,7.553906175966286e-05,0.0008414713667462613,-3.455767079846598e-05,4225.0
0.006831702286696358,0.02764532418078117,-0.000952191475265336,7.081540426653177e-05,0.0008212427562906677,-3.378501487104553e-05,4225.20846349624
0.0069304102980411305,0.029146383676146147,-0.0010145325458561683,2.4011097653220963e-05,0.000618841228153667,-2.6011440936669137e-05,4227.293098458643
0.006914299975399699,0.030465514975204173,-0.0010711607562027094,-3.5733859055964505e-05,0.000355756423998545,-1.581080658101989e-05,4230.0
0.006914299975399699,0.030465514975204173,-0.0010711607562027094,-3.5733859055964505e-05,0.000355756423998545,-1.581080658101989e-05,4230.0
0.006906584370513768,0.030535822825545254,-0.001074296466509133,-4.017758354650993e-05,0.00033598927070213424,-1.5040782813105382e-05,4230.203276513716
0.006779972230132949,0.031017846689355002,-0.0010970260190820208,-8.429767581339613e-05,0.00013824259507958124,-7.315061669834887e-06,4232.236041650881
0.006465125043786206,0.03102812199036697,-0.0011026578337186969,-0.0001433351652552838,-0.00013084881197190871,3.2495824808383756e-06,4235.0
0.006465125043786206,0.03102812199036697,-0.0011026578337186969,-0.0001433351652552838,-0.00013084881197190871,3.2495824808383756e-06,4235.0
0.006436554196872998,0.03100053233805985,-0.001101945369987996,-0.0001474873269474076,-0.00014998734289972557,4.002645710215909e-06,4235.196482349928
0.006106224937665619,0.030517763662457453,-0.0010866751159588175,-0.00018864024514658978,-0.00034144765165877483,1.1543910430733798e-05,4237.161305849212
0.0054878920856541785,0.0291555854254361,-0.001038415658975113,-0.00024669416364772373,-0.0006183324624755016,2.2459257103084275e-05,4240.0
0.0054878920856541785,0.0291555854254361,-0.001038415658975113,-0.00024669416364772373,-0.0006183324624755016,2.2459257103084275e-05,4240.0
0.005437407087116348,0.029028072525074645,-0.0010337778868768942,-0.00025076884625886117,-0.0006381440163359882,2.324003589940309e-05,4240.202969076553
0.00488755429934383,0.02753169575622804,-0.0009786864815045883,-0.00029081647574534454,-0.0008363822672973572,3.104380097593401e-05,4242.232659842083
0.004010034906953703,0.024842686293773543,-0.0008780876241577383,-0.000342778997413251,-0.0011071025166991654,4.165122995993766e-05,4245.0
0.004010034906953703,0.024842686293773543,-0.0008780876241577383,-0.000342778997413251,-0.0011071025166991654,4.165122995993766e-05,4245.0
0.003943263498123802,0.024626283647288083,-0.0008699435960538871,-0.00034627086057125714,-0.001126084831142902,4.239173762784423e-05,4245.193806131965
0.003239255760739464,0.02225978401911211,-0.0007806283585940005,-0.00037977609769304296,-0.0013161103880579936,4.976837985408603e-05,4247.131867451617
0.002086120160814494,0.01808079206028198,-0.0006223921434921532,-0.0004226379719820731,-0.001598164624607772,6.0531984145192945e-05,4250.0
0.002086120160814494,0.01808079206028198,-0.0006223921434921532,-0.0004226379719820731,-0.001598164624607772,6.0531984145192945e-05,4250.0
0.002012695924372621,0.017802395924226038,-0.0006118480895541353,-0.00042485741900118054,-0.0016152427217467288,6.117325582358847e-05,4250.173271655363
0.0012593474525941172,0.014855519903062149,-0.0005003496564727213,-0.00044350837705956853,-0.0017862888251056375,6.749279703444562e-05,4251.905988208997
-0.00013130346249861768,0.008855559816633768,-0.0002750108082236449,-0.0004447948063657567,-0.002091583254423339,7.783855178054856e-05,4255.0
-0.00013130346249861768,0.008855559816633768,-0.0002750108082236449,-0.0004447948063657567,-0.002091583254423339,7.783855178054856e-05,4255.0
-0.0001944902748940593,0.008556771275117812,-0.00026389895200607693,-0.00044271719133281187,-0.0021054089320949815,7.824471684869671e-05,4255.14238184982
-0.0007967754626992134,0.00546485510553156,-0.00015013268793993037,-0.0003914463817239896,-0.0022318381270078256,8.101325361265989e-05,4256.5662003480165
-0.0017081549702715423,-0.002008887226819271,0.00010857437058170856,-0.00017955896081891975,-0.0020413099266149842,6.80755213020427e-05,4260.0
-0.0017081549702715423,-0.002008887226819271,0.00010857437058170856,-0.00017955896081891975,-0.0020413099266149842,6.80755213020427e-05,4260.0
-0.0017314166875227997,-0.0022755055053062835,0.00011745688920271924,-0.0001755867642552197,-0.0020289907016467932,6.752920987338439e-05,4260.131006406917
-0.001938231989922923,-0.004851940893512129,0.00020239877600794262,-0.00014167601685222722,-0.0019038127238907483,6.21777540326911e-05,4261.441070476083
-0.0023197298467118902,-0.011010697749051966,0.00039877779654858567,-7.714715641316166e-05,-0.0015561624484130019,4.8307233994579847e-05,4265.0
-0.0023197298467118902,-0.011010697749051966,0.00039877779654858567,-7.714715641316166e-05,-0.0015561624484130019,4.8307233994579847e-05,4265.0
-0.002333333746520572,-0.011288375361962283,0.00040738562887012114,-7.447222368010578e-05,-0.0015385044552811403,4.762577696529916e-05,4265.179455502842
-0.002444142014724238,-0.013890644474103011,0.0004867840276236456,-4.9522466693174074e-05,-0.0013615867359912152,4.088340748672629e-05,4266.97401053126
-0.0025369742365540797,-0.017558274036639746,0.0005936108848284963,-1.2707413701675109e-05,-0.0010623565828347316,2.9773006909098664e-05,4270.0
-0.0025369742365540797,-0.017558274036639746,0.0005936108848284963,-1.2707413701675109e-05,-0.0010623565828347316,2.9773006909098664e-05,4270.0
-0.002539313312639147,-0.01777121445217632,0.00059956131541529,-1.0414647543901555e-05,-0.0010423198491895176,2.904052624743108e-05,4270.202349745659
-0.002537817195167224,-0.01967753047822546,0.0006509618641104419,1.1646344970793942e-05,-0.0008418231051459645,2.178350956161067e-05,4272.225847202253
-0.002465925277298378,-0.02163126621954567,0.0006978123221840443,3.984191238536096e-05,-0.000566658506906138,1.2030539497807668e-05,4275.0
-0.002465925277298378,-0.02163126621954567,0.0006978123221840443,3.984191238536096e-05,-0.000566658506906138,1.2030539497807668e-05,4275.0
-0.0024574816428659064,-0.02174626213558386,0.0007002245907906257,4.186487690723752e-05,-0.0005461481572624356,1.131301460197794e-05,4275.2066772212265
-0.0023504230205550285,-0.02266302852523737,0.0007162419206027022,6.158480031566115e-05,-0.0003409815857442156,4.2084276017320955e-06,4277.273449433492
-0.0021484974580917586,-0.023223576834496253,0.0007151638626085017,8.629373577531974e-05,-7.017049246564036e-05,-4.958839237699124e-06,4280.0
-0.0021484974580917586,-0.023223576834496253,0.0007151638626085017,8.629373577531974e-05,-7.017049246564036e-05,-4.958839237699124e-06,4280.0
-0.0021316262683186518,-0.02323529996077782,0.0007141417079365234,8.799373518903616e-05,-5.093574177595979e-05,-5.600365531870851e-06,4280.193600518617
-0.0019450882867457595,-0.023147693227601407,0.0006971386996891827,0.00010458423271919281,0.0001414496621904432,-1.1941882361469558e-05,4282.129605704788
-0.0016112914388365946,-0.02233216278754111,0.0006496738578990801,0.0001276660511905939,0.00042681053116795637,-2.107197559716915e-05,4285.0
-0.0016112914388365946,-0.02233216278754111,0.0006496738578990801,0.0001276660511905939,0.00042681053116795637,-2.107197559716915e-05,4285.0
-0.0015859439524338623,-0.022245983619496253,0.0006454540792120059,0.00012917674467721483,0.00044643811155251165,-2.168648978298209e-05,4285.197376040317
-0.0013165118268309082,-0.0211710939963257,0.0005966587525017316,0.00014362829369405158,0.0006427534229263041,-2.772363630174078e-05,4287.171136443488
-0.0008837979295420692,-0.018954711683877152,0.0005064403935759496,0.00016168048214571274,0.0009242498316128708,-3.597070732313105e-05,4290.0
-0.0008837979295420692,-0.018954711683877152,0.0005064403935759496,0.00016168048214571274,0.0009242498316128708,-3.597070732313105e-05,4290.0
-0.0008533257344575012,-0.01877932851290686,0.0004996334690972766,0.00016273499510853208,0.0009429487512604394,-3.649801856561285e-05,4290.187857020795
-0.0005385571430729966,-0.01683227384322857,0.0004262280341818641,0.0001719430065572105,0.001129972324122906,-4.15960611648142e-05,4292.06642722874
-2.0879786890158083e-05,-0.013088955479601169,0.0002934825575207961,0.00017907776426381183,0.0014220681172528115,-4.8683824783658175e-05,4295.0
-2.0879786890158083e-05,-0.013088955479601169,0.0002934825575207961,0.00017907776426381183,0.0014220681172528115,-4.8683824783658175e-05,4295.0
8.847350667711908e-06,-0.012851526675999836,0.00028537163384543743,0.00017907977983796814,0.0014385896989298206,-4.903950006750393e-05,4295.165995930342
0.0003039869366324358,-0.010326496884185505,0.0002012472600149515,0.00017516897295453103,0.0016036095917394372,-5.217396255977999e-05,4296.825955233767
0.0007960241465622874,-0.004743039278697433,3.154396132486935e-05,0.00011119896655232823,0.0019065667980239873,-5.226912586777401e-05,4300.0
0.0007960241465622874,-0.004743039278697433,3.154396132486935e-05,0.00011119896655232823,0.0019065667980239873,-5.226912586777401e-05,4300.0
0.0008120446668634562,-0.004455866814744111,2.374266929644867e-05,0.00010192456205678993,0.0019177796897275588,-5.1600871870834996e-05,4300.150172893701
0.000872003569385777,-0.0015688266984967883,-4.4719878589885825e-05,-9.90255442716931e-06,0.001881688728751313,-3.9669943910358284e-05,4301.651901830711
0.0007851941426122035,0.002451903768213104,-0.0001220182119616358,-5.5832558684043076e-05,0.0016632162865627225,-2.9515037969967673e-05,4303.918356202053
0.0007199900853820945,0.004192938052395364,-0.00015197497794918944,-6.402873330544773e-05,0.0015559380091584116,-2.5947150566574248e-05,4305.0
0.0007199900853820945,0.004192938052395364,-0.00015197497794918944,-6.402873330544773e-05,0.0015559380091584116,-2.5947150566574248e-05,4305.0
0.0007100616768139178,0.004431394883031375,-0.00015593440073571397,-6.488978329554997e-05,0.0015406289423815483,-2.5470475601212498e-05,4305.154013626358
0.000605060349554236,0.006686145463419505,-0.0001916614142359115,-7.072189409288304e-05,0.001387301372075363,-2.1007081674709677e-05,4306.694149889942
0.0003643095289043226,0.010727469014285309,-0.00024692840837584127,-7.336629551996678e-05,0.0010575778367923842,-1.2644467595635903e-05,4310.0
0.0003643095289043226,0.010727469014285309,-0.00024692840837584127,-7.336629551996678e-05,0.0010575778367923842,-1.2644467595635903e-05,4310.0
0.00035060790618553835,0.010923349967990027,-0.0002492502407313899,-7.327871739814284e-05,0.00103893016673439,-1.2206551443824275e-05,4310.1868640082885
0.0002150802465385939,0.012690490059794338,-0.0002680728951548375,-7.153541292097383e-05,0.0008524280945528982,-7.98513699937681e-06,4312.055504091173
1.128124228823806e-05,0.014767731742748803,-0.00028239092228977855,-6.652965279564637e-05,0.0005584972563602837,-1.8339425960497397e-06,4315.0
1.128124228823806e-05,0.014767731742748803,-0.00028239092228977855,-6.652965279564637e-05,0.0005584972563602837,-1.8339425960497397e-06,4315.0
-1.5295378405950233e-06,0.014873733500835404,-0.00028270796049226633,-6.613279514831938e-05,0.0005392169822757367,-1.4495580333104126e-06,4315.193131787783
-0.00012518165590584714,0.015728948696148746,-0.00028187708681770226,-6.181735102387549e-05,0.00034641082609224833,2.273859313591526e-06,4317.124449665617
-0.00029256678487680387,0.016312324239072633,-0.0002678234895167986,-5.442841555165682e-05,5.9338864437672193e-05,7.422216040194967e-06,4320.0
-0.00029256678487680387,0.016312324239072633,-0.0002678234895167986,-5.442841555165682e-05,5.9338864437672193e-05,7.422216040194967e-06,4320.0
-0.00030292419017378285,0.016321845839416965,-0.00026637305698185715,-5.3900914383922016e-05,4.02493703269918e-05,7.747779265173544e-06,4320.191219404832
-0.0004007856504260903,0.01621629968408066,-0.00024852389721761743,-4.837763565269885e-05,-0.00015064021566312802,1.0884537085369115e-05,4322.10341345315
-0.0005276867657601844,0.01536120614932345,-0.0002106183721682658,-3.901578411168715e-05,-0.0004397648751634026,1.519373951430799e-05,4325.0
-0.0005276867657601844,0.01536120614932345,-0.0002106183721682658,-3.901578411168715e-05,-0.0004397648751634026,1.519373951430799e-05,4325.0
-0.0005354765643665539,0.015270577333837791,-0.0002075291171534664,-3.830919128906464e-05,-0.00045987306052293656,1.5471617662987093e-05,4325.201478405199
-0.0006051791431408701,0.014141483734109181,-0.00017368207558599654,-3.070504720351682e-05,-0.0006609254423932156,1.8070224445541147e-05,4327.216262457188
-0.000673546381491483,0.011915156496011891,-0.00011909501245694963,-1.7818179715371217e-05,-0.0009385562901409187,2.0999226082703157e-05,4330.0
-0.000673546381491483,0.011915156496011891,-0.00011909501245694963,-1.7818179715371217e-05,-0.0009385562901409187,2.0999226082703157e-05,4330.0
-0.0006769329599496285,0.011729402420140034,-0.00011496507483914555,-1.6756013429039216e-05,-0.00095808020461466,2.116843006235178e-05,4330.195877324882
-0.0006981846295436622,0.009661626004152955,-7.208725895695418e-05,-4.3180976952547655e-06,-0.0011531597990624327,2.2487450192947998e-05,4332.154650573698
-0.0006728732565306384,0.0059786679164034184,-7.543672731825872e-06,2.603005165281574e-05,-0.0014350278543649243,2.222270096648999e-05,4335.0
-0.0006728732565306384,0.0059786679164034184,-7.543672731825872e-06,2.603005165281574e-05,-0.0014350278543649243,2.222270096648999e-05,4335.0
-0.0006683321756225291,0.005739551862995477,-3.87622119808439e-06,2.8818359801195125e-05,-0.0014512699958646532,2.20406916316449e-05,4335.165690083018
-0.0005855539988691357,0.003203896579002629,2.927234901586359e-05,8.48125635841245e-05,-0.0016015010309088215,1.5795811723163326e-05,4336.822590913193
-0.0002676464771054482,-0.0005583764962745264,4.759716556560448e-05,0.00014069833092532862,-0.001397321880149138,2.8798887466855264e-06,4339.29885704349
-0.0001697400549742121,-0.0015135995100751505,4.918697865700605e-05,0.0001382662313583728,-0.0013274376022025848,1.7040946020180982e-06,4340.0
-0.0001697400549742121,-0.0015135995100751505,4.918697865700605e-05,0.0001382662313583728,-0.0013274376022025848,1.7040946020180982e-06,4340.0
-0.00015080592242946628,-0.0016948750845494182,4.940711481903133e-05,0.00013759640208043958,-0.0013137568631535505,1.5047066381286034e-06,4340.137267880587
3.237942816918001e-05,-0.0034043695764006676,5.028734012352683e-05,0.00012876023483501093,-0.001177001863129046,-1.2718335079601423e-07,4341.509946686461
0.0004304994389504438,-0.006905911431173218,4.493789560125717e-05,9.827266544940929e-05,-0.0008296403201487621,-2.6691944309826198e-06,4345.0
0.0004304994389504438,-0.006905911431173218,4.493789560125717e-05,9.827266544940929e-05,-0.0008296403201487621,-2.6691944309826198e-06,4345.0
0.0004481105644877666,-0.007054272713098477,4.44468179831392e-05,9.655487152420259e-05,-0.0008116544936208507,-2.763036530139534e-06,4345.180785666459
0.0006069306712699213,-0.00835906048581465,3.869506719662765e-05,7.906673165146353e-05,-0.000631813453138637,-3.5590870560077656e-06,4346.98864233105
0.000800431808225956,-0.00981066466671987,2.656081245914532e-05,4.941263053732557e-05,-0.00033227192307314486,-4.411324178498208e-06,4350.0
0.000800431808225956,-0.00981066466671987,2.656081245914532e-05,4.941263053732557e-05,-0.00033227192307314486,-4.411324178498208e-06,4350.0
0.0008100448716346578,-0.00987465336103816,2.5681444824873676e-05,4.745635231214374e-05,-0.0003125288496608326,-4.449533237869367e-06,4350.1984758538565
0.0008848649510827178,-0.010299015249809676,1.654894112252421e-05,2.7962973413712222e-05,-0.0001150887653772876,-4.7195012535442065e-06,4352.183234392422
0.0009250173988575254,-0.010228516967283793,3.1040142812030997e-06,6.139184123628999e-07,0.00016515140114246852,-4.759309027137044e-06,4355.0
0.0009250173988575254,-0.010228516967283793,3.1040142812030997e-06,6.139184123628999e-07,0.00016515140114246852,-4.759309027137044e-06,4355.0
0.0009249502855270097,-0.010193898043808039,2.16369682213412e-06,-1.2921233699839758e-06,0.000184834880995508,-4.7466503096040834e-06,4355.197830186752
0.0009035965262520492,-0.009633535573681394,-7.0192992914199004e-06,-2.0277078754661483e-05,0.0003816746415887837,-4.499544794906147e-06,4357.176132054273
0.0008080941129865209,-0.00815903516173158,-1.873928167118961e-05,-4.742939218105778e-05,0.0006626268887327107,-3.701524998645686e-06,4360.0
0.0008080941129865209,-0.00815903516173158,-1.873928167118961e-05,-4.742939218105778e-05,0.0006626268887327107,-3.701524998645686e-06,4360.0
0.0007987431612715699,-0.008029077455369635,-1.9447333516166668e-05,-4.93123113767098e-05,0.0006818570819426871,-3.6230604681638173e-06,4360.193319811223
0.0006849139757841359,-0.006525073946820779,-2.5541531555377468e-05,-6.863770504484781e-05,0.0008740924100695355,-2.6026731874420783e-06,4362.1265179234515
0.00044135304093065493,-0.003603563310839338,-2.9289104409052405e-05,-0.00010324559783015359,0.001158964642575738,5.622363758023755e-07,4365.0
0.00044135304093065493,-0.003603563310839338,-2.9289104409052405e-05,-0.00010324559783015359,0.001158964642575738,5.622363758023755e-07,4365.0
0.00042480382551171646,-0.003418856593788305,-2.9174220919548235e-05,-0.00010586214032563505,0.0011745365089843322,8.958468942935492e-07,4365.158308224559
0.00023172343433906138,-0.0014846716704608218,-2.3346496451403116e-05,-0.0001323420675329636,0.0011848036751981358,6.70799324721699e-06,4366.741390470147
-9.176714988696973e-06,0.000605354178915044,-9.15325248430549e-06,-0.00011594869479931751,0.000993921507236155,7.498312914055337e-06,4368.66007332704
-0.0001540810351961528,0.0018479970105131905,6.376908193177666e-07,-0.00010017578284054489,0.000860885348858079,7.064078419633937e-06,4370.0
-0.0001540810351961528,0.0018479970105131905,6.376908193177666e-07,-0.00010017578284054489,0.000860885348858079,7.064078419633937e-06,4370.0
-0.0001692316893702686,0.0019782506445962045,1.7109551801776498e-06,-9.833137815292104e-05,0.0008457340468448537,6.997686811084704e-06,4370.152645212533
-0.00030515184974191543,0.003153592534793267,1.1819808474225626e-05,-7.972799151376072e-05,0.0006942330796997077,6.215437398167957e-06,4371.679097337859
-0.0005031400143858946,0.0049117099622941595,2.9008281048854132e-05,-3.9763654053767355e-05,0.00036455380690043047,4.058335817389168e-06,4375.0
-0.0005031400143858946,0.0049117099622941595,2.9008281048854132e-05,-3.9763654053767355e-05,0.00036455380690043047,4.058335817389168e-06,4375.0
-0.0005105822094489985,0.004980096699970521,2.9776838170156146e-05,-3.750085836054348e-05,0.0003454223606069561,3.920468935549626e-06,4375.192645124114
-0.0005613226271877964,0.005461222991352913,3.5962177147961074e-05,-1.5315400846834602e-05,0.00015405661490745662,2.4843849341269114e-06,4377.119096365257
-0.0005595598474114343,0.005492606678417242,3.982886656443423e-05,1.6186429049776888e-05,-0.0001323077676674755,1.6876146346143607e-07,4380.0
-0.0005595598474114343,0.005492606678417242,3.982886656443423e-05,1.6186429049776888e-05,-0.0001323077676674755,1.6876146346143607e-07,4380.0
-0.0005561838361449418,0.005464756426085684,3.984586233861852e-05,1.8251895829464207e-05,-0.00015180392607467771,4.47878972349597e-09,4380.196051557809
-0.0005005432541051483,0.004975989094431253,3.821211656114376e-05,3.833496990727521e-05,-0.00034682510626830485,-1.6857621094941907e-06,4382.156567135903
-0.0003522681650913575,0.00358746832613069,2.9734229441567654e-05,6.558952137700302e-05,-0.0006298617737644423,-4.321385262426057e-06,4385.0
-0.0003522681650913575,0.00358746832613069,2.9734229441567654e-05,6.558952137700302e-05,-0.0006298617737644423,-4.321385262426057e-06,4385.0
-0.00034060525482009765,0.003475292781314403,2.8959974941084744e-05,6.720141904633494e-05,-0.0006473535771223503,-4.494448316121005e-06,4385.175656447641
-0.00020865741703690827,0.002184524516468127,1.946486706579481e-05,8.293013512201549e-05,-0.0008223055987365285,-6.3826079293219885e-06,4386.93222092405
-2.679613738861949e-05,0.0003620336010906656,2.9046579884272646e-06,7.963823762600854e-05,-0.000813353001586269,-8.134206308294548e-06,4389.029063737185
4.4859285793805395e-05,-0.00038087708194199427,-4.45410312848064e-06,6.802482236759579e-05,-0.0007169374216309372,-7.0306376293497044e-06,4390.0
4.4859285793805395e-05,-0.00038087708194199427,-4.45410312848064e-06,6.802482236759579e-05,-0.0007169374216309372,-7.0306376293497044e-06,4390.0
5.414184723332995e-05,-0.00047894319768660977,-5.414426626369128e-06,6.640306345058289e-05,-0.0007032198570885919,-6.876506853061342e-06,4390.138105979646
0.00013484708625564965,-0.001355386116421337,-1.3859682089572809e-05,5.059550727121215e-05,-0.0005659989361678352,-5.36058503679018e-06,4391.519165776104
0.0002460357174565433,-0.002723137883062745,-2.607674698561149e-05,1.4099862146375065e-05,-0.0002197944506027671,-1.6930608926387712e-06,4395.0
0.0002460357174565433,-0.002723137883062745,-2.607674698561149e-05,1.4099862146375065e-05,-0.0002197944506027671,-1.6930608926387712e-06,4395.0
0.00024856116319677446,-0.0027634718581906457,-2.638272481266736e-05,1.2231253599043653e-05,-0.00020069968069112584,-1.4969660441740558e-06,4395.191840735104
0.00025467328750780724,-0.0029652838999955776,-2.7399738653329426e-05,-5.595154029033448e-06,-9.671256714047585e-06,4.2393763652143774e-07,4397.110248086145
0.00020334606478729172,-0.0025771414444603867,-2.219609263073951e-05,-2.9232184201084233e-05,0.0002783637784204078,3.1294760088477627e-06,4400.0
0.00020334606478729172,-0.0025771414444603867,-2.219609263073951e-05,-2.9232184201084233e-05,0.0002783637784204078,3.1294760088477627e-06,4400.0
0.00019772467990409476,-0.0025230916197026866,-2.1592790292923126e-05,-3.061460017587794e-05,0.00029710013903429066,3.2934962240082723e-06,4400.1878479248135
0.00012812656550740745,-0.001788947645412062,-1.396115381827746e-05,-4.2977136596263426e-05,0.0004845735772507516,4.768502039378265e-06,4402.066327172948
-3.158035587279474e-06,-9.9312036531898e-05,3.8787964456400153e-07,-3.719196299372465e-05,0.0005086620320163351,4.2158928813997975e-06,4405.0
-3.158035587279474e-06,-9.9312036531898e-05,3.8787964456400153e-07,-3.719196299372465e-05,0.0005086620320163351,4.2158928813997975e-06,4405.0
-8.318200766991113e-06,-2.8409584406159755e-05,9.731474167912176e-07,-3.5826158443113256e-05,0.0004945915405367438,4.0658995448220035e-06,4405.14134499068
-4.971611902385553e-05,0.000571194823713457,5.708324035617559e-06,-2.2974422430607845e-05,0.00035381606255806714,2.6574989640968654e-06,4406.5547948974845
-8.135488972870462e-05,0.0011985572546717844,9.515051380987638e-06,3.527902348903221e-06,1.0296606419960116e-05,-3.6360262978163216e-07,4410.0
-8.135488972870462e-05,0.0011985572546717844,9.515051380987638e-06,3.527902348903221e-06,1.0296606419960116e-05,-3.6360262978163216e-07,4410.0
-8.05498711477737e-05,0.0011986873676818404,9.430087362443485e-06,4.816590646494188e-06,-8.947561698395506e-06,-5.171670549599128e-07,4410.192860840618
-5.97267226932257e-05,0.0009958006111027897,7.0378487649922585e-06,1.6319209044189633e-05,-0.00020147793422733827,-1.913708559651537e-06,4412.121469246797
-3.4120153089309775e-05,0.0006403396766380896,4.0341344002403646e-06,2.103029863326758e-05,-0.00032457431857562747,-2.4336979950217943e-06,4413.448859159773
-1.0954861804046099e-05,0.00024589916862995554,1.4108252384572627e-06,1.3063366526016283e-05,-0.00023919344558715467,-1.4606216917345038e-06,4414.776249072749
-8.200219318027838e-06,0.0001948770462361819,1.1017806414766036e-06,1.1568172096382075e-05,-0.00021686774658248326,-1.3027248539687212e-06,4415.0
-8.200219318027838e-06,0.0001948770462361819,1.1017806414766036e-06,1.1568172096382075e-05,-0.00021686774658248326,-1.3027248539687212e-06,4415.0
-6.352000243205952e-06,0.00015991596611965658,8.930172002914529e-07,1.0481144012539192e-05,-0.00020013486892667836,-1.1877579358823524e-06,4415.167677878818
2.868607206772859e-06,-3.533416819523122e-05,-2.023886446208068e-07,9.400528047569637e-07,-3.4596263595250654e-05,-1.601443123940164e-07,4416.844456666996
1.753693801080174e-06,-3.151344342096447e-05,-1.5692182569295488e-07,-1.0900880057615838e-06,1.520312537329204e-05,6.814482511671702e-08,4418.388215874709
4.5744029736190014e-07,-1.0445669327318162e-05,-5.385976122147965e-08,-4.998487708916462e-07,9.367262898694707e-06,4.539645285733524e-08,4419.9319750824225
4.243582236761165e-07,-9.822429721081637e-06,-5.08373045698581e-08,-4.72939221971331e-07,8.957762808552701e-06,4.347146055898187e-08,4420.0
4.243582236761165e-07,-9.822429721081637e-06,-5.08373045698581e-08,-4.72939221971331e-07,8.957762808552701e-06,4.347146055898187e-08,4420.0
2.98704339196203e-07,-7.387024399559434e-06,-3.898309465500405e-08,-3.644730958148206e-07,7.245537975774937e-06,3.538460551704485e-08,4420.301163738665
-7.015218699667383e-08,8.190057836678546e-07,4.1030535367826e-09,5.1514053849720266e-08,-3.748676108452199e-07,-3.829932098330169e-09,4422.755965405503
